118.85228776758129	381.45765124065286
392.59826528283594	317.8062120118335
146.2041826838376	92.10037800329995
318.1406440360176	361.1089628901369
64.2836827542612	135.93317612144426
253.77671722828106	244.8841949781471
118.80023410803646	14.681782679969247
299.9044519189315	356.625397357986
232.02741129101625	143.08778554598769
208.103864086925	217.61148472184766
316.8009362967766	342.5913382781386
342.1550625221236	39.032816587880525
367.3193807493818	184.08106995291706
242.75808973606246	296.4027427255859
118.34303926342966	54.63890278408971
292.97918155014025	92.87165381094547
361.57464367589205	416.89050383012324
360.65205300934144	289.73870370899454
181.76088272253998	283.2141021415464
0.004204154374031845	124.95431036132645
137.9016924909577	218.78771830716286
179.3664771165561	141.641029188583
67.49792232658154	235.7652441528905
78.99025250495285	36.29555506155665
168.5382657995019	373.1378232820096
21.669808166078376	386.62120649247976
86.44996981744247	206.1928178645276
418.1184378563897	291.4219227745726
415.0676950492974	409.78889214112354
255.9316312524416	165.77554045735548
14.714717894199577	151.82544689723758
338.55422298103065	342.4361246478296
335.1980360806116	254.97980137568555
91.10384849591088	11.566288290647726
58.106948709903214	406.2486063532497
330.43589634169797	413.5348686688167
319.20589552147095	239.70052091282503
41.860347710774775	415.92925981475497
81.6156195778112	143.11029795047892
57.34167197823567	219.3086634645303
384.3392994695396	187.9217053401926
21.060622371301488	290.98772073315604
225.67964500855078	301.2047409893263
217.19573728758056	414.87031247645245
208.49596700151088	60.05194580255299
418.23641123533787	26.638546690504793
364.1172684691216	89.77256768937671
194.34870958614027	95.21827511569582
362.6403309174529	332.4018597727471
281.0936895948459	50.13037891916352
30.866365592035514	222.10425751692583
74.42866718182786	302.8503287053512
244.67808089784543	223.21050016199774
194.00164910444514	370.2511339818808
218.2824243376369	393.9613063224758
396.45447168726827	256.78083312257183
269.1125727154085	412.8914564871544
109.03912336925255	278.8662535421538
33.87791593542258	241.95242365779967
393.5262173148797	166.49706171040654
60.751926079639595	79.72094886892414
95.27405842614156	165.8233443686078
208.29307098812313	198.78388568112842
262.00682589490765	309.58473729554066
14.590019184365348	405.718846312228
39.570778772324054	302.1498174603831
331.17143316688373	275.24461228579094
32.66741431450566	29.179486586086586
1.9452400339623557	325.2259340940029
395.2686341683534	390.6218940081997
16.31614690225424	30.614811706472395
287.5085102833075	254.66660102897794
222.76438717459285	375.0057914432477
86.5710303628333	408.1499006577023
72.68284621060073	2.68147868485571
237.89050030981684	113.2745226197224
144.74025755056118	278.18166456289686
2.2896489237512943	275.3221496442321
348.8818423786277	121.26152709442137
24.157671224150185	308.7119930595772
321.37785185793683	138.9545003148992
288.1996208172538	380.92889537815864
231.47848635219827	87.81228678022163
314.7276066625665	270.7684487808024
158.41780228577917	125.90558982623357
55.339046347598746	251.81800014973172
353.25777023060135	248.04098593394346
87.45989785344298	344.74614946532756
272.42523148936306	160.35337958208595
346.4009594654575	326.1469688541115
393.1791902227084	39.30845955049913
165.76010096509057	243.39557842660622
53.42410108181588	269.24230552064904
268.41739095937567	363.7760452014419
389.9005118683567	114.33608335434648
9.736604000548502	194.79699040430407
104.47704760347068	23.310662789550655
174.41013808589472	299.2336003048672
113.96414141493143	346.54699657268884
13.709211051534787	170.4003302767384
394.239749541064	5.834291046310847
335.8495011470523	385.66226525838914
378.59233073161795	132.15524771619266
34.845749657786826	154.32637463230097
0.5052708904573722	237.852733716346
57.74439672096355	300.17431158797064
194.90888160284942	227.58969262311263
219.48106034618834	74.75185393283665
172.49945341669354	193.28106742405672
25.72117485926011	9.360874144510122
198.71496897035374	251.68266380712905
285.19200775941437	227.88690658099858
63.228086132370855	375.2921140936992
346.87343109936654	73.57989944142467
219.02499587274588	171.42767552259554
368.60764109363765	394.7711511820797
363.55896764877264	272.67501730526334
188.34974052980735	157.50670399539845
404.10843929636076	274.4063384088979
283.026426449026	144.83828958898093
75.28531710416368	219.35529792544585
85.13050658143862	363.23943025306914
375.45881630462515	225.45284673114716
165.17688432462086	159.89399054459395
103.60858391659724	258.4151216820553
241.7930203531351	156.1309008429652
48.08413128014783	340.34861547009785
407.851475099072	336.2919498954859
31.027544234179526	180.5314807852402
377.7637623297756	32.34744870158488
148.96542471364845	64.7185142156191
214.8914095108022	327.8032415655463
346.56511847970995	401.76107544893523
238.66586209587862	179.16005109139155
67.50747181611139	176.3858214436896
276.5258603910701	320.92985838326996
142.53251732522148	177.42497711667266
211.03818614272987	151.09416934745482
31.728114742962187	337.29061120260513
381.33401852340995	264.87776576959925
266.90173514647284	141.32354195291603
219.70483516143779	269.235726364581
192.8078554468668	207.10215731109304
256.14485176765567	2.705439098826822
353.50353941552237	308.37076515944386
125.1921166861121	207.2637891933422
48.88351057159292	165.07168123499048
364.82571506965866	117.90983257029811
13.423327615442089	75.13708828893135
72.06048166657307	58.49183878007684
99.92339407723381	188.349099653478
20.18866808443699	324.74176592283584
399.4385098989405	72.05760214600772
418.6012270384735	176.45343178648315
289.28584787339037	283.52425517720565
154.52232403158405	48.29325222888574
292.47340213399764	75.68658098471977
397.73646044454335	99.21586702834381
273.96861826733965	267.89757806740346
269.0002398740821	346.5110616178172
0.8792515576735733	386.4775079128699
139.58116972303915	293.72197403840704
173.20557859775306	119.40690276978893
88.27030201026534	388.1170809509009
140.05301607773794	408.48793368607886
361.5536707972076	167.02681099655845
213.401524050934	25.06649025541364
130.80971439062733	346.7142172654154
401.2227374278333	184.52249597892387
286.3653431413929	208.08849055570036
176.55678431449215	210.2281557285052
35.17048601502482	399.0338751457357
313.5589864445115	409.1142927662257
35.448160947400005	131.55534806169808
257.7826229460329	108.82290976931445
338.32352595516005	359.66837483578746
78.04787178583862	76.22963738049818
161.45758676606118	78.91382087481546
357.4701649769941	45.75884092938984
37.73359475072228	321.2869177405349
385.0084275670958	244.7057358777207
67.19997597798654	21.820565560321675
199.3407498200413	37.93999987723188
308.3578687903013	21.74747454593992
326.1567206677183	35.618978590254784
181.83347056529632	239.34298380077425
382.335424648258	409.2845788779309
418.8222797778803	146.54501088999265
119.38188834745759	253.70510467857773
92.44026017277254	122.36922973672517
35.95113459711755	109.27695514203289
75.62865150760666	123.94734640662512
69.44695919428085	357.04727495421605
294.00243858304447	39.73764270408359
237.10171723484328	388.47331951481846
244.71517569968893	404.3081461932839
162.4602415809955	176.71508824822652
368.80061010172705	242.4994939353226
360.9609193710907	206.81945711195033
343.5169127017411	205.58568902425543
194.48978244192983	3.750406416233861
167.5701359312321	342.2154598517123
198.53464684702803	319.53339505045585
360.3355673598201	29.52305419801582
90.18865874676109	277.0027234808225
273.8539597746259	241.15146022458651
106.56696275053257	411.49917742351033
255.80523474868454	125.91068142885759
288.99455034422266	184.21959933056553
181.08616063856627	74.91992387697941
358.8501095422232	378.83204069054295
15.786297869672836	216.10668296181578
25.65557547732647	354.63638844187966
265.6359327372528	45.43209148629173
346.13550731257754	281.6998050640465
15.351418425259101	135.35684593164135
14.633487368954368	56.544015937125074
274.22650131276646	177.25310000888956
31.64241148094816	258.94783307301304
51.44434164317017	61.1414135967515
398.873383139611	407.555888626929
110.08552973129189	297.8323704787708
341.74171833986674	97.83363877874537
112.88828968216772	328.0033820238239
51.936266262527404	387.44531490540703
262.5839860235072	28.350014804764616
373.4928333595919	153.56716815110647
186.0560964997766	25.76727372120209
403.068577964436	299.2419534855943
86.37466986843395	256.57261771564816
97.715863035367	373.9018882259935
50.96826074400825	145.92795725238423
147.62415154468025	5.380880014825359
16.79011100320614	233.28642698065684
7.869032030170576	109.58288479661154
230.22852448260957	319.7604623512816
305.2453933148283	312.6406287879233
279.74639776559366	25.970052137021252
318.15164716135786	325.0462106485006
385.5545074985301	300.82081780275496
230.0912221714768	216.33597907043475
296.52392506107685	131.62905168499188
111.02338468938477	155.45925457986965
106.66926520896027	393.93841581966683
305.228776890645	145.98714392116455
203.02441859843483	275.3375077784489
109.43733616081367	173.77814663315982
67.23447666394487	152.03076870381372
122.46977733792333	224.10735252415003
138.75220604185787	193.75874189484136
344.081904174066	153.82946932599745
370.39743503628256	365.16768645441687
56.725348584692895	99.35562970679422
179.8002707344989	262.3272263227373
130.39220997588842	269.6910454023814
276.2803392458851	93.56205933339378
45.865835355876115	286.5279845101867
151.10075701739567	140.7312743277751
294.7370499149993	403.86626289865876
11.558169247688818	253.98223166296924
252.22416587722793	188.24823788400815
343.954440545189	21.518928118854063
255.6657478912598	336.6221463407942
182.36099580565258	329.4902282042349
395.2696906164267	349.7622240804534
108.28414602397926	234.84916525285684
299.09175611857034	243.3234865280046
311.99284495542827	81.34355602594196
358.7801577626276	353.1652751105354
119.10677412166478	101.19440169438657
412.6393820350683	254.49954099836654
159.52634920308955	31.693656777940596
255.3802945816575	392.148739009235
409.37925733982684	369.94154533934284
154.96966179651366	354.00521439938484
136.22017123615458	106.38183275444118
302.598654104698	372.5249203655391
203.07921418212106	165.5446291475595
192.4738280694164	302.7705218588705
332.27048825852296	58.081794949144914
109.39221212678724	117.88274926896229
41.86144917520279	14.22996062027954
32.59754543515186	64.0012911905416
377.49705253296037	169.96252791621637
38.04721475787135	378.95569510843126
10.500866627965099	339.0521853890242
212.4702746786839	235.37691419819532
246.55916850726314	95.8151053027337
378.648953262611	350.06893069058367
316.03959241788107	54.39557674258416
18.859968439806565	270.22641196662147
95.8321561350979	318.0608070342212
325.40446843805955	223.4972159770713
254.76346499119762	77.19812069801517
308.23538947349067	393.69081849404654
176.75885660851466	10.137974054906278
290.6551510987743	166.78705722712687
61.967995474368834	40.56866190635987
347.9135551445397	265.6000574589247
408.90615256613864	314.8827037638281
25.604129130002946	44.682735805045894
399.2182270045062	150.42232914815546
201.94836987483427	112.05903102692044
296.1602487367958	268.2770073153958
246.28697644510999	315.8541689974749
377.1705147319493	9.812493246127268
94.55314012146303	225.71630934612702
118.18749671750523	138.20914547632648
149.57319705660657	248.07243815371723
326.55225594018316	107.21252923647462
139.26842184379967	160.38527766069592
380.37727848404035	281.38780872526695
376.1852816571799	322.6247468317406
200.1121149294037	405.707221111046
417.6302712129919	220.19137130841193
54.90899223672949	324.94597294361944
327.00059682880766	309.45539073822744
123.63874214666473	406.8858483864444
144.02795765402527	390.66523653523745
210.7529518719139	93.42199799181445
412.7798491725789	200.51859029430778
219.97330482623636	121.4393750298318
131.8923242520084	40.83581535964335
240.5305045935319	11.45839447213103
271.761970268379	117.93194487710862
156.71869959543437	315.71177625113614
151.09419720397256	230.57743958211674
261.4195478481828	62.2738257461231
376.991808926396	101.4822024879686
51.66828917868984	201.3003774152779
49.46239153711112	360.99510692805376
370.0808566858409	306.217613725736
155.0676637802767	194.13070312264503
70.00569540094178	264.5844965433794
402.7152942285881	21.253579366080896
99.59108273919063	355.72430734225827
96.11822687048439	46.81850840094281
191.53102043180886	190.8088453466694
85.66170426768967	240.2339696386933
5.086554281832173	357.44607755497924
183.80481753546553	395.1271603852804
183.56094610325536	174.63083994616886
191.7030275716477	127.53806691267779
303.32303299641165	226.75148138463024
288.14683300670873	299.7917537336633
127.3578889428521	311.88528456414804
303.3061067272069	105.90097539793517
49.85469949672614	28.473255607912204
214.77008024819227	286.7615138536995
73.6468935390863	325.61296960965245
388.52169756474086	370.8123891620297
192.6641818508138	345.05727535854436
419.0016308618206	85.11682910798055
256.6968459020021	264.65864509358283
248.64741953235404	206.70136897987413
93.67568275059752	71.87574865256302
356.5265355434584	136.1244505096019
165.46371279054466	62.78706976039395
131.7840131154575	71.07347439447639
309.2575784629572	185.21415331543471
288.2035334393764	117.57846240924849
337.35807136858875	296.34333367979457
175.475796332792	90.50375937918483
35.31881940654475	199.49610285148492
340.8308626458473	185.22920797248423
107.17558864478103	208.88438896657175
270.16331950782245	380.5555834028954
310.94142539257643	211.77452450976347
99.58574235884254	137.3996651438631
299.95890773815154	60.3747124538955
362.18947680686216	68.47871936768452
153.90786817420187	213.17030524889304
223.99157657671086	45.24689947776532
161.77561144596268	275.4170989098408
328.51603843247347	16.60199214449179
231.90802566612322	240.2600690081754
272.2918462920972	76.7787670676725
128.97162097923683	240.49852281718202
284.97404970177536	418.36662208232576
232.2628040808515	29.90997655015436
82.8881220276194	109.20906691554192
84.3640386833441	179.98247740763202
214.75752479003845	253.32084387823252
125.9078992572676	365.84355816036157
250.33534981895343	141.95482302835
328.4068269952348	199.79300325824175
244.43947630934352	359.4121935934055
55.863296728657524	5.045859298034621
235.43438607911568	277.30174425625506
207.6042517024707	134.74913163514856
175.85829358010088	49.09798734764737
110.65472702167756	74.9518302700285
50.89030795397012	235.8664752336884
234.31039431917577	57.88771730422534
233.36655760130455	338.29938624858113
138.5954642785751	25.723712500503243
310.2150041879509	122.50527854869348
52.66103323834576	115.49469470292581
70.91128542462398	194.33413970235355
66.92827111464781	283.5084684172605
42.006045273228075	77.34429695101103
216.01727979633347	358.4583488959207
417.34811679284434	9.060288845539151
406.7766831134908	115.63450608226914
354.1164485572099	228.64030192575373
394.55528903614055	205.120692519255
390.27069554626047	58.25379447290546
126.44462382407713	182.8697958777193
188.35394414182227	60.30204145854919
79.72264043441824	93.37348581024271
399.5707717207388	133.74126304402162
12.325555696533222	371.85821750103065
1.2678752405749687	42.9499103273742
197.55777250050926	77.3085156109303
378.45872901179393	208.52417895386546
311.1382915047518	254.98672504968633
6.117908540591677	307.66422381988167
398.7719764545661	222.0176836304792
