288.8807933995515	337.05673448379963
188.4812831663147	383.84753589291523
61.676972795997656	407.021288201142
266.3117352940661	327.13592864310436
267.10252698240066	273.28577079304665
110.81209426441006	274.9351170501291
254.65617196573962	286.5392043322143
342.06174485363704	11.855331234558692
161.832718140284	6.432933888844274
392.4985851842352	73.79905008769411
67.32723421147045	109.05401273469825
215.57516079529162	302.70168297000413
311.6400699979185	288.05005483270196
0.28889457966107024	239.25063328118992
222.97428615319814	104.86860349721246
173.76283258490778	315.5997853398404
276.31581244703517	5.2992352016478
375.28668236526795	404.29701567702614
102.58084757751078	321.0516646425354
295.42030856876227	132.85301269306947
190.5478015560822	359.87832758720623
307.5471444762361	331.0277155081665
195.59817908950856	295.2394189171449
14.978878388874957	323.2112772832139
241.24229782931255	104.50735916509942
283.21032565410354	406.2632198422652
303.8921974191574	191.1378328558607
403.94863021386567	380.6472815359302
74.30100591070112	393.3062065146926
3.056465654869789	84.86121800247034
230.50780841091574	316.39479043115034
68.97669023444828	375.37926019016777
41.97034946976712	401.5516661061059
89.70767600549401	68.67768378461062
86.49381283448477	18.574739206989424
322.9206128208801	348.3941987080699
12.333071700790333	16.199791329223203
266.039074963223	136.7283839395389
245.07337356549127	227.7947792504675
181.69276578183275	258.3509140710011
350.3714358434337	185.92428505340607
160.0291782417092	161.7224792524226
414.88197379738557	8.802438053117468
59.47354547692136	141.34483722930514
206.74192853406456	40.081237790151
183.0934900981481	335.26428146860326
283.3938749624321	243.4657860687781
254.0659943264905	307.53779708882826
120.97500065378989	83.81183294822826
75.97705163189592	245.95612688086416
328.9572960370302	385.93819321612557
172.85304156217725	235.5434293222802
62.6918956361598	85.32715210387187
273.14264555400337	170.52168495395986
399.7874846284264	321.69339864823434
1.589992927522682	170.4059362296504
377.8036637490161	138.0801555165188
148.21014165176072	75.24607114827475
366.29615434443195	381.300710793804
168.61305563590471	43.540021990721684
111.81405170535807	223.19942094845752
391.26216864905143	122.60859584456217
61.19821463018476	214.98869188185174
94.54295782238613	207.99892403497117
43.75600346586245	84.98124753062791
0.12856925955910747	151.55037589404952
24.468494562266216	192.8086214560028
82.55365277772142	224.35385303524552
264.2827234031645	106.18230686168916
142.91681630319485	94.86334910047653
149.8439371283651	203.7975927725931
241.69807900552897	246.74304739137506
186.59611976233512	53.21156315568983
353.4166526050743	326.65972859578505
229.00907216081674	148.60724079520202
91.08528534095137	169.2360542279905
106.49359034463103	339.179657226267
91.94810869798157	282.5845442959111
189.04332823823177	82.68277157096976
246.59940807208477	327.53328212851653
389.21357693645894	179.3316135775947
8.414677496942337	413.7115121954392
33.35075214749824	322.79050120410835
230.41322561333016	394.8438790803054
211.88303717107735	158.30418410201645
399.7722123690299	19.092714896002203
125.04556880802238	351.8305669826232
21.65511959137612	91.9296912627487
367.18808871722024	311.81262429720306
34.71780255499747	257.4631206519045
342.4393102543377	165.11652191001858
138.7420747714343	122.83424523073508
167.28619568087294	90.90552992145928
218.62707591572317	243.57033083620146
355.17289367385933	220.43868253040853
356.5603919572984	397.3254696737092
78.39289378756553	267.41567004677114
117.6254696411461	193.26432314022452
55.76997104741787	297.6273167365851
398.1796449294776	273.02995598900964
325.473323098907	198.91968597850968
319.32618178270053	28.062442352315134
415.97552476687713	268.8155504472769
109.38764253147134	67.23332757860084
106.30579309108204	22.444477227834124
167.16873298900194	274.41876931970427
58.87447850816552	43.80515221596851
242.29508824477213	84.47492826299117
235.47058399623907	298.6088457357136
220.7618032721041	84.89564413451923
177.13339031822557	146.5358011546125
372.87818052711214	108.75481878828673
181.9880191567112	9.250684381343985
362.62860445596624	3.5609480387113237
387.985373827384	98.11252889244449
384.66639063262755	260.21107030072034
348.05238742530395	306.1413387754639
298.6719674612556	40.26871501221566
87.91390955741545	125.9197202656088
281.5840041451708	223.99626828728353
223.60139146666643	197.55457722471598
55.15931583069889	320.7370513795346
235.31923983051394	24.422614140470316
74.12105108713513	195.52186223102905
402.1830687595824	227.86376503456978
190.0910559451677	190.45002986592888
334.66105405350186	126.88764299403628
350.3836763457939	46.61681653306495
298.9988663661152	66.3900571742395
49.84734528101723	200.42593543490557
345.9524391410567	377.51531801700656
149.54818908535427	279.2817525376498
369.6126186240442	182.79666207668205
86.71081121685823	336.0269834002776
380.319909960292	18.518986147713886
390.12967608097085	1.8607325290166679
142.38421683158475	28.451391792833025
306.7945327937714	255.83002477118623
291.591142456697	317.601516000726
298.5493714165765	209.28139931105991
299.40888466579213	272.8894329161175
283.7580694582947	285.66589701438767
228.3718881277286	260.22416070227035
262.73039534704384	232.85255120660364
385.49235195482646	310.16165765540615
414.11297182108393	308.4437911879482
336.8168144735085	146.12569993874425
30.055549063834317	117.40540758626032
127.97071158666965	281.2360782255102
171.57487682116718	366.35427791404885
353.7935489538877	66.32716316656797
120.80591291661506	405.8413209652199
171.18569178127257	125.91751283317095
190.4141964835008	123.04208532333315
274.19587997166826	303.8626794074316
418.55390140292207	128.78493810753312
38.80966130723811	276.1908566527644
88.82292103960609	377.59610929343137
171.1554056939505	185.01985269903946
102.43171229327913	400.87341540108196
286.94085689661415	80.30837517742056
261.56779459793233	87.25255557597596
170.87202976104115	69.85444470324614
261.9824610477994	154.72305085829805
245.1666957034413	140.15624211010262
321.30020412976137	368.27665542945704
3.556265545694129	286.17263768669926
263.10164593810697	412.02577299657685
280.5110249168056	57.42215403110015
175.9713196410107	203.48389213183472
226.17385293931412	412.8437037263872
396.9298021641823	54.62735336041039
131.69627386973752	369.59360827181445
95.1328218561822	238.7720334385171
323.17047732194237	90.67761066402548
142.76112388445088	344.5736623962052
393.4207702439282	397.9989116255025
85.89962924162018	40.704106383076365
214.35300809229904	136.82768675171715
28.699817951190735	215.06918676699178
340.6601504501912	30.594329682530457
336.147884946423	216.0407046735474
206.47032539725168	374.52349869142523
71.65084800268798	7.668306131275836
281.9890761543026	147.30349236934796
206.89711199492427	225.40024261683257
73.50442819190711	59.046725318069946
227.79133174622697	60.20898792858978
346.02963102171515	91.42966092574608
160.78706880317546	110.30105194545602
330.53485443185303	108.6560678025332
208.46014205479426	117.49080774569231
115.41911878183332	302.47974422462954
161.90712539536122	25.549467838916804
378.6295312613536	54.549003403129674
410.7113086026839	336.23917606940427
97.90671625367713	189.92295530346516
319.9795184606403	270.72184937789916
331.2117153021069	299.2698452672645
310.8769178132878	236.99510878314913
41.09071233395156	229.68123048251059
291.4080610478522	166.72226668974344
100.45231263351796	0.5969686073098124
259.5912337873765	252.77924280737378
132.13776652537842	49.67843445318776
115.48500386731367	155.05907662064212
239.74798315780717	206.8172214230663
146.67551612294983	261.2882399293496
204.82746884166895	71.78686707356434
33.62552384107998	62.96789512924757
362.77846247688274	200.80285552418061
288.675906705849	24.489912256776194
18.151988119470804	273.4905135101109
130.59199821532056	14.037737279465514
186.74811600735922	34.93899275458494
249.1110211293147	400.127236041642
350.48627700420934	267.2340808224631
22.1338831254133	134.50202940547356
33.969567882288665	17.158280961002898
195.25005082265542	142.99551374977247
233.8967332703742	122.8241112643003
188.54045095841764	410.7983273350289
197.2561363872573	171.13054668821985
115.08430943166132	242.41746364564216
61.269693216809664	234.59643296333095
283.5812518393294	263.7516091806978
76.46036851756772	355.6827275073212
404.10656515863343	163.2218844940812
381.78640632944985	196.63127559737327
282.1145462184087	99.86888126977317
130.89398183809223	68.30160379281729
57.27794283321433	356.6404343930912
152.84271442316052	308.5111870721376
26.415847063876008	290.28695262838926
92.37698632153524	148.15835163687214
130.11212839105573	228.24318228135024
336.2042312620272	73.74012967326065
55.484393066021106	63.14987080986398
210.4387743551996	394.73403044762813
32.07402678381933	384.8562181927595
206.2451830653182	274.44174756088853
395.92538392772946	358.71957284274697
376.28881632797385	361.7028488214145
105.14685531664998	120.10581801659845
286.351206337328	387.0486950587233
279.10866627411025	119.00327412559017
329.6570585183389	320.84452740640745
109.70602762967883	175.68526623687336
312.793152074338	52.85395385914031
187.36721150028706	223.5417305574252
410.8645381061322	69.16023396277951
217.5960737350042	11.879183715564643
90.4063627449748	304.35783110555514
369.0359315706602	343.88823912256737
260.7226436016382	205.41889004961078
81.91517533873117	86.653246574621
224.95149692702103	41.33871827590665
249.42661374376627	65.8312079980689
203.6406937428022	255.71296056852873
380.2512882069221	156.5177608578717
318.05112102255725	71.34183627848263
324.5075009800345	160.08204062761084
305.7422823244854	155.30567735345412
124.50260398802013	387.04734241120707
52.83761792583917	251.9449281969956
412.25178378524987	401.5623469273076
367.3301685534211	39.18795368330715
269.36900123618403	368.7507903962707
193.4213790281129	315.2085121955579
19.31087028566246	398.4858471554792
312.0891314099499	114.55100960462627
334.66627291676974	253.52277148312544
210.728861210124	321.9980884638385
125.45302491532811	209.67665720555155
262.621341947287	186.66533774639052
304.4066285137182	355.3169351629814
321.89156397639226	402.9332912621101
416.34840559289063	45.747443371059035
203.05189918357885	203.19635592908435
10.553550566483457	204.92775595914827
366.5556763794011	251.86259520948056
412.08638663817175	204.0674131268658
137.31438324352735	298.5705729599883
202.44262272515513	22.065467656300275
150.68051551827298	384.609425671544
45.76457522982568	181.83612040827657
35.02013995545928	357.2411486143521
42.81881149425348	150.09248365471586
24.376319517794972	155.43650311276429
140.86602497271986	146.6524242718333
394.25922755442974	210.33807419267794
21.477886998970646	239.9947587378004
338.2510657873992	281.74204225032275
384.60019281536796	378.7058712701216
109.78431344864221	47.650406914514164
405.27189257315706	110.0732999457627
102.23782493744577	356.9589835925805
151.23194139724578	50.8589054993392
14.074037787984125	66.69364849430409
380.7769913864275	288.78284082411926
85.15567668751684	409.1121971213971
157.7671265347523	139.34323047627404
357.5714992093777	23.21352608538926
252.0009781912769	380.51311637163485
123.06988604085497	33.620965479249975
201.3701649545083	340.39990119749615
3.909604548028353	386.1326511413709
123.50794507136695	260.9034874360788
258.1251323610298	15.258715587576686
225.89524661215785	221.92159197521212
39.17296971898898	40.4250847593633
0.4290329649702403	220.94795453567815
358.0747860060626	361.9520336759174
331.48898383802697	181.39812593014102
150.0107944910893	181.48875900118605
8.45955646972119	108.34461344917598
161.9783951627833	329.5358210292156
4.604924399044296	347.9962871816715
107.11130071190885	381.4716462327946
56.524417058713055	163.3738018249928
311.55100384811715	173.2816408213035
184.96175900518006	104.2935215133298
160.5907709301161	406.05844091627773
297.03995327113194	300.001869577978
310.8338390993391	383.4903023576593
354.0040009332018	238.62551230752828
369.05275770681135	271.15665707752925
46.61990548354709	336.90762722806323
417.6972963283624	27.586032096826244
383.3610653531304	227.68319134291661
342.71596251493094	411.4733553396593
356.49222880729064	139.27894896688707
185.85546320671165	277.44261552971324
211.42041916292922	182.97854375977724
88.44471982900801	105.15046166129862
291.8578000750094	369.6255757316191
21.653534280807897	47.334059850594116
360.3321141866334	290.1250773265188
270.99614200232156	32.13661883819253
65.23877372558671	338.6485187616222
254.0616777433062	122.47396235622293
260.7151179619269	49.8627442297002
227.52579298301634	281.64740872133075
316.8780911466223	216.8478102183822
244.04732370141076	419.35628045580677
75.85796558612306	157.90812072219956
207.17633973062252	413.385888523473
362.1574505688968	163.27327616415386
114.34214425172783	102.43294544294054
71.11261031694983	30.034117202879102
142.46419629019888	419.98430475985356
298.03125451212327	419.1817230091296
25.26573510071473	341.07782072401045
401.58151045079745	252.1946176609341
242.43402939450343	162.90966826508347
278.5379007052641	352.63514315730316
313.1223319842795	309.335987300921
50.35812431783163	125.16718193563055
102.52056644195329	88.62709244761555
398.95671650991915	139.837671582527
286.31090736513755	185.928604694862
141.75768362427567	324.67055995247836
331.9806751303643	54.99819487058634
163.82765516473282	254.37407611290718
21.44456368747879	174.4041748502164
115.26992139913155	136.3284837959899
322.5503233842653	5.522922344420258
278.99763360285573	204.21468384633275
300.64333846209354	97.18031199323896
305.06778238274757	16.087261948903482
391.5483796312742	36.06918677890392
73.45069004205598	291.29959757801555
124.15811224083025	330.2610550606185
243.30636530992925	362.97268472120635
268.58003660145476	392.4413631980357
349.59421599460825	114.09860231261959
169.62887282351605	388.8677418946555
74.86888701133049	316.7898808248579
334.23165821355286	234.24625708235487
60.2008128592978	271.90264483352564
251.9302620876505	32.521778399514474
407.31170782014857	186.00523870572997
419.42565124717225	366.51442964019657
246.52508174391292	265.613226002623
167.38946762529557	347.01503222105146
12.384236708467059	304.1899849482888
96.70327190939513	258.54314372747376
167.2869381085535	293.52175403818626
12.107971001624707	255.6313719114144
204.61318935322376	97.57460114168407
142.0946748475723	401.79865006521004
50.28309563298384	381.1879971417059
237.10387116490259	345.2887907093109
399.1095076720551	295.4773219963105
178.84671412357986	165.9363212156711
212.02628554200948	355.8956668139839
28.433701673454188	415.6539139542249
38.49558387111514	304.31777118371383
242.19122685295895	49.04816951063069
319.1338026136188	139.30271661808092
404.36385609425395	89.99818442774159
341.55214416677387	350.61460977628406
387.9448805587655	340.20547133056607
364.27992866757455	91.82353966158881
373.8308161665772	74.28284459024944
48.949550683409	5.33837427734618
52.648692481977015	24.584454612170312
16.905636396494057	372.6817116235796
242.95031891634886	184.4278590475369
259.2456030208772	350.96369313628554
219.80189119498223	338.8226388652759
151.6513441301864	363.6553094699246
190.80998813790882	242.62605265595317
145.23777795450366	241.94987348478534
154.338607995072	221.79691196128857
135.28083149850517	164.43817766611394
227.05734032434916	374.8009538824953
301.37922436864386	399.61436761545605
