125.29343661498712	383.2071648106645
382.0187325226857	320.2288483826564
148.13847503396158	94.84136920454672
315.84381151139723	366.54943988698716
66.5269846135026	127.38298172530206
251.64297089422047	257.4623345662655
123.37530754267316	7.934319891313989
277.547976916096	362.8477234242103
232.22418049266116	139.93352287218357
218.181818435799	220.54837456122442
290.8571285381995	349.10932487155054
344.9823603535584	36.51157447148183
356.3286752610073	189.24213703288643
238.32936300225907	293.6627916167469
131.6257005917247	50.37221045879655
304.16155492206434	85.87999904521973
359.5523917335048	419.7834527710118
352.3755676963936	294.31099110764876
173.3110764236764	294.79999146457817
417.9406847736676	117.80570365434244
144.88617553050167	214.08524000423196
175.42946852104495	133.14756518652504
70.64270970601214	240.8667519157128
92.47230684980025	30.374082630578236
173.07837752691685	373.1198773913017
15.476566315084591	393.9237440087477
87.57283147215328	205.0408786571214
5.930003316359263	285.72764205912927
1.7340483806263554	419.9096097031369
253.5847122005759	167.52856254876852
4.650599001418088	139.01651030775002
329.2586447920357	353.134840521137
328.8850924222919	244.8730022874233
108.61686530579422	19.831631832589352
69.97710067097104	413.735862952911
331.155833231104	414.9673472517746
314.6890300575981	229.29294888729336
49.526084541222495	413.64153564965363
80.2119019528343	143.64419415936712
55.3836067833083	211.00711714302292
381.51280095806175	182.2831798714535
28.652301969864236	293.2808693919171
221.73182113646	306.98525510099995
215.7985806263623	2.6501929678868907
208.45533660605287	57.604603763899334
402.2669248637187	28.59769512364618
349.8886041792472	81.98397970797583
191.6688565230555	96.62134561616094
346.9475623039011	337.71121127166475
271.2373325041524	47.668705320883966
36.73941269391799	216.46142717769484
85.13369775025964	305.6164106585019
251.60631131867862	226.2928512823889
195.51730382861274	378.3139964409663
216.4938407253846	394.38695599726566
387.0270079570753	257.40748365900566
272.8447750348577	403.0434861613303
113.99151275073916	291.60005732223084
34.85736509081446	238.4688255059681
389.6787420872961	163.87546424208293
58.75082577269482	69.08385552955599
92.37522562443195	161.07659984086743
221.99966311864782	196.94705208927402
262.4879925962213	311.09894329100223
22.738983054798307	413.9439564667932
41.845115937914215	314.19950310927794
313.8326120825069	275.77918120815093
33.044491622683786	34.10953258734463
0.3685273906526492	325.23849048356135
385.8309827263238	389.9152511900027
13.13953891755872	36.76379308211539
282.67002747276456	250.78687836261227
216.63352392719372	375.16364883120934
89.22408186093453	408.99375255171583
86.09051289586594	12.416896968957534
238.35906726341372	108.74156938906805
155.33985240893725	284.91739998444757
6.429121139186946	264.6097093743993
347.654179022334	111.50334891844733
20.46715725182573	318.4819007509685
331.827900508986	126.37885145072521
282.9150917246127	384.6910609448233
231.2253942751242	90.66249352792389
313.91254677422313	295.1286600359273
148.74477605139006	113.81566850746142
59.383710987797585	257.64849367277736
355.9784070507004	250.74378155205054
95.48118795851414	352.76788280476603
276.1192930900316	161.09879860041966
327.6051664320634	334.0206069530532
401.3440903634066	47.57796510126557
156.36137279411219	247.3833579158335
51.37182560104058	275.3758313304512
258.0395524302088	365.3697870329019
382.8914439614889	117.74964214235446
12.16553107983605	177.3948272298245
125.16276540040775	29.266817627423457
163.9574894857704	312.7954211553759
126.30040486382231	347.0272196926863
13.57169031769018	156.1509291422618
401.6605792897447	9.49911801257728
325.482751122353	395.9240781210302
368.7122340659429	130.98783427151204
32.98949564728917	143.65984475778237
417.20948047444483	237.583344545529
62.869286345556134	309.23562471569613
194.24014705392304	233.5857938882622
221.36787476830767	73.25637274205933
185.69998049309837	195.131245599695
21.399887311133472	18.208627046058727
197.54134600638014	253.80794345789607
271.6646520309632	223.03758103951265
62.76928209219489	373.4192780627073
331.63355489857383	74.08879163824062
220.94613074757052	174.0246231342618
372.4693246884658	403.42352842630834
351.8003179348577	273.6472347149951
187.01497796682014	148.30931651549736
404.24577042312364	273.0067835191056
291.7387823421027	148.2872199169865
73.90925687615274	220.00156667289818
85.31282891047157	375.03789467786277
380.4251686363179	222.46525308460573
167.18217141624007	150.6947121975417
119.14591857152237	270.07015940465965
235.26228390012292	159.12261544057628
58.471491452862274	349.19029172405806
400.13154050789194	334.1221398019638
29.448134688176346	168.41031775506607
364.95754058422045	40.616711685654174
148.04913224977508	60.998532762415245
221.3809915926427	347.1451873058689
348.6520882944837	401.88379209879025
238.1840396941167	181.94676970623337
66.59381506043192	179.03432755743486
275.23492501003744	328.19083766548374
137.66820826506282	175.98774843888623
213.28270169777656	150.2050622024118
35.54323913136243	343.66645610698293
368.8892860664818	264.66653013073255
269.2044303848512	141.43625637485354
212.107700829768	268.4642399971186
204.51524355449118	205.54374905768012
264.629500219324	4.300060112268662
347.9431631516486	316.12087768828843
130.98317587068306	201.1914093681682
50.16815690131861	166.56468597183513
364.38682910651806	98.44969536878432
25.809149368060957	88.26556131581859
90.84602331008668	49.540538855760445
101.07000958657534	191.59241785415597
15.597929254408893	336.9845032759186
410.47851670454696	68.0982034606742
416.5027595980317	166.4045394695856
281.684441144047	282.12242386120033
160.805945946237	43.76414759415314
287.78298817620146	75.04149174502344
397.70388385003673	84.36866980532878
269.84520135310567	264.8860926212321
265.6456547558936	346.31381845160587
416.4807139304842	391.53321629524476
143.7067037552746	301.3566606654008
170.0971988665605	114.4898339760437
76.28771496210965	392.970745918756
156.3040583259038	403.7888646871198
348.9736258891282	159.53082539652252
201.53792950027193	20.464234534073096
145.37403477780248	342.3384349330707
402.57858560154034	180.65153558598962
280.620162904962	201.42192068908003
182.25194670048964	217.9119909735149
36.48350381917169	398.37319295567704
308.85299157212955	412.4751429813137
44.87231773843849	127.85768609520782
258.1530052744423	106.52192528721093
335.3991448180199	375.3507931658322
78.15631715637028	71.05011245554257
159.99970028751332	79.3448833826186
360.88584851293996	60.0522859766967
54.9600667273174	329.1402054038259
393.3694139817865	238.9310129921274
72.62877560004063	29.559407311167224
199.63613744084807	39.914352437044485
304.96755667296543	23.066473914157086
326.4648488327282	28.14943825558466
175.14149775083962	236.06830852880347
386.3619481993978	418.1863831086859
405.61947093566613	146.76752946745412
129.13658466516267	249.897913580718
97.80657683499139	123.89502122496258
36.9659209794561	109.771013459818
83.84897389034519	110.27124441784329
75.86147449101402	358.15871987783623
290.40403376572255	37.006540799933035
236.82808856240888	387.27606403355384
233.1712808734332	411.5771402545846
156.47691522594013	172.00000620302967
373.46124625892037	241.05874544803137
362.562882056676	212.54804817158544
338.12474750789943	198.97700653556316
195.48382092138058	0.1123555890980918
175.66674488023384	353.7558944116195
202.06699426010616	318.09022479915967
358.4014049167625	22.645614622413078
96.90388197568525	282.97007609440436
264.9936444126639	241.45282006921235
105.66396841492451	419.8878615410122
249.1672299920073	125.40569441832403
295.9069381555019	185.66955507226663
179.85751948706516	78.21938356268255
361.3440477393406	386.90145789740797
18.826389415116004	208.97625128454686
26.948895201294714	372.6852632332614
256.6851208998496	31.284595097060876
333.1922585977915	282.27325529452276
22.319695574524957	125.0748386472483
15.784409576483602	71.91801988045141
277.4373859417548	181.10649242750083
36.20541560591203	260.01633211802556
49.49660650327202	52.33760395226174
401.60296593854264	406.003337475086
125.8675311645536	312.42230873247973
332.40216653871784	94.30635600888058
116.58671889618864	330.34461547614075
56.87962550440512	394.91304919208574
246.6739907149267	11.407401540034694
368.37439789071146	150.5062842470695
182.03761682247497	15.426030244678197
402.0330895104879	292.60294132726926
98.4494476063423	262.8127038416561
102.78207553331389	385.4383352676713
54.41383596060817	144.4069546516092
159.0106922573289	2.865864604425622
15.720833979866143	230.48506141171245
15.708297189306009	105.849734684484
224.98802059220046	328.3407035967552
294.6715292506717	316.8608172353889
275.28093619765525	25.195273561430206
305.0340120191725	334.4743178980913
384.1968587422102	299.2628194522515
237.41383332549862	213.59286233009357
290.75679634240765	122.34039945394579
120.0189162939508	150.0675747307303
112.37069230441664	401.98577952033116
311.95327885500535	147.699024853241
197.28167516872756	280.9588588603205
110.98675366119706	166.7522160351453
72.73324446912481	161.03485322723347
117.12908875033122	225.88767467543633
148.29522482102902	193.30222048835066
333.32595592432546	148.43193018659852
366.03767351989416	368.5418810079487
66.00385923677347	92.18331410281623
176.82661885831905	255.55962709255184
135.9115114738247	283.461023152837
271.48444154127014	87.29334052834271
48.40557919771712	294.82581452015285
153.8796250092569	137.07585049364403
291.79734062119473	402.8583944515347
19.827015749727906	250.16067132880795
258.32898217984086	185.887359114177
339.2858522974486	12.947811959883627
252.63096823050842	331.2018735164026
183.21899460003448	324.99211778721696
393.2926048409871	352.27092433959444
108.92590965287744	245.49206692949824
299.1838043936119	240.25170306111573
312.49365609873513	66.04138730068922
348.32458928468344	360.8910031542006
111.98916150987849	85.01656047833403
407.6445740831832	254.18093420285305
162.41458327363569	22.73129658284408
250.59555363732863	400.5207795784346
405.4401145580272	367.59157094246757
155.34128255057175	362.2367071772647
128.60363219207758	96.8707792787665
296.9097485619571	368.6692579951833
198.62702480980096	164.75836803493345
192.39652218069975	301.2302877932284
338.0165280539734	54.499179699217144
118.35147007013363	123.32078432508332
39.58234811467087	11.82785312481627
37.420425263944146	67.44350931664037
365.41616158737133	172.0675636005394
44.551470932013004	380.1086726701713
16.933409522235195	356.5921303650453
212.9774869899326	239.05014934378823
251.25361080223482	88.86549677819863
373.3434723977578	349.66253640854575
314.4246444237923	44.820093633417194
23.095999065110966	274.64545484360644
103.9547144443167	309.278542071589
321.450424623462	210.9643237842036
243.83542727576418	71.40077865912396
308.6251898519775	384.56994353988875
175.81189507233185	413.28800189757715
298.1461364427471	166.78411596975667
69.85226702897052	52.76970309598156
336.0267268753573	262.96868886293475
400.7130468402042	315.13462325562
23.175144894346886	53.45662420573443
386.3359300144235	141.1387669845655
205.72780508447428	109.44189114268922
294.5140502098496	266.3766859828589
240.9255006840787	312.9051636674001
376.4656598479966	16.186348834395694
97.50791442841368	221.94650904800235
133.99092715213862	135.44391269921118
145.45523018802137	265.0007907297424
320.0685743744677	110.55884173739011
142.00566196982368	156.3093464510764
385.60047806236776	277.4204998072902
365.27936517935694	329.79965297752796
193.0180240623871	399.08814963451096
417.6497793176602	212.23901760381372
75.04014384830853	338.376165061142
318.0599608441125	316.66126470306045
132.66220748801837	404.52640517157505
152.32552195024343	385.07100166335863
210.9716163212305	89.36210568235379
417.52504781825616	192.55443863766632
222.41817220682097	120.77128103341707
143.9139612150799	34.662691909273306
223.0644110273801	21.65886211584761
270.92587648550926	121.96932432826497
166.13360219253877	334.5627045709236
157.38183634543117	228.32463424630254
251.458903321056	54.04880580712274
383.3193019281468	98.01975617736863
50.19219029883971	189.445267453895
43.20597120152139	361.1712986466046
365.7316543127175	309.5945668053287
167.02933527273015	188.13239248881032
78.32498395292083	258.6476576284245
383.7627353936533	37.49722353326705
114.53618862895942	365.2662971235043
111.44966925133237	46.16462593969815
201.81756815018844	184.28602449717937
89.78134573967917	239.64068422741045
417.78723197986864	352.70142934784326
174.2065057177266	392.08646338561084
178.0793639149333	169.7693018778213
189.03087618755046	119.10380844811701
290.63762813659656	219.12942563322315
280.8729944989521	303.500625641418
146.76034465037694	323.2865030226155
301.38192514746936	105.38658469007994
51.575510040533935	29.60686463202052
216.10678098044224	288.5721940178268
95.8239752001085	332.3177839371664
384.9402866796737	369.73849939680514
195.82773865859969	340.46535242516006
418.44116499784485	85.3979771338619
253.8444973142681	277.8899625482695
259.12910922379336	207.2509325858616
97.12555618641372	70.79737436057495
350.40296637716887	137.05940603538073
169.72390105147423	62.176030042309016
135.04743741361082	76.46328510334361
321.0791366548333	165.70141972187483
281.3835333925285	104.87602480306755
333.85529933844316	303.1458294086189
171.27981010484947	95.58086333324738
25.946424898163276	190.38374992731585
339.3767303721836	176.6175886125679
112.72128889236711	207.1103588708745
262.0433095462399	385.1419309809964
302.5035209544016	203.52257820062235
101.47389215532627	143.51551254379575
296.5696259693819	55.302868164563144
371.3506891966301	76.52864142376406
164.60122961627363	210.31160301017323
219.94443510384463	40.46862281658468
179.08623802374836	275.14007118296007
318.5519539735782	9.64660920388176
233.55092234135358	237.34105375625515
264.53203941756755	69.31597806483488
137.92027599913754	232.76663828584785
290.7774411036153	8.32607527900545
237.7548262950805	33.816148637813676
103.10277278169688	102.08436321021135
86.42355804329382	179.11935164443537
225.27764602315946	254.50722327073268
135.04536216583526	366.2742997465251
251.46716628919214	148.71176279935148
320.27015279364554	189.28775088929066
238.098615592106	368.3099346533092
64.09568054241652	11.748396782922308
234.59554082463555	273.9043699183371
205.84204699810033	130.36560100342712
179.17265110233137	35.953488708412955
118.52197602312005	66.87247908481315
52.478900558096974	230.76741896203137
230.22268348836832	56.48762219658118
240.41493521915888	347.09392986638926
144.17997425299933	15.642710619125985
310.91746810778756	127.48676455275792
56.59829209432493	109.73703459996489
69.48997149101083	198.1248827512815
75.00720249874684	280.0483398986452
44.64269310917862	91.24825376248593
203.1389980852234	359.0757497882479
2.2543807198887897	20.81275431102477
404.77510984061223	102.50672850221359
341.8605540804237	221.04791730364047
400.7031661886493	201.59528284501215
386.58876200511145	64.13532931477624
120.37288933549013	185.3891725675683
188.26065246079435	56.598682114324895
85.80803757322764	89.09977119101418
400.7179867379717	126.30720331570048
7.731500476038501	373.3449607842419
1.971690032318574	52.85932442580293
199.42867505587722	74.27306441420153
379.1408026894128	202.15503402316403
312.4697643024107	256.1808304381623
418.62918597545826	303.99228971097614
399.5659051031676	220.72122315374978
