200.91351719736758	58.352289424704274
403.143301219421	397.32499311261694
382.42853465784793	220.83312050982497
349.35224371575805	347.58294539789625
401.6230103658069	341.0200015650301
168.51849885917528	184.53548558490056
268.723707346859	43.28189495044844
95.96007071694203	391.4766596097608
168.53300561924675	331.3419532802608
385.93942871339874	67.15189805709227
310.5182121341048	46.91652267429334
242.15426067913884	150.77224584700824
381.0162541706009	106.13358395586256
217.65622023790755	13.285677188039603
402.5357770810915	31.7723611259076
133.05634581458972	39.39855500295676
27.073477530436815	152.1443468519106
339.72946776602004	178.28225639963682
261.1762756998079	250.04845248577277
24.625818451349204	176.28582542149258
163.33862961630768	10.375284431150051
2.900965943627354	24.29980362725265
117.37495043014236	242.72014241848126
127.40645444561488	128.75396658893573
304.5034604790076	145.60685737628256
206.96183044153995	315.370997278345
80.7770592177927	299.4100806162965
203.7960089671398	109.61289110721808
124.73273467561302	103.0043143265102
36.83471612159959	270.1593601424052
275.2796254759479	370.6661978571987
241.5084384777229	175.0160133661647
234.92364257672114	310.8260892885962
160.4154248573515	370.28270285676604
147.7833586334202	54.944108402359234
11.706090076367984	363.6857019457256
104.3548075268115	122.62858964829016
341.45302763877004	94.63281191467588
186.00894230119653	193.7315904171242
291.38462951934355	359.62026298224754
35.418180898120696	4.481473801788324
93.73399876921187	184.58461007046853
23.634117651865942	408.21259705200214
204.88408545012402	335.05673501408177
49.09394590626664	92.307151905032
161.82430996019926	98.70714360657593
127.15304352803669	336.7429825815622
250.61585227194803	130.13376402234164
228.63091212701613	57.26227623939555
263.5516780301537	184.70972353288985
364.4413757922686	295.7168480968228
168.35708581863815	227.69465865159796
292.6210941927667	402.2908915547311
139.62193842606771	16.34617671223407
81.8442382794472	278.1214018429858
165.6596897193285	46.903710683531465
416.5952611869386	377.9397034202732
366.1762156978492	232.10913822306784
47.19423891583608	356.01407624326606
415.984846057338	80.46798128169814
39.91889085660151	293.8497077946816
102.63299785375219	223.579080597723
200.15458966647887	356.154290821543
239.3794587294233	13.988663050854607
273.48089331679563	201.78695311861577
178.52079882244172	62.231749939375476
335.0141738151052	214.2338096991134
324.03106985320795	241.82979332851156
206.9990279220985	209.98646658732315
401.5229221452665	225.34181654223661
88.01909769671435	13.050081585246136
203.41557585207565	183.71456146788944
255.4902245173014	314.99596185396655
92.05299686852378	138.26510524588883
377.2766207099101	374.65176315457444
335.79559302265244	74.50424431542116
39.8441865823751	38.923300048512665
412.9852659921162	245.6956675713637
65.67446236535037	392.9097022946968
300.8644470994573	320.27971931056385
44.02669861925458	187.33584994591374
208.2640243275363	279.1679162944457
241.90553574229148	244.1361333218239
79.19605485198434	33.81851235686608
0.3865969088934901	287.5878701053346
184.81813685607938	81.60784758641036
388.55382727952343	156.53708080188272
267.94432982350077	331.18469996271017
291.58338590650936	4.83130918707969
397.7458449090281	258.8676285039021
261.01345558132164	69.9224818293031
284.11411286735745	184.5919150406351
312.31153052989015	412.99094949281374
392.98875671339465	186.59204304561652
377.209330073014	201.53577186983554
378.2878279777433	173.69990334430125
282.62485415605687	284.20194894635
310.21661664764304	393.45363235378267
236.54226115107417	368.77924601186623
16.333995636245294	241.32174001124466
152.3982087116467	158.51247507344164
312.192032225981	127.33257128432312
380.79544561265834	29.327739477805395
65.61756725595589	265.1120608285998
60.92906260348968	302.25521229767094
268.4974740193124	230.8335792253797
90.11929375998173	317.205436586766
189.14775701715914	42.55863039592774
328.7644286624751	400.6357528321168
361.8178263905422	99.50602096019044
230.88120257664633	278.9076524313983
120.75324017828356	22.830792603989952
257.7374263580625	7.2455069211471566
351.00015420880516	42.82345253975566
218.5438005528766	297.34806676676055
264.22587399326636	276.78101061573057
195.37623385712683	24.006276802476314
296.40218074451514	202.6622097016211
317.90982786236225	65.78965574536454
267.5410025274817	298.97469871458895
6.481910169544375	138.830860985363
163.8495442097009	350.3948858311348
159.27298416585955	286.43705411282764
240.65322616791647	103.13226429633757
111.35764941499046	405.17172486705505
412.207195911554	124.20324478977994
409.59672740247805	359.69756544546243
372.9532475695352	253.34474836635886
260.30200586098414	105.6470628353161
214.3126291361086	370.72428445927744
166.56693438352144	120.10151195965129
352.28187813209564	6.583308168814492
203.55019566396547	233.1581417882324
169.40837965894914	411.5102391702679
10.755371872982533	61.3158229629768
25.338788626099262	349.5283656601721
313.7910401552044	213.81436604649238
12.903718973783386	325.08826371482354
109.0573383387015	67.7753689002694
294.549962950851	380.2268585660474
74.53498082642005	240.95973312485248
368.1370254573911	408.9125876714995
134.08182073964775	149.57189339968454
243.85560107118258	335.90768390125396
154.16167801239646	198.5944950775026
383.6316927024527	395.05395702789144
323.2807367840218	31.826902180936486
186.35154834809669	318.3730495094729
357.21879006076523	273.00359646794055
281.3289836491841	315.99676650519626
118.80200879205061	385.2119210573022
343.3787346703569	155.8755803865492
417.48379788715306	46.22108006264257
133.46611666639163	398.4575329440772
1.0670116572020794	226.42823816163227
16.44062804275944	39.94222677902073
113.68981537043281	48.17656287477602
157.30020708332538	250.5234792733983
220.3916326470751	350.7491646935976
140.67822051046747	292.73391301860494
400.95013025341484	282.7842985709478
143.83032208812568	75.62840029961968
276.82952627932156	21.48869033364847
51.89890171170684	55.012875468467854
308.1892082828701	344.257198882492
389.7454636732056	357.6764234194477
124.65281542400889	82.62921829939332
339.8861968362451	327.9024411254668
27.66954370474172	100.53965328089613
221.70160917647462	94.4162065203955
229.9971796792827	31.739792941086193
85.35887470033911	109.01293812095109
126.43695952383715	270.5383339507375
69.10027428404773	91.42525053143876
81.11881517790978	221.23764589734282
208.8907408670272	394.10931640468596
157.73621634325818	393.91230617728047
379.0526191141239	273.5075646467603
298.6884051581552	165.72494665177186
406.33981939405885	302.8483867220556
73.1228882888784	53.8949850453131
143.1543093518934	182.0565901811118
178.46632963480383	298.0769484205106
92.30323245619991	49.481014059950326
283.38249759146663	102.38007929577732
136.25205861319162	252.1837394634418
37.90186159283545	206.9503613816657
10.079517909285787	162.11226888931768
349.52027401166623	116.01976882695243
275.22320568113435	412.8494710473156
41.78060393228584	165.84887501994044
368.94013989689006	121.8568164529008
27.950441029324665	22.905988927150652
84.53042286378704	167.240146547029
196.18296031218628	378.22386429618666
325.52775515249084	197.00836321790848
400.5222198802383	105.35907368595835
149.90571459888355	219.99697352543478
226.4968808281313	259.61670315693215
356.08832170709695	71.83115336742895
107.86472669145716	349.5510451046102
88.25710469620483	68.69608488724195
105.57319970190336	258.31340219434446
381.4070339516156	338.00765306034566
12.871255476570381	304.13245387338094
305.51096916682974	185.3789257042988
48.35610146375468	19.698200283152854
248.69755358753437	52.08382859286446
164.1440393952362	76.78983798063128
333.71695092983447	127.62582642158473
351.6394715121714	136.21689982958284
396.7944459633286	85.67003693888056
121.28984952083046	311.6664254832745
70.38830605336668	319.9081058082901
331.4189391234564	51.70238628540579
169.36658534693865	141.40426918902668
187.1637822374166	121.28507948389783
298.3475496614656	66.54210137590353
65.61747688126809	71.98173595277781
318.989430051662	261.5544152897117
358.32190879405846	212.51367163743677
390.0800674984434	128.46674782216454
346.00955320077423	197.36181921409298
410.3861539431696	151.13183823551998
321.4378238577667	170.53466482531064
286.0424540461979	81.81475851754834
61.551369287695195	168.19569284235388
212.36444528599165	41.182976957019015
272.953396494122	350.52586117796534
388.5979881470632	240.69959805427456
170.81188314996325	266.29041116375873
417.4737016579359	268.26531018332525
311.8208082533597	84.46676391021496
126.1199883586659	419.32487757329557
224.66616727553227	327.8837369193309
347.37295668592355	406.86115940054646
85.38413728147484	258.7851273240974
1.601963482402574	406.5183641745203
72.27619753203408	150.2308287183551
107.52050152017713	6.967704226769259
207.2242973438592	130.0693412283779
55.14179666191882	248.31785276086828
120.76729130029983	365.7620209825821
223.71721811436697	234.38645335728253
184.89391394979583	247.64691682316413
2.6483969888396097	181.9355949347204
274.6456894123147	392.8814445118574
229.2875196709123	134.61127921531977
37.10315790731807	392.32022299897756
292.44715814163584	122.71764071969181
19.572829295871045	198.25490692772246
146.84869790392995	333.6787070502117
413.35538244859424	325.17949088069093
219.61986006585602	168.4996120811498
187.0152157336585	5.755054331420377
88.5621566801331	88.66115510361169
303.08079520679445	234.84029460345138
64.23564506329275	110.36154624479694
301.4401881373539	277.9784162608644
368.7300309443669	52.14054910194404
16.833883792180508	261.952818639324
148.17849974807953	270.0793431638959
362.3042352215631	186.2282861591529
198.1775043008528	296.9567463456347
197.37674722666026	164.12007793807905
94.8143894399989	241.59972580509324
12.616951103572903	390.01303790374214
101.85353988847505	30.147870559005273
175.21012597022	165.52953504584323
185.52545595588612	342.21570194165736
259.3048712170723	163.75126855991232
294.6938317298786	300.29269180801145
361.49440819623265	25.529517246958225
190.34160437961646	141.78323917976897
43.63791906997093	111.78591994237946
288.721498207134	337.4020816510692
21.924886043756956	220.55846303248074
224.75103898027683	114.48814787569432
187.3636799154225	220.9356992379766
342.8263839837354	232.76166376999055
67.94649367940774	16.46487092331066
3.0139459142606695	345.14175549204475
59.603406469414224	36.73966380199934
180.6473830031764	363.20214712121464
123.04931357185227	168.69852520256114
280.22495080450597	262.10877084269026
372.61580719554456	8.28886757453163
64.34074464396392	188.86966619017534
252.90337008978793	380.82551091307135
32.824445521407476	371.85733594352257
225.62622135639126	410.7035572370647
34.1995972306145	132.55584277237398
0.5349693122344943	106.14738284473297
32.040792707329835	312.7269348515015
350.9420586501184	253.75259489950648
52.164228127642446	148.69370534852698
270.37442799455135	124.22106818303813
140.84885115174563	379.45867923340614
209.83213354626923	75.85316716258787
336.91035806021205	271.50308493261156
253.5792729917575	27.71543316306982
338.5161188563063	294.59971560791774
13.61478065970317	5.001352457767008
344.2741863957792	386.7192199114736
369.2923644152477	355.24059505682703
299.323876287879	257.70600185129217
147.4647238649229	417.5967230358477
304.554013279399	103.5499884633811
115.02232921998126	144.55905233937355
54.959545251070644	127.80549524577273
373.0216535918595	141.98718891560824
395.7007055194665	13.140017272626398
176.9025787011848	385.68187798466585
316.38470555984406	12.981689040220687
50.5842382132902	319.34883155451126
121.14158884120403	217.2455478412754
247.0165581339354	265.836080626892
325.04126800174106	378.95646524418356
20.754072693035795	282.4491001554234
237.27235892724545	393.8517243619706
297.65539389189985	25.128366529021868
254.8948413559821	358.45450547644566
405.1929421894785	62.658673569102596
284.7488240749276	243.00462154686667
230.3093014007104	76.7426723330511
288.0173554370218	221.32913183117765
43.64721239008823	73.44300889492925
257.7553884735185	214.25710210346105
313.6314912536609	305.47462023759215
144.43483266020797	356.5185959730971
134.68376704324703	232.50619398006245
35.339071478638274	249.66588965817314
129.0612196410524	60.54056856059844
247.61818966431883	291.3651237965657
384.3670081661042	296.2415260831899
361.5834120020596	332.2550705163178
87.34328487988634	337.68476866743646
207.08782460563268	253.62570743473353
34.957814283616585	332.4126739623123
341.7848608099346	24.915557863705672
90.69577097907916	413.07446681168165
321.1921469633228	284.4465191803225
265.0005970040455	144.58920034474022
79.29886635471345	378.4160398129925
359.92125813398377	166.79433675136357
387.24380958164886	414.45131292361975
53.95839034618392	374.68798402229976
391.30217872427374	47.821661723868395
149.68149081987025	136.16638565306286
413.4394062554664	4.6347380228929556
15.58117443651108	80.717593481772
336.630174172901	362.67959377347944
288.65576573052834	44.2823288132071
104.00532111929535	101.36127686271529
64.85196029728066	339.51262922649437
204.09795418832567	414.9541662023931
163.925142854616	311.3909337885697
319.65630151645195	327.15465897221566
131.10574918434207	200.1225853053668
240.4791668924054	223.78647146544776
328.71652791412583	344.57792049263765
81.26224452418451	201.5663600919175
60.31027858976939	227.2309436336159
215.34941724187544	148.73184040741057
56.78843337878365	282.89898954724123
279.38156158726673	161.6461709703074
243.8060366205302	197.4986741395632
30.535873171831003	57.00250431014305
75.41226618451631	127.31196883337212
248.60626923895714	85.28428636560116
324.9835848027628	109.26112188129457
145.8686282870583	116.8549738853112
39.66103355275522	229.0874064699355
141.01493658404806	313.24793298883515
69.45611011637187	414.6447172364751
102.30514295787694	300.59944384440564
120.90638639137495	291.63749317534973
101.58431869604875	372.04307291835266
226.72762344257347	209.72862465383076
115.33403315825018	188.0136060375139
187.69278852976828	404.1077497044472
107.81634936563744	326.93303026880284
278.483552283011	61.18416281521418
310.3461031355015	365.2990867763601
396.86855715841665	376.12389991184364
171.83648280479187	207.1502404250218
190.18773748925742	270.4192940084986
284.92692336123224	141.7899155555741
363.6196097688017	389.90334008708345
67.60374925700262	360.03312546022113
58.44873418965877	207.55777779084423
405.437427101	171.04051285008973
333.08686017464026	1.9241238396365263
351.7556218187311	312.00078267954876
376.35014347756646	85.41725557754515
396.63086160040024	206.0437793766064
100.76013050048581	203.95908895528365
102.70082663413596	159.92146605133624
103.727402838507	279.99925686097424
175.07595259205345	26.931653686588916
48.835920634121976	410.08183120279153
142.61287424900965	95.1338086142274
372.8019735063223	313.8107314081094
324.5093283638727	147.2443472578416
417.87550125285316	201.08069312645017
18.242909809875417	118.09337837260928
392.23939658934313	320.79368964695266
356.53785130235036	370.81246082287277
255.4707481889581	406.17475354214116
186.0303887295301	101.42992382917403
223.21615034161417	187.69490931899404
87.23941693242934	357.8920155633708
155.06884346523302	29.239398039991226
