205.42760547334572	61.82080386370176
405.1697413493861	393.4498808555894
379.25814292097454	217.9624195045399
348.1052819479644	348.7592548050275
404.4574708918971	340.35946932551974
166.47462640344395	186.26723966992336
268.6769268238431	43.58951946852178
93.3246334584539	392.2613418449516
167.9887487899622	326.47769573109076
381.03920767728965	65.6533165678447
310.4158791146421	47.968302186128724
237.80778953761273	152.71460613528802
381.94176442251654	107.22261395813665
219.38529004395076	17.163307003679474
402.91637533115835	30.635548176100944
136.27456742003923	42.99464528789262
25.3399520408385	153.51288640428993
340.3459154070092	179.15998266593792
260.49743464848467	249.50014482211355
22.377780676699587	172.70811288656856
158.96299011564744	11.106955614981795
0.5966373636134714	21.582224489260472
115.03300527516825	240.18352939877613
127.4891003683591	127.72759992884524
304.78048486111624	147.57385410425775
210.7067393917194	314.1949242458008
77.40452388102642	300.9254056330694
202.45963820873249	105.68438283516524
122.79695143843118	108.48736703059926
36.49801978584951	267.8434282722245
272.2281001160806	373.5708425297448
240.09262985890288	176.25296252869023
234.5968095724387	310.6895776464805
161.22709405296317	372.1375249804585
153.4009904727162	55.87943751201698
13.250420012844891	368.5653318423507
102.8302931426479	123.01231356489879
338.8568570167673	92.67233005205678
186.0508847065412	194.14141013174432
292.4067275581581	360.1385709254578
36.42465894584062	419.93314277910656
91.76321968046861	184.28614204506718
21.274989269784626	407.26753667515584
204.9161372466417	335.33210987837094
48.15277109297139	97.12404168097646
160.92227617575466	99.21441321588921
127.83327368270965	334.4336527611312
247.35974908983138	130.67082310958259
226.70898187078518	58.45570770253023
262.97654240909293	180.9324300734369
368.2010290126056	293.5702343291206
168.10238827628444	231.61785611632456
289.09325349237247	401.0028791134479
140.17123176325651	17.077095178083795
78.16496132837332	281.4855859800459
170.29985531712958	43.72951607337501
414.76728821940407	376.68175697043085
367.094656355869	234.11125754161353
49.811091991751525	353.32992819791787
416.3675703793806	82.80529208507201
37.20765001301901	290.5841144804097
100.82597279630451	226.06627248168294
204.05130350598293	359.322822096592
239.2973647802977	14.242321462379048
271.9179341009501	198.23868143565923
177.75131972916074	61.76957077899275
336.26480422148745	213.6179372001291
329.20261370381644	240.9487043533944
203.7096842166739	209.09093361509753
397.8931348303502	226.61221529155327
88.29554000096978	11.958003416835178
208.3726130051089	183.15448841015973
255.21208613410977	315.2579125948295
93.91694949399485	141.42246168963788
375.77857558908124	373.80070901861626
340.44956150795207	72.17637561969049
39.43419132257267	36.35487831510463
414.4692976749796	246.62631452596312
66.6276346816344	392.96610321756174
300.96567386649446	324.2316741584944
42.75332351994662	190.09410243844889
208.38825662286516	276.8169289776508
240.4247218241738	244.43832855625197
80.36648265576449	33.12448449384008
1.1205067843113776	286.592725215327
185.7015512982526	79.6644284986535
388.8616716073297	150.73299221287704
266.920011270699	333.28418431287395
291.99319196577767	5.856454177828783
397.83133171038963	259.9359345222319
258.38792964554233	70.29249480162972
283.7609936785981	181.83318061723415
309.69470149986006	413.4220563263266
393.4508338635249	185.99595893649732
377.1002620013724	196.3715404040652
381.5976659160564	169.27069685288467
283.41564552490195	281.2152268329295
307.71069838331596	393.37727410218696
235.40012321694263	366.4366078620133
15.862720110611601	239.9100575207998
152.93080053466622	156.50723528499748
309.3987331010919	125.16109025717144
382.07861245021354	29.957958913454597
65.34941556943089	266.28178011136833
52.946991117746414	303.6554520256878
270.5933214919697	228.8948835451478
89.4919864242058	316.8033331888149
191.9967856419974	44.230799016571034
326.5858815038848	401.11064669277573
362.8968576599661	103.51514978207975
230.83725524044726	274.9847227636048
122.276054246716	26.64186927531326
260.28634098038873	6.953226819694646
350.74991630927764	44.36558984146561
220.927110340201	296.914580899326
263.2024253866529	276.33919320043384
197.52290209765354	22.867864404903905
291.67935153732765	199.6637989052711
321.4731172747262	67.7719651593114
271.01191406483133	296.3249528905765
5.71712158019939	139.8255370830178
165.6731775763304	349.0106524504007
162.26704156396116	284.8897229128994
237.8549545198825	105.83882996054194
113.91940786898465	407.7531926661383
411.0550213388873	127.17672605897904
416.9627661486524	356.6602614603929
370.21092871780525	254.37633962369935
258.10051505914936	107.93977978037493
215.8001932900662	374.89177944924376
163.45535128724018	122.29856853578568
353.0383586370094	7.521372201774779
203.0946140804989	230.47979709775743
168.23724590326967	409.1559867839564
8.4242121989214	63.820874639409645
27.14232178230965	353.74626898699574
314.129132300612	213.19897855427402
18.755742939510764	323.82952461535547
109.03558933534211	66.43338334322537
290.9216422537235	381.22491120333075
74.44868803985817	245.59239645568118
365.27027467031644	410.21796361323896
132.61626770868023	147.7819834552626
240.82406299896226	342.83607782847787
150.10668148523862	197.10015870228506
384.0320672302892	395.49562206177836
322.5787294885512	31.076796392877853
185.0545757929888	315.78911348319525
360.66961382299985	272.90813211306806
279.9451450003809	316.29064536556064
116.71681779458007	385.6509916319121
344.11230563627345	158.50657205922707
419.7325459332684	44.939523092708015
134.7467721230305	397.7294686241247
418.6202757063402	226.9716919482415
20.913190781014894	43.02172106111494
117.22119812261893	46.73738275573569
156.3439378950528	250.63948874665894
221.85620148967462	351.48972693082834
139.77075923547136	287.227957257542
401.99541515531854	282.05735122980883
143.55640923513664	76.38574018387092
277.97429815422265	21.42526662542521
46.56595210901156	54.41571290632934
310.1265202169844	343.07993191956035
389.9041802012361	356.4192481831371
124.30238201613562	87.96956144269222
340.073780720457	325.53770079881923
24.108221434358384	102.15813719502928
220.56334484845385	96.60830190726135
234.25813147038198	33.50907163284926
84.53153460381604	108.23800788496985
125.53380664222261	270.91644766111284
67.03689982446852	88.32997206290588
78.31776258886599	221.86748972082458
211.9997601756338	397.5755201843867
155.18653567869313	393.3269704373878
380.4268370117526	274.70915617766315
297.5506268466321	166.42423869991737
410.7428766746467	304.3249831485328
74.15684263552352	52.35889383172517
141.92691251742593	176.5280814611399
179.68339550119472	296.7662980308315
96.37003923846041	49.178513316892335
282.8102860747713	99.69605972466071
135.4198269458191	252.96861735103766
37.715519825174624	209.41719852188083
6.838892358244343	159.74563938057557
346.14535822863337	117.15894422509068
274.86059258601	414.2345875308506
41.955274025718516	169.26817160696461
371.039377907531	123.2897943904581
24.659205238530294	18.321415543720985
83.23667935206208	166.15460867339254
192.95008451955636	379.75623752813726
325.78495217230403	196.7656804451964
401.21955775367525	110.04746515339805
149.1002134496056	221.2920760849232
222.69330745034705	256.88070642176524
360.8453745611324	71.80847824017452
110.09901301858838	349.6763136284745
85.97180474741307	67.65721290971457
107.77413062044735	259.6668797983242
385.84191462975787	334.721743608541
17.054027678660923	303.0169223550569
308.91185965413507	187.10580223050195
46.31607030733118	18.040325935455822
248.60946353002714	49.90594433755852
163.73850577294598	78.39918919064307
331.19429824506085	129.46889328267753
349.32831603326525	136.86715357014745
393.70348948841246	82.44549369076559
120.16466926966282	311.9112573533357
70.45875976209098	320.2211648376625
332.13806027259767	50.413021483197525
171.50921896113442	142.17107896907402
182.91008516547657	123.6480673207757
299.99911399505754	65.02689117689366
61.710978596194316	68.89572018021413
321.6869808731377	261.0570013609581
358.60247142307225	215.9184962640819
389.9987099481314	131.19610982381525
348.7094877298615	198.08443887952117
408.3500251959887	148.7021982448383
319.79580239615944	168.08239402372698
285.68973439876453	79.15260390638849
64.0613493485655	170.08123495324324
213.98430550833973	40.29328960281572
273.07882296632863	352.11621326246217
386.5048575113682	242.27888794636263
170.73818041256587	264.94400245757913
416.6635160986761	267.01456066465045
307.8808000983638	83.66842068015869
126.59753218573773	2.649612441257109
226.26822396367604	329.816143916375
345.8502199683406	409.28733256097854
87.32621275708841	263.7548404447637
0.5779378296035941	405.237163730795
75.6564762249168	147.8029517074693
107.70744115222067	9.827601065761385
205.4650762901915	128.16411524883148
55.19360564817664	247.98705733952073
125.56568865361791	365.6435015896037
222.41941599831426	231.02560736883996
184.53827598564664	248.43300937255162
3.169588669576092	184.47078482804335
269.9587652564583	393.0430054662715
227.18821065568312	135.5826530046536
38.92849991452886	393.1329193748384
290.65682171707317	119.05966127449302
21.59433823199587	198.50749106103612
149.0898095496998	334.65713061150905
417.54927821008357	323.2692071179399
220.88348039381324	167.28404882960515
184.01326206111204	3.987812660863586
88.30711203392062	88.84893718036308
305.01490880964616	234.953838369646
64.59090585360012	108.10805376900788
307.7371983381822	279.98982709976764
372.8304557319757	48.06300253051472
15.909796496935014	260.4108816092917
150.57867839247427	269.2815172288309
362.6162612281799	183.40607777783433
199.67338171985094	296.1366930966772
195.86262845409016	168.31589376650584
94.40468717212822	244.96342992364308
13.618425054770142	389.12503298723004
99.90722587369186	29.740967646979755
172.39456737557094	164.2626260106101
185.17426505027322	341.69700940618486
256.62870068336593	161.79904579110658
294.7645360062331	297.6586690701056
361.2730875039322	27.647088985048484
192.4427043104226	143.85305929415287
42.66897932323854	115.81040610949421
288.2061639833376	339.49714544190573
21.067259729950752	221.29853458816325
221.20157026658526	116.24848260825603
185.47554912001712	220.79316913580743
347.72196218888325	232.06760390199273
68.89031008752814	15.262798825061076
10.923658200144004	342.3913454602291
58.84363241226648	34.062668474609545
179.48016492783648	362.54046554959126
121.32394087477364	169.8796391330111
278.3491380418807	262.0216990190468
372.2657831431012	10.836729519857794
62.89577219531473	189.97312552006895
252.31427262666838	381.43119193544396
37.04369982594901	373.4199462521952
224.80425976910672	416.34757788200216
31.86702577461142	134.67826827372514
419.73489345088564	103.58621765214745
34.48616562175088	312.4994835181926
348.7496868073161	252.98762947035874
52.39181460282007	150.75354433017188
269.2931086247454	123.90284872282349
141.98813546652474	375.8733359469685
207.41704918774974	82.09438691741202
340.3331831192811	273.46302863859063
254.96326236155525	27.066181322147607
344.49163185747955	295.91483552643683
10.464935829635316	4.736178695657638
345.3716343084203	382.9346062725507
371.39229080262794	349.94381381882346
301.7774124372176	258.7323797544944
146.0760739533114	415.5622690439476
304.3726073646127	103.23764430157031
113.26701749043055	141.44912151202263
55.810930745401684	131.5864217715363
368.99214292159206	143.97487914685493
393.27227913788647	13.484997596341449
174.61751154573588	386.2067990662693
312.46721101484434	13.432847453895137
51.308133438656064	323.33663986586294
120.25044075692315	217.7361065594977
247.3300589826377	263.77512290869277
322.79637867960673	381.17995365020744
19.392983682700567	279.5432327583288
233.77398802638808	396.3668589391043
296.7322278567285	26.049700125931
253.40791832787392	357.6938900619519
406.09406475060325	65.47385240231743
286.3094682955891	242.2061916028499
228.94816006334102	78.63513392170758
287.4966711766267	219.4093267776909
42.87275931993198	77.87805043712743
258.05712450486004	212.1612031570661
313.129658686	306.3339754927617
147.45017344407125	356.9276670812764
133.59276889790954	232.96554609324076
34.00498883248625	246.59422825692346
130.14546751438712	61.345391283794854
247.03569798017318	287.1970887452162
387.65710865136276	298.9284731908379
363.39891534825824	331.14524317526207
83.11371209460297	335.06453807044255
202.82256840528726	256.64569715644774
38.15449124224396	337.5086745342058
341.63060076344755	24.007803645862644
91.92503546731507	411.60547245460174
326.29915224946234	287.54772434286645
264.82321150187084	142.70178022863763
79.87334360404277	375.582575799858
363.3722424127218	162.71073794140506
394.07636256706604	413.3454181882281
59.36518082053805	374.97109356974227
393.1943736241159	47.897782253954574
149.3836580569187	136.9811980368564
410.5068671313908	3.8581529757007176
15.980103705652	81.86414844998046
333.17907120467015	362.3448149860912
288.75645315168026	43.94949835408727
103.34830987276128	101.92126379267502
63.07499559675362	339.1731197624604
204.54593183172148	0.7402866250076642
161.14073422607314	308.1280754016336
320.49947296148275	325.35557239102127
128.62241274303935	198.0265196517362
241.3158613745928	222.98583755212996
329.47718930738085	343.3020206901649
83.50875210890969	202.85625223209814
60.3152051941929	229.10058688663807
211.83470065037753	147.4446950137484
55.579588313012245	284.26459155693595
277.9137788770324	157.04571824882083
244.88112081226421	195.73422105742532
28.036584034472487	61.427390581133395
80.44815760151766	127.15031522023124
250.19400368664108	90.11306875291496
325.6806755489699	109.14376378554847
144.53749118438847	116.1398540683473
40.9436744385387	228.4902400735957
140.91548101516517	313.80963121130395
71.5417894379945	415.0388298521394
102.27540436848922	302.2523967280415
120.26857148997507	289.9582199066106
101.24300185391488	373.52416078856794
223.63907326138536	211.7254149424758
111.74011988775749	188.18740813922045
192.27401097631486	399.5066329382975
107.70089226834793	330.47513897212843
276.92451267920893	61.78442556236863
313.8268111284533	364.0717243838611
395.170096018627	376.58056844523844
171.18555475561064	206.80885970478727
188.48035294542206	277.73943491036187
286.1612310232512	138.64379497255487
364.22626444474923	389.44588498603315
70.68999283372293	356.9857772922673
58.824890946280426	209.4305644667441
407.9524117460954	170.42883571913248
330.70361292393403	1.5820471092633261
356.4428143894147	312.02559383395453
374.87260231886404	86.84303315375897
395.92871052969275	206.5622287164634
104.57806508351804	206.12631980811676
105.00189647897935	159.21178418880416
98.87494987839477	282.51995955105167
176.3329233223046	22.12377445935771
52.64929805911278	408.2310615458031
141.81649604258502	96.36640659020676
377.66233154515174	315.5226652648119
324.24104166482914	149.1396108171945
417.3725517776913	205.96781941707872
13.043834898134067	119.40025176544857
396.89243184387607	318.4783260682453
358.05214239111234	365.8663713293757
251.81231867348734	404.6601140312058
184.26828279877736	98.93901337113657
225.7811397631034	192.14965881568898
90.5087152249588	355.2345856616868
154.303072571927	30.417793530072842
