287.22450697676845	340.1190589435164
188.66926257251902	388.29340540136036
61.73172406153978	406.1068171468481
273.2723200635719	318.38654084679524
267.0105587814224	267.7319234550169
112.47200241789268	267.53044111421184
251.17666645887863	285.09120992212166
339.8090082226562	13.528668472549388
161.6032518020065	9.550987837114572
390.86545887865526	75.12070348381053
62.26434509024704	107.29829444150351
215.86548170141472	295.2397267873326
314.7751084964039	290.04384201911364
2.481576666988674	235.5802931643884
223.90164622729563	106.60013509634196
170.7066470130776	312.9430630301293
279.9259891964478	7.420215210869589
377.9079205087421	403.2223259413592
102.37913756631431	314.80577242014954
296.68604820975764	131.75507089172564
187.90783747093678	362.2028815863258
308.2834962214959	331.79592737467374
193.89811320130644	295.84625486621866
7.814069746687977	327.48084944485225
242.96582107275788	107.3460631984223
283.246594707889	408.09921749366964
309.694242718343	198.7805602748329
405.62924530797295	382.6427489641369
76.34457057699284	390.85149040801275
7.311532190165532	87.74992575022131
233.92255544245594	316.43727881387014
68.37524016929103	372.708018828637
40.28181383130872	404.69976324601834
92.20159256298486	65.69942949655265
84.25860887546673	23.80013309944999
322.6163713280109	344.95724931755115
6.740806870172592	18.42614855204425
270.61712802023953	135.34751954382006
240.46129996256323	227.78548367112907
179.32292943525414	255.5453172037893
346.5726693232858	190.34871960655855
148.12589449620017	160.1431271971374
408.56668644763437	1.8665573108390816
62.524069785978966	141.819668826283
205.16452972758097	42.12059346995486
177.56337096233983	331.4433916430629
282.2866094291696	242.63279349678615
254.6729793870169	304.1087828005577
123.62880653468628	86.60433574549049
75.41058472501058	247.4835565288038
327.6877081321783	385.4531208469756
170.04427697408997	227.676619567513
62.675235179553226	85.81335215897116
271.09275360674496	176.20337010935077
404.4339994236704	325.1816532951781
4.008448375882303	177.25765331104722
380.320505064338	137.4172822129099
150.92520245626807	88.37666305540856
368.81305553605705	379.5319039510523
171.8402843600957	51.124396277415634
111.60589706629936	219.63211607999773
398.56498296659674	122.81013843324396
61.299289141876166	212.41825793792987
92.6823030393365	208.85623188872233
41.723520666932316	86.58836298678132
0.912236437001891	149.1906760239974
26.780854868240787	187.24078393588482
80.55153140794015	227.03702634203796
261.35518511226473	101.36620178356297
134.9479941030969	101.9411752172486
147.26558063598975	205.51019410520217
236.27520865288767	248.0996529199812
189.92940352323453	56.67559480751253
349.70111590255203	328.98734962830997
231.60895770740663	151.43022117984006
84.55266350436624	175.52163269824703
105.24349291087331	336.67197440089444
98.1165437423386	282.49313501604706
187.26013257653247	86.68060588897588
250.03300257645157	328.91921512539926
386.7512506054548	174.75058717082095
8.668361416611551	416.7694051390087
26.48156205816514	323.0854405423719
230.54869191562676	395.17816096008687
213.60592870505513	160.48632063379057
398.0077535408453	20.45762789411193
119.75162561941079	348.8268492905013
23.383396146707927	98.49106837320741
370.4055760746183	316.08175935392256
35.02270425059838	252.4433489771626
346.7036454038392	165.85551585701734
136.96490719301684	121.16018284100039
169.53647918337256	97.55414703486339
218.2421842927697	241.17468253200565
362.40893051213317	223.97904317169437
355.08036010908677	394.27076562107504
80.65116057878868	267.4312692803872
119.40725370467192	186.92737428163275
52.257124780527285	289.62599184038487
394.6741588879461	273.5424160563342
328.7987655794319	197.66099424562066
318.9778370769099	29.26977905363607
418.09924827561423	266.3280167958128
113.96128214308793	66.98800106162834
106.4233733365456	26.969866272075638
165.68253192688547	268.73218541193967
55.70754540875494	49.87328470757783
236.35474785499355	89.57373396029926
235.00569272805535	296.7497522426176
218.58540714917356	82.09665300410592
171.3584676764959	145.43354974387427
372.58549450986766	119.5015010247644
183.25065612285937	9.568886737832585
365.4454777012975	3.2297013389005076
384.05430611649456	103.0221783685251
386.6144660086077	247.6750923764368
349.3878391865766	305.7692399753916
294.2581929921914	45.03926632889627
80.78481071761544	128.32783502520616
281.29352663628924	222.69785690266053
224.48425348201647	193.77566893581206
52.63223683654771	316.6103483295566
231.81333398758662	19.432358747370056
74.4678647947688	193.10568524541182
401.8101163586346	231.1577670826345
189.82689493117198	191.52409498105422
331.54033521989066	124.19084630428927
356.9026615968822	48.29261478013375
298.2758696054423	68.62857789500225
55.0682179847713	193.67294697800574
343.7945249738696	370.5390743609314
152.54230695842992	283.996643706169
368.4095137011305	184.96025745708465
88.11113327519985	327.24078621266455
378.64546084987415	19.835363929335028
386.9019769149089	0.8795120812842374
143.41257918415656	41.12481785150559
302.7472741366409	252.719769468102
294.4585216870144	318.2925373556882
299.7706643697445	216.1731650714844
301.60413161649734	271.93912847275857
285.4921289960056	281.9153593381428
221.92752927674843	260.8671347372928
261.6724790360334	231.67424935707803
388.28577058985803	307.48642965156967
414.28350975489616	306.5021072650969
338.4576662295143	144.4158386783338
36.217970958483136	113.62010399894487
131.33751542800726	275.70389080019436
167.01873075919391	369.0650693096677
361.81521701943865	70.62910831020554
122.64891203707383	410.8529007879519
168.80436120068305	123.43918829211306
187.87809429182516	129.2060305450948
276.5847027268865	298.9546840810646
417.4912465224697	128.27692609292453
38.16311661654524	272.92305630300524
90.41575688418294	375.08496437280456
170.6675457370701	184.71387951732547
104.32764061470182	403.05134347813913
280.8592308193548	77.27111849997436
262.513579142338	82.29219752101872
170.9537297827296	70.28614675263259
267.44610633238534	157.19494897090678
246.87001009415658	139.77449260066922
324.47444898322885	364.3197160201997
5.3759529910769706	287.8800090372857
263.3429602164059	415.2135075444843
280.60627800639816	58.346915580628284
166.4726654023888	204.21687685021539
220.3813325601638	411.32239222077897
403.07221431609247	58.58893268313295
130.28934505385553	366.97042302980725
98.37336875244225	234.13470889452245
322.076886289856	90.44765362611955
136.82677207034604	338.3540192602765
400.49654150404604	402.83527880118885
91.67329955058759	42.72100274830911
212.04821682953227	139.07357775263947
25.58887449174155	211.0226866816633
339.21085856063587	35.432448141006525
342.9938407859305	211.18457683812773
205.86062976719046	376.55742867909845
67.22528091391435	5.3101414468374974
285.6581260278006	147.347890583387
202.43408584702024	223.23770483586605
72.61547377018161	66.4120885253163
224.5720929915145	61.77921790212651
347.42598342908605	89.70047060720772
153.47002935116842	110.27398733646648
338.2038113255133	106.4542881631278
208.52347881053402	117.69530168472103
118.36991887493845	302.8990828265987
162.28858102112085	29.228326201604812
381.88693037552355	57.65859239969314
411.7618742153491	342.8884794367647
98.49303928836508	188.82323895859392
320.28903945480437	265.33017128615217
329.8339933908408	301.636876638322
306.664316318983	234.19091809754553
41.03807135589639	227.24686186392367
294.9482589248295	167.7135578078463
95.05790640714334	7.188837719258146
257.3519283490937	250.15016575471546
129.62095803231085	54.76015581396947
114.4118198562193	150.67465482838867
238.6987128403882	206.60518587853093
146.95932278044418	263.75212179223996
205.0214019230269	68.87599765593902
33.27723102480447	65.62059535598856
362.64656958959193	203.134677534341
283.405045387654	26.58338480264523
17.5281902320194	269.88276314976406
126.9837872442911	13.547444823795171
182.59318942442977	34.677950446857544
248.2836219442813	403.0363676682535
356.7897401032777	266.85832418645623
26.942442528399148	132.26053010642462
25.189022012306012	23.420131278995335
194.1088586413162	149.15221364001985
228.3573951168812	125.0200368482692
181.39376672801964	409.49928477094926
187.29940528865396	169.76480391266543
115.0892606267512	243.01220256316563
62.466766346922206	233.0951498784796
285.0401310884193	261.5793669810564
82.38160732730846	357.4213650171156
408.56190524862404	165.14034690377443
383.6371016650083	197.33823990060566
282.3262611970012	98.13432256527256
137.00239068396849	72.79510032691937
60.71921945618852	354.83594556146795
153.52764102846268	304.0986629185068
24.755934470546208	289.21097887660363
93.4582455615461	150.9069833501454
131.98310023132962	224.64764062801552
340.7469398679682	71.37083171512616
53.247501816795214	68.8628680696746
207.67748640687574	396.9429009489805
30.673367964642992	384.1459083865784
206.77223331475022	276.8542010499183
401.0331714981606	358.54473132606637
379.6767172644439	355.85208510465424
100.68302234186363	123.98319733683262
285.22515622833595	387.7360300128223
281.0906142363086	117.67802855690152
331.12774100398565	324.7584935019251
108.35928518773699	170.91385737460962
312.7063336210994	51.522289863482634
184.8477191994533	210.23725271637187
411.45606436887	75.99186965756809
215.22284170999941	10.076946822817169
86.40402907565428	302.8071314680595
369.57324643777235	337.32151748789977
256.6221536320594	213.37433591499587
82.00263878302324	89.20499643807263
223.74830892377497	37.106544384581596
245.7586961893378	71.20719568533848
200.53519378896254	254.47445940507765
390.6263070754658	155.993470313197
318.59788003917953	71.17988353353216
321.07244682661207	160.61189222854264
304.5179432946783	151.26317060462293
127.3012383680817	390.39939943066884
54.786154192871464	253.39989525191206
419.4043056462938	398.54199307546776
375.9718786889364	38.762736130961386
262.436035700289	369.5239401583463
193.38112591682767	316.07535807953997
20.588499366505598	401.7794008375761
313.6673687704198	114.82415383006892
337.1959196994013	254.03215393434257
213.7330142483388	314.34071121118615
126.45828461857595	206.34322132839725
258.0223424345707	191.04501454537626
306.5819460834196	355.04415353047546
326.47945013501226	405.6508058384818
1.2526613948642344	49.9537811718904
205.05963255793344	202.84404139084333
8.572939413097565	195.89793525251093
367.74871508110755	245.3097832823512
408.9388669225322	205.0955233572975
135.91888074564284	295.53248290476404
198.61317743585712	21.869001810628976
149.22934301477935	379.1118397482701
44.05951410445618	177.26624925006112
43.94836892478172	365.6661701859562
38.89628152008147	148.02520172382447
19.91552769077142	149.82906906750333
133.961252360311	142.1380168049802
392.1938277068191	214.21563687592393
21.86750612478018	231.2888701204395
341.34965520858384	284.30488781392967
387.62540945331295	376.1564171116888
110.15945588648087	48.124006008270825
415.8095653203826	105.6059091144062
103.01929231508934	357.90947384662877
152.24748626637663	57.93600759747709
12.82142795689923	69.63446982605223
381.7952840950064	289.19769293562683
81.87224873545634	412.6779323995348
153.7510373144922	136.24755096789744
358.66584238439003	21.145833362515887
244.60028497332596	381.42159146966435
123.97757743759398	34.834388671912286
197.28459405671404	343.7020331470955
8.798145179076025	381.5008467759775
128.59861684761972	256.54444136560875
250.66107338635828	16.038375764578674
220.61208825476112	215.0288823216266
41.74558481094896	36.29530528056305
4.445313423484683	216.30152322885573
360.35361809071594	356.4037575438069
330.7638730548905	177.0476292357725
151.3931831154523	186.38778461313885
12.505279137436839	116.11211269724069
157.17015231739572	327.75291707182583
10.090769136873131	347.7176320914108
112.15070393777273	376.65992147224847
56.45516197871438	160.44233691481938
311.1687087523354	178.0433208195784
185.312241805648	110.265699916207
161.81747891179242	409.4182546033001
297.27365820946983	298.4588009978456
309.2586643229776	379.06450824531737
349.17136743901176	239.0526616777005
375.79540980015344	269.57017446169255
47.45654006807196	334.84406310747
413.25590573905066	32.201687127548205
380.5999950634158	229.41077184066086
347.7140806527059	415.3935688487566
358.24929567568654	144.9235679629358
187.6394617208748	275.68960521989396
206.9858393114854	181.18595982129906
83.2070394823128	108.45489014151458
292.2038679158839	369.6481664134127
20.567581193178516	51.31353417528279
361.33390946932104	288.6266559272311
269.6960688309008	40.57426818369746
70.50695469490593	338.60901604740667
257.1921200485536	120.26543538453126
259.4821516296808	56.98297021607199
231.1811617628206	278.0844476812815
319.70486593585235	215.71530124693297
239.67458510472824	419.94464010783054
75.40485585504294	158.23203473785216
199.95106509643102	414.58626342298817
367.89702146467164	164.25839931313484
117.76153579834161	110.71760248113584
71.17967757110677	38.954184686792246
142.23514753330318	419.4668188408875
299.92719681469845	418.691377048566
29.339459253556242	342.18189510381444
405.69444477258656	250.77660346530442
247.87362653322745	164.33696268362309
276.89329822535797	356.459583765423
314.6098208405124	313.4070672637494
50.762873757879774	125.8041738361045
104.14146794251182	93.99733377101606
403.6579986923942	141.27916136343768
289.87103702035364	189.92530431521783
139.98740063416332	318.859615451364
333.0660846865055	54.064398839995555
160.781822170399	249.46543668942826
27.23951876957228	167.33472416703825
118.95292573558048	129.68198941173543
317.1405534097296	6.58620318513717
274.2397300480728	203.2048491485846
303.1085273172479	96.013515476176
302.0136220811602	18.27291215634446
395.8996632667484	40.57598665572869
75.35479695119258	286.38978627371034
120.09188565516381	323.39798708906926
244.10197685608347	362.3450599568434
265.0811736619952	389.7202269265198
352.49864276097566	121.36520282629114
168.07499793213702	389.06221929660205
71.9966678356719	316.89800679457755
330.65430770275736	231.39560629089507
61.084194148312946	272.8862406814463
250.6853968469669	35.331365066411045
405.4061860132447	184.96359021771627
419.58753970254065	363.6126715447373
245.7366712612624	265.5122333152882
169.25888733752097	349.3223880177846
15.470544130005965	306.836498760719
94.02246422474958	253.68073640023124
172.47798397745356	292.8957419914799
15.91459022776323	250.96630665650247
204.83412532748696	96.67192676185304
146.2753359972857	398.28009596238627
51.0204322100807	384.08822428492607
237.8787503106038	344.35305863722067
402.94369711753006	290.6947223189592
166.78761452122555	165.44594357644468
214.9943181081268	354.5760782066601
27.746536232164207	2.209449598338535
36.029536859551115	305.9254047897437
240.54277974528983	51.49272682457178
318.9563469137224	138.8261804663983
399.91183852776373	91.97857122388642
342.00240112618474	347.880814788265
390.5757073032841	339.6576765299348
361.80831372496755	102.11507816261346
374.1745570044964	86.44203102814035
47.90075343382179	7.836671311828104
59.54415370526063	22.926244580152
23.813812817361455	363.7878353374759
240.58406856531522	182.60480095770447
264.31450482725836	341.91401825149603
217.7456238182631	334.6805967917296
148.72169042018263	358.40879819296407
188.4654076319413	237.19470524320272
142.6545407590503	243.20014237270016
151.11895036659695	224.77320695420573
131.52573048895687	171.86739636210402
225.49833094327653	373.76170219704056
307.8843919918536	399.3013423252162
