213.43802251740053	64.17946954847086
403.9930757385955	393.34312419898856
380.02772603503695	218.3000325139722
348.89515826180013	345.66539602030684
411.10767232013177	335.83954190685284
163.74378397488823	183.83315441870775
270.25095858906855	42.81797804648667
96.19095786403524	390.3855410363983
167.11904688591312	323.95307310699036
381.893724546381	66.61573845736824
309.72378438022474	45.1523059673525
233.14135904451894	154.0167991704391
379.98814131068184	99.14271909091126
212.9572027140375	23.855043762739125
403.20508680563796	30.122427318944972
136.2444242728611	48.27343922657374
24.541361657736527	160.93160579663723
337.2563543462951	177.20440922971144
261.6338541516435	251.81590239875175
25.202386058481597	179.93906748451104
163.3615517894761	11.645149760764097
1.542290303926197	21.5990856298808
115.12173410437093	237.1320242124734
128.8749365427915	132.3777708284073
301.8978017816651	148.61591195266323
215.0568960886108	313.56845619893244
75.69289840573214	299.5553643967872
201.50963905612713	104.93225601452706
123.38775020913067	112.4186330401731
45.2839015738468	265.3699281681438
270.1494586847608	375.23887726928695
236.49842075326882	178.36639930896484
233.886233070628	305.8709085431881
164.27190124957704	374.40515818900775
154.44038429692762	55.57951973130127
14.499428322645779	366.5317645990405
101.41479471061626	126.86221733592839
340.2737505553158	86.8748613306363
184.24498987739142	191.76190472399117
297.0121016120061	360.51814046548753
36.69091819850919	0.9054236328352385
89.37065874611427	188.76232513520307
23.006078691295492	404.0667737075253
206.72296007864304	338.3783650959959
51.128931949266104	94.09146382607497
159.98761490027127	98.4618293130209
130.44921859401688	336.0225854338844
244.4938830437695	131.98186960755177
234.1178400309841	58.54644159376221
259.1455904271177	178.22847569048398
373.20023799657434	297.35996519419916
166.02021515212496	233.30830591752033
288.483548174155	404.203141011703
142.47930345759465	17.67521792008836
79.41701880859294	279.1435300758718
176.40858297287167	41.561277986694805
414.4801355267984	375.2917975266179
368.77621998395637	235.30109853125035
48.1299933561371	361.31335181784505
414.3404510615187	82.9820950603231
38.48390220900231	289.3489651452871
102.00362478417823	222.93369307255819
202.47649593912874	359.5659082287077
236.36895619693507	12.904619335562108
274.60063220560545	204.81158929953952
177.01179865786872	63.30858833224605
334.81074610209913	214.19957815576504
328.6653552661479	240.27142130105474
196.7846738519788	210.09412240587503
396.7571488268748	230.3587080238274
88.03977781543922	11.39554159217282
203.038818160762	188.32038581698004
259.4299651551241	310.33084072817473
92.83116494841337	146.63334238384496
371.9360837107444	371.7875539759115
343.51717314951475	67.01526889874438
37.7960216850279	35.51079883313026
410.7507156840082	246.8750930414403
71.73998634831528	394.46496845553884
297.0657902239498	317.6014765363857
44.26798282617768	191.80024599201997
210.19746473863992	275.9238880469422
241.16524151993784	245.3629816735019
76.7244434902783	30.755894782301198
7.365788068314108	285.1366415466615
187.69681251763606	80.43856920701046
390.53358892140756	149.54223178816284
264.3760167213645	339.6869333749845
289.99960984486955	7.886978637056655
396.86959176920146	262.8932670411916
257.5941564959403	71.091637718983
278.7006581910193	177.49788646351428
306.95707879960406	413.3280233387345
398.4487529517028	189.49340830230454
375.7004256382236	192.98674861172321
381.41902790238515	174.77114270008667
286.10141405389913	278.64965396500673
306.4059997785077	391.74720082968076
233.1542542840449	369.8085657383743
16.610052014923653	238.00322262599803
154.17046121705556	152.79343498783615
307.2024232435993	122.12295063670055
383.30306633373436	30.40623294103689
65.39591976528338	264.6611907065509
57.10239224134708	303.5888432046428
268.4057018151705	228.78981584105418
88.88087892776836	314.8854183092318
195.61858705094974	54.597510652581924
323.91640307519754	402.36757470130874
360.0697265232966	102.02036582446691
231.06559881221318	276.140786399113
119.73542557559703	24.73464424727528
256.07586647680836	10.580717925180112
352.37069458496296	46.91178082622256
220.095670002867	292.3725884040781
265.04518390203117	275.2208171166087
195.26140973937285	34.83844711077064
293.19938292236895	200.5119399968626
324.4103644782973	72.31612338753922
270.23734705296397	293.59083026733674
14.058634925351138	139.80163923859533
166.28673787291265	349.3345442647432
164.92267050841306	284.77622608635085
238.3069771091642	111.9798314288779
117.25164483889627	405.73917371056456
413.6421439138549	125.01731985185373
418.10361729925734	355.19960228216127
369.5819586219401	258.2779096266621
260.7194093471507	101.74783255094913
217.27176709042243	380.7254690543291
169.8888271894595	117.92024980568956
350.0359101234075	7.014938308946885
200.51297524936197	231.00045475890946
167.93643003988126	411.2650374069745
3.7383615643899466	65.03667128358788
29.163325422845176	354.33300104494276
308.6321037098442	214.6338283611469
22.131975082350866	324.28647087870183
108.59054499289465	65.09531909232872
289.9575887624253	382.13578516549126
75.22814182488645	246.13547693213167
365.4603142988376	412.7896743580026
132.8827356626784	156.70908969296065
239.9398535906926	346.8751498480617
145.8480850179799	194.43628083543544
380.3862664609842	389.67993815121713
322.7973746235331	30.398027849418742
193.76938553022254	315.7385583307678
356.58637217580895	278.2537377797533
276.5987348628085	319.8690568682042
116.30329400073548	386.2647142739398
343.3549947873203	156.0996786115782
415.86580727861434	44.34830051821363
137.4094220979716	396.0654402523168
415.6698201672565	228.0647553297081
18.176292348188547	45.349963875367926
114.28082206939602	45.76423900070779
155.37125807104988	249.2697238747446
221.80803477739934	352.99384314606107
144.24415559324405	286.81394918229086
405.06764103332665	281.6269392788752
146.14475011737778	74.90115055258667
278.0516301016698	23.915255965783487
43.9357276393395	54.47886268418335
308.20711092656063	335.7321291447209
399.15360284032414	353.04047592430646
114.72431050261463	83.67207969496715
343.0151225616671	321.9983044423938
30.06680068173453	104.70341403473662
222.5396324418484	98.61160652547998
232.175438635923	36.04561430109439
87.72826355214141	110.3239237057958
127.55702157047448	272.61518695198174
67.44990528545074	82.7121359795045
82.32347291463718	227.42633914134362
211.95619807890878	400.2228088266388
156.6026676003429	394.6414931142891
377.0233931458938	277.51366952537893
297.9683033946046	167.3289526900592
414.17462459999643	299.38694776904157
73.8480285300036	50.04755361165174
143.89545528659622	173.12931369142396
178.85895683294203	300.78140302269816
94.40478949651288	50.13473358970358
280.3954322367095	97.06795234651663
134.88304311978538	253.94429358231713
35.65850900728062	209.1737155216225
5.4762082901388	162.69489022004547
342.7550380039856	112.00876867591487
272.824762664524	418.0352132142584
44.301280235193914	170.29912124306222
363.15826312320536	121.97183502916135
26.08776356084779	18.570769670613494
85.71308090029275	164.7523721819419
194.61246112178554	376.9573183456203
323.6092766554575	197.66687548915672
402.7413352277951	108.50432508926909
150.31080788836124	218.956259061151
222.87251250809226	258.4479110261477
362.7783834674625	63.881105893555464
109.13786083205594	346.85479249684386
84.06692918985921	68.43514486275946
108.6932977753082	258.8142985392823
390.1910089103608	335.3590854500707
15.934072756249734	304.0722419953863
307.23263660756356	186.22369711829876
49.716555044193925	20.51152427032449
252.61148161602426	50.991005215571775
168.46262402530536	80.47803898420554
326.1613954133995	128.4973526896321
344.7345320345539	133.34625872923812
392.97884121750445	85.15826488056801
121.95906926515401	310.64465933830206
70.84580998655525	321.6168734448318
329.0504320427353	51.706775582014686
170.50107958970224	137.96616976117548
189.31960934473665	121.95560113529375
300.29601144992245	62.67639098472987
59.89412062530239	65.10093782944818
320.93094193547546	262.44452450463547
358.74129968198196	216.29824058656462
385.9352174579583	121.53688592119487
347.9055067264839	198.19960954321047
413.58622495134443	146.05731059338947
318.9537803131795	167.4173070365703
287.394641094895	78.19117913069225
65.66892665194807	169.06410495526075
214.3475900857694	43.63687051976623
277.70286489822035	357.51372171135125
384.7852563211203	246.58131584890637
171.74218043962478	261.14137490926714
416.6123960309269	265.74287435218366
307.0405175258827	82.5480596164226
127.10714207251087	3.6037269469778836
229.97645459977136	329.37358522701965
342.7766771047543	408.16490965972827
88.97049340583838	260.86020080735966
3.3611557788957365	403.57148210490584
73.2185345336551	149.18147462285316
108.28056486946137	7.739816387835734
205.80815197813646	133.00633606548638
52.45434820193748	246.7047346981379
125.33719310806603	365.2746290034735
221.40419019099653	237.03681712604876
183.5566497339579	244.02936593471736
419.906483021342	187.9097694473911
268.95229753680064	396.94303146021844
225.20209121311524	136.71129889741954
42.009306062613284	399.0807092657887
288.3573981081422	118.33313019038336
16.624942375332513	196.98273179921685
151.4761633283755	337.29851359734636
2.824430680470767	318.75053472179366
215.8075065939986	173.07606138203184
185.61576043043644	2.8151647008678524
84.83852488844833	91.51735641452747
309.9385801680011	235.63061844656374
68.26042174013412	110.00197766055551
312.4679132367509	282.2095433314754
371.8333237885293	46.7322602463872
15.649276042817725	257.1250467292649
150.1327845059709	267.76576536318896
359.41938151849575	182.43079882804372
198.9817725785054	292.25178836712814
195.17367958427104	167.58719366552455
95.72993118965708	242.87878042374282
17.432346214876507	385.5099871567754
101.2073580387811	30.308968496219023
175.4805033050079	158.70974022255382
186.3839221959834	333.5888447083773
259.9462077230081	158.0043703376981
289.43418122548445	297.7661219659313
361.72677670650694	30.14565713970234
191.6579362329451	146.531429266984
49.45605720842918	114.48918411879721
288.2990258054976	336.55322972061566
14.882939872549944	217.39950423257767
219.9546173653873	118.34187558771345
181.37019804744432	221.44068118120222
349.3748779222228	234.49828696147182
68.78870669885423	11.143048421623948
11.19324140973026	340.89724081568846
57.44890531397298	38.94865609104024
180.93759014914994	361.8552878747275
123.03977927554465	172.9734099006049
281.1704598798796	259.8570061054053
368.8148941172424	12.455574166444228
66.13394736669976	189.8041698925154
249.0280044622985	380.95897001200274
34.637644396831654	376.8877779335109
228.21162419930508	415.24999091850276
34.15878367524708	132.62574977248602
1.0758227805586962	101.79287411014118
37.379352630921076	309.17797113862764
349.03842636941	255.79176979834568
50.7033326139648	151.84657467737327
269.32021027532016	120.4341924952304
144.5509260939031	376.8667024929105
207.05935344083358	82.50387617689147
336.7158328776875	274.13227354629026
251.0074530346692	31.7821031072365
345.92813814848614	295.76881742418226
6.91596582034956	3.328534050062258
338.24926465556103	388.6487061465155
377.46134043039496	350.7796682987624
302.0857184179682	258.5243083030621
145.43924775719955	417.2370926575051
298.77763882370976	101.8731713441894
113.11817371496494	143.4235819501379
58.151436488565544	134.21183972829522
370.3080714233822	139.9360038587494
389.6312811779885	11.154339920215895
177.60557453135422	391.7667821546744
312.5053570781922	14.37393464867831
51.72709182330076	322.44406088397386
121.58192891515537	218.0057395491957
246.75389734312995	264.411572791307
317.2428290886351	376.06391747751337
23.294208707433633	274.6531101163322
230.44226846088418	395.40778730316254
298.2944364798591	27.997856687450657
254.07790490872898	360.9679662974163
402.69337497007	63.81174902719332
287.50348120460427	239.61062346973182
229.09437711443016	77.01161731869853
285.6420705411089	220.68353976630567
40.469618469225466	75.22424023219529
256.9912408508284	212.37164596607053
308.2074883880467	301.6416100723656
142.90187754803975	356.8377961334745
136.35635152469507	233.84696915183343
33.23230245827449	249.26410727663398
128.43975825028673	65.8463257027973
249.94180310215992	292.54381987696235
393.4273154095488	297.4152504812437
360.95049968791625	330.9983283403348
87.97650758767182	335.5068373047677
202.42631202205948	258.2325149533172
36.92543891432956	336.3607581438721
341.2869077440554	24.70886573641317
97.85519304081404	409.98527639839267
326.58090944864597	296.422972181568
262.5448873489196	138.26722211096728
80.11876565043207	375.76785451833683
362.34632796910097	163.00984667143965
390.3122656197276	411.55998729379536
59.42485698040428	378.98587660996424
392.40290337683894	47.41394665779933
148.50722109709295	134.06536767926903
407.5154875655559	2.2910628461211897
23.86586257104585	86.22820460849506
334.9049661613021	358.69843729485484
290.7166952311195	45.57003627091644
104.90064575966433	101.69257246225712
57.99599158208618	341.3398776956912
206.03686587196145	419.4963304102055
158.58604074109343	303.7063887539778
321.9348429510846	321.42116410141165
126.7835625666636	196.1709839416245
241.6847852508571	224.8222621705835
328.15657025944796	340.11486612028705
81.0489339618782	206.57782805517718
62.25701021911987	228.74964935038247
209.970514863912	152.49898610590486
57.7970011619562	282.85386343248166
279.65082394006595	158.27558017281936
249.37626490124572	194.97379963891078
23.596028813391733	64.21500616349331
80.56405564245482	129.8729482470571
244.03876449906645	92.30006564685758
318.0047829007874	103.26710331004573
142.78282531527327	108.99766642546126
39.46309232003464	230.88871287304087
143.13743961145363	319.3084986327324
78.99401940799943	412.89664492315137
103.53153905026143	302.785144831348
118.43467304369044	290.15568474099166
102.02545463618756	371.6421058265587
219.35073830162233	215.4185106800374
108.14341266297495	185.61333452047845
193.28235136604388	404.6371468107685
107.23762252824253	326.7451949367007
275.8770890727316	62.48946111218211
315.9074309956485	357.08255640565284
394.5008658683646	374.04678767189245
168.45902178494805	205.65794536726747
189.6468910850663	272.8574852065851
284.42160840826205	138.72600381771363
361.73489729855885	393.31525637181784
70.46607358831834	358.3084610831543
60.758899358614656	208.70785619223616
406.46447990904477	164.95587836111366
329.9546276201128	5.389529450224631
359.27077406873985	311.9036997070398
364.88711261049156	83.4645585328623
396.74211926183995	209.2697676801586
102.51763724224769	203.81085031891925
105.01841567054478	164.98852452820856
98.91065022436965	282.9143340722075
180.30318135660897	21.93843870944172
54.5689532173847	413.44330136534205
132.59278643898213	90.12822083107388
382.67750939262504	314.19371388971723
321.23673109358805	147.80466694132318
417.91497187667505	207.81549116346682
14.224475919084444	116.81202501175564
402.77479493192925	317.86285448984745
352.54154383364215	367.6862084551762
251.07046344781105	408.28048462887523
181.9952118281535	101.17074767855901
224.08058128606513	196.0848263229247
89.78689193059964	356.4868803751411
157.13108154456373	35.67459699770157
