124.28896327267337	379.68992966709953
385.1568877307258	323.47880458409367
144.46551521690654	90.94230288992324
320.5328786874567	361.1156118012622
62.964603960707514	133.55957362035912
251.44092805242232	248.1988858977379
123.42066863482002	9.497529364597963
291.703222639622	355.2763568513121
222.96044618771643	142.25937349988777
213.2459682334307	214.29056238254353
306.24667944260574	345.05019736177616
344.6916651171622	39.06977068130321
355.0580170601032	184.63993229070152
240.3818031600216	293.35465976126164
122.74377032799428	53.72562806094243
300.8064289522736	89.35697665080154
361.3611794786055	0.8525053655542615
360.61119423726956	294.1081732941792
178.26375649169995	291.02367747244966
2.089247474460193	119.44901606718462
140.72539093349732	214.79782620617715
175.7683743963019	134.3542205521255
70.11691886826674	240.743997864441
85.1178148681343	35.45768651696631
173.86974467486132	369.9758542449983
12.666852325090815	390.68143833427825
89.28963587684076	202.734688600381
2.854918254873005	288.74250313572446
418.20674558801556	412.92062285922225
257.4087680622695	169.20569764776388
15.599970591128987	145.46697597722337
337.21630256405905	352.33740358938564
331.67294364024866	245.86480082883648
95.61669033073778	17.030515154041236
67.04306993086539	410.92954143680623
333.1930767651095	410.5270348689967
315.62510940444764	237.34051904605528
44.472216281428295	417.159350062532
81.56620628852166	139.58093793394508
55.972184740463405	210.52888073129697
380.67531086661893	188.50656764846462
25.600189111382026	294.15448530510304
225.37933006432667	303.1865490223105
220.6997421330693	0.18215130884081276
206.03054167703414	58.729796002943424
407.60408053353905	29.19448668791468
360.6023963432684	87.46000416784538
192.61526059133777	93.93826405415345
354.9868532019015	341.1190999565988
280.78114278931105	44.762154156735804
33.20048794703349	217.85110891217496
82.6984345497964	306.2771254687437
252.9378000771324	224.28408522624778
198.91693735406005	375.1228995929134
214.94549720731305	394.1639769103637
391.8934553414213	262.53088380232685
277.8023945478092	404.8814332221385
113.14688589303564	287.2443593842829
36.83014782983694	244.34099052639394
392.45615792142223	164.84083831007732
58.63341727507771	77.30190811758342
93.7448468992004	161.20452576300747
223.51302875724522	194.00120767034852
261.3345291422446	307.90564373864083
16.678914545887423	413.756934863951
35.65177748158881	309.1730249312554
325.0598229764306	268.6237519847373
33.39623738977118	34.22285686879563
0.8748768326852128	324.62637444216233
387.4745971930628	392.13746118397927
14.686808075856813	30.458308531443375
279.48919898737154	250.95946796629812
223.25797295339976	371.5469934101383
88.90894900919939	406.56451180734797
79.78979489925247	3.683394844759123
236.42284940982788	111.53930226766522
150.10605662579414	277.6549228021609
2.123557607099458	268.547314204524
342.80747175093865	119.65133022954367
16.70666268656159	310.4817561019977
327.51978517876256	136.21006047981456
285.5719674206565	385.5904900525585
232.45925811538163	88.4541089395244
311.1926659591967	283.45594507964734
151.01682570324326	119.72268488677081
56.110219497180466	252.25500008813918
349.80119876561764	244.98209667277524
79.80294824327285	346.2200208135701
279.31451287822705	159.57668686762395
332.0864023069647	329.0610402630557
396.873867777197	46.79316913118413
164.51361619415275	247.9046387746789
53.88750875473495	271.18402353863854
262.9280543684758	368.0876759026627
387.89726084899354	113.57751565181456
8.640369069965518	182.76566551018027
113.30516855555798	28.382169770518647
164.0238152351304	303.87740148649925
118.18579770505957	343.96258365870875
12.486790832215314	165.31489897045267
393.3159059409117	7.061786969023448
331.01657517284866	388.5587137913381
372.7704758632257	128.56683099487532
31.603114731318968	160.4965290194602
419.6114693627227	237.1362817443164
64.26579634935459	312.4964122410052
195.98023717484247	230.16759225754907
219.23550920792988	73.5847741420999
179.6295196135333	190.77235376201932
19.410697255440123	13.313517184266846
199.88796783294146	247.81978675264668
284.3809143539517	229.0249440721892
61.54863171907871	376.8368963653511
345.90438242165857	76.05094998668893
222.44710178925047	174.61662133810472
367.8689662646571	397.53095306516445
357.3609099724589	273.2230039626338
189.40809454934717	153.10060688459836
404.7858516135694	276.5183012294223
296.06081242486397	153.28988921351402
74.5944452875289	219.26752632022772
86.07761930832211	367.81018504496785
377.6844696345024	226.39542310696356
167.05086513653086	152.2002268850318
111.18993540753898	266.789156940451
232.4364191423871	159.93503401426574
52.79757575007431	345.709557935531
404.6379775498633	332.1534660900955
36.19497084634842	178.16592128931288
370.22770046576375	35.554898418944845
146.6981117690271	60.789430710951606
216.91186606090025	342.3587059547091
349.67742485043635	400.37174648451105
240.18343461122757	187.86308258785073
68.69113328008112	178.73132433107037
279.5064522629269	321.1759449128017
144.24952497089774	179.28230582290757
214.5279693827285	158.2919585197861
34.62601051615513	345.8585202737848
372.4682648577627	262.6285036981247
270.94256470387035	142.30087646586824
220.21242483878817	268.3232337528269
195.9942252768846	205.5677903765476
260.8080672005672	419.3451516205547
348.1251702389261	311.33940726709443
126.61306845818385	203.35535839808182
54.70140635235491	166.94208326761097
361.63429124558223	112.49080803021907
17.537092606500618	85.78767692915092
82.70773338573326	53.047980301551725
102.33501065118988	187.23603243948028
18.395197762381585	334.5348007536974
402.9749995538872	69.41594731664394
413.41336754491175	167.7929580474417
287.63287152868816	279.59688552205245
155.87501066701074	42.22512468882478
289.75632913860625	75.05502727206651
393.94246062812016	89.29235068979406
272.5597858660718	268.467622873237
270.3101840154787	350.5496183167936
414.6079541148147	393.6506979996444
141.99146509266848	297.0731405159078
170.8268548348895	114.72055591337741
75.88889334726177	387.9821358762045
143.0590352169307	407.1629520617182
349.3557859367862	167.6601372609717
210.06926441947584	16.23578165450855
138.6922393147628	345.17370187368005
399.02784338257266	185.82290194972143
281.37181397188544	204.90615367500524
180.002069953963	216.3781258593229
35.36820920045445	401.1458830315694
313.22292656276966	410.22651644059505
42.31940037958538	128.46409550716248
264.54938120040305	107.17655981916266
336.8257856205725	371.13423636484237
78.44177063820959	72.15408830934022
157.52927960816893	77.67623925367405
369.536620308819	53.669541808041544
46.03079965137654	324.7028910680565
387.77823096928194	242.9615746012668
71.44480284827833	23.639202251210857
198.22929579493672	34.10189478824052
313.1978583727309	22.702106920341272
327.7663212480612	33.36519342997078
176.7877487679651	234.745123175179
381.1129936598256	409.85893114825154
413.0014745775497	142.80095968626725
125.4073965033746	253.80901594718765
96.69043778492569	124.63343657677429
32.6892477499354	109.23745328634581
78.30389001026163	121.30816453282479
66.43376752882807	359.4917089728121
296.90302944416106	33.509068307438795
234.867689125144	386.0544351768379
237.76603890543504	412.35310130408106
162.2231592348511	172.36247594150367
367.86719943311067	242.52651735013055
357.1177474598129	207.6762816384653
338.7494384304565	201.52823592034514
189.14918695176786	419.9164309085373
167.5619462593261	347.51990659608344
209.0032523691003	313.74251751256475
354.4392197505006	22.557518684613687
92.80630259701387	280.1137240302515
266.3973641497122	237.19293509803182
107.52604238792686	415.8388745037563
249.9685782760605	126.24229686364731
295.34059463967554	191.98061642577434
181.4550839126569	80.03230086482365
354.2483666408523	382.0993751246192
14.36064751200539	207.5479516854165
27.032795266771032	368.4247986825503
262.4387709936294	33.48999091087286
341.19245958846415	280.7511299656949
20.853878421279884	125.47075287464831
8.108801356029284	62.01671383394452
273.60196340971555	177.06448097450576
35.57425366392898	263.11260750877085
45.56920358562922	57.474013557146364
398.7643938003937	407.26650219193647
121.15369305723014	307.91752662660946
346.05104017488645	97.9664243670359
114.5729600470637	325.13751553290433
57.24702113890176	395.3374466823922
253.65443320293187	17.81266566474401
367.1051184817611	148.62491836637162
181.8957297594226	24.973761946969038
405.0959639814266	294.2839129399746
95.70297061393657	256.1775682958723
101.69927770489777	377.997165010718
46.991792140372816	146.3120447539866
154.1012807325848	8.960516565098978
16.73067682969083	230.12418122357153
13.905756317047121	103.40671626232641
225.65641006398482	321.3002429685751
303.67589232906766	309.88303188054493
283.07854852712273	21.885888022249002
312.6750884067433	328.34516318151464
386.3844887467242	298.08201354102175
232.52738203788329	210.29752856951143
295.53104632250955	133.7172872326846
116.61428611397471	152.70478215584512
105.91802233547986	396.0142400631136
314.4219347894481	152.66650852337722
197.22629462638156	267.4180361527733
112.97243025346899	170.93200451493698
67.18314667805505	152.13584998701103
118.77019026533088	224.4470627139604
143.50021659402177	197.017232153086
341.0230292466096	151.42947790916674
372.10223863902104	362.09839587494963
61.806055118422485	97.74800238598779
181.3752238020476	259.23951297696414
131.9927787713489	279.8207927039559
280.4947374950568	93.22344376661644
49.886771616125934	289.35488049244645
147.68986318126923	139.1363798797615
295.62564118239914	407.54383400197696
12.313490680772393	252.11148184586372
259.2569951327706	188.10574644007934
340.94922442950997	10.934638098794604
253.53535483973937	334.119337242705
189.87217206224406	323.07686126839826
393.8924782505916	350.6027372883259
108.37588160620513	239.9580854983912
297.9632515367235	242.48382915297955
310.81955433297776	74.15441004188283
353.31121328883165	363.15041369264105
109.85504096741289	91.33606219119632
409.225158882589	255.47173008535316
162.20846508243395	25.053643437600552
249.50091331440245	397.01735250660033
408.9322975731526	375.8154546099135
156.3071203932208	361.40775921723815
127.46938318573436	104.92173645845232
305.21006332838357	371.1654900335764
199.48374915150188	169.94441859748142
193.56113103324887	301.91408802602774
338.5246918005779	57.32283270808686
115.18955831461312	118.51440346656184
39.10757504794729	15.371720020140355
25.258397040420544	68.95931935961421
371.3025941538692	168.14611784517285
41.95666661328433	382.15533621174853
13.929855634496981	353.8556314600579
213.5599571758004	235.98090989648932
249.6308066360613	95.25880601471687
376.8781781007701	343.87773995414693
320.03049610414746	58.09001194392878
19.0442235209151	274.20373599273694
103.12223907179339	308.96934994910276
324.6819631324732	217.90052198542875
247.28633839091526	75.7488651636601
309.53244711910105	391.39405490339107
170.98726197323924	2.3160447305520937
295.1892932997055	171.3033876894741
66.42695973308192	45.28789616078208
342.3048350028047	262.72103861707876
401.3294408333919	314.33197623338947
26.1113613132429	51.02010239629803
391.49166053244176	143.33954693877655
204.134193747291	110.11121912146422
293.8553386026926	261.63673065952884
245.40615739630923	316.54744900660614
372.859992703511	16.232996654162907
97.82292849932477	221.10006157260455
124.25356300542474	134.1282718835203
146.89363823607835	253.85166585720282
329.4459049824163	106.94554962992794
139.20972346428982	154.87322004445463
382.64824866064157	277.87782998931056
367.3580762116877	327.07707994187734
200.7473807834097	406.1178419456689
415.3462601848673	219.18052281334326
66.98992955984926	331.5847748781406
321.90466812215783	311.6561467759292
125.46659556121088	404.45645960666343
148.77559850993717	390.1221990046927
212.30038307235222	93.2069863919375
416.9164525403143	198.74752171689713
222.5974824705942	124.47813725411955
137.95101485526524	40.0050769321733
230.94940215039995	16.66860200065501
271.7406177691576	123.73280744169034
157.23881865769602	327.1904824326764
154.56695959926566	227.15424994237821
252.94833052487692	58.32962821275738
377.6442236841295	97.41127317730341
51.91576661523423	187.2715178012593
43.72000816499666	361.6837193528058
369.8798601543217	309.27595797774006
161.39104481331415	190.8934248688375
76.96640417927935	257.7198651251137
389.5818664094369	25.604873983371682
111.79963339439287	362.2574391910343
101.42881463140269	48.751993925107826
202.2308397213477	188.51741351216563
88.34830088034585	238.49989054224645
412.81762468858466	350.46797810333726
173.9800497066236	388.26562680271854
180.2767379567813	172.50853748351145
191.4601753665944	125.00886460712124
302.08050233029695	223.83006114204204
288.06565586005036	298.31393984183256
137.4074796776411	315.44867667630575
308.66191922865465	106.07634808363251
54.373520435814186	28.956451040698724
216.02879266584415	287.3796601435539
87.73765469743606	323.836735275621
392.13488786690755	369.326016961102
188.6409271908957	352.22476402236634
417.12502810232246	92.98631888459822
254.484785294073	271.87139572176665
255.1160687982622	205.85214808560906
96.28036531156377	65.7722443394452
353.6975338682286	134.511486400005
169.1474480217883	63.577529894082986
133.40128905609086	75.90486800155945
313.01054017110187	173.89208682009448
292.86271353474467	114.91651041589748
335.2317878924329	297.5780900159808
171.15203830696606	95.17991080621131
29.99798187179941	197.48816899576357
335.91225774559257	182.6446869413536
107.71059852714933	205.8514931940187
266.777480170726	387.5703051876857
310.9952273768203	206.51103404269227
100.35488825818307	144.69218718434885
295.0550052413176	57.652685056945906
373.6506205121354	75.3235728653591
158.66266183172576	209.82415494801
216.72444926178062	44.29855782426292
170.57708317709623	274.0944362010981
322.9413458030248	5.503164466349873
234.413064462507	234.42604315871301
269.8201094520868	70.123133629922
137.2827519188457	237.56368657969912
288.58552729417363	4.809335892477711
235.897069590738	34.0492683715901
96.03655417191442	104.00887302990772
86.61933735965142	177.6137421581486
226.68374255603246	250.94745215604195
139.57970590886268	369.8062922152375
243.95287689138695	146.07910212030185
320.1449269765348	191.1734190249229
242.25850185356634	366.805986714183
58.95831537769961	10.706976322102998
236.82688218216967	275.52698386415926
201.9990228074935	140.4566984354015
177.3781039991958	43.24476933515075
114.80267929778098	70.48954338020816
48.64448720998155	228.74413128258132
231.2933022464938	57.5292236116387
236.06076539184082	342.6126218956993
141.58737069108182	21.749171876500696
313.86403254573287	123.42856989544384
53.35339721314818	113.94381551896078
70.01773282925528	197.21417775122262
75.20752777619737	286.2995568880885
40.625405155613265	78.16922600865512
209.7953199031294	359.2195837012892
0.032410632692818735	13.513717477624006
404.3871714224877	105.47694118266756
344.583283679933	222.7580155591364
396.0323655906369	205.10689139577818
386.3369423251417	62.10824887379815
125.99303480635739	183.21093729092124
187.70912889312572	60.84694643997778
79.66417215431217	94.88212046413663
399.95637107191476	126.73583248435716
9.516668450047243	372.398075217901
415.5903702767017	46.513015064112025
201.54040694544247	78.05340397179533
375.2681831791813	207.52351408504032
310.64254113908675	255.54108425282084
419.1639458093034	306.8213434000708
396.24247818371566	224.30096924078404
