205.67795351252835	65.26603992156292
404.30094205542247	396.99352663993017
368.10861708210416	222.78312703518023
360.63402549837224	339.1989260463274
394.2268287783447	353.0355450674439
167.35094390777553	178.93970487859468
275.53995741653847	39.789691183241125
120.19347187307504	373.656220191685
174.85346834142806	321.13105041415395
382.90979680437295	88.67182202255523
325.27571490943257	74.93439773748538
252.13692929083354	145.60972355998
386.00178271813706	111.03816063232573
201.2840109197965	11.796414255352257
386.7015072369631	22.629362222886066
117.60972989678449	55.74873483512639
39.5799186190596	129.26498768785262
337.4868473539828	166.77213759615518
239.6801683384771	214.81469563754482
0.38245999001620407	163.89374005302324
136.6614400859436	35.144694592751655
416.6876666926315	40.05575520306113
104.85561955960445	240.1154579014836
115.65075199085376	136.00541068955422
307.22114199629704	181.9435437223342
216.83164475248122	313.6272325579971
85.64656735699228	315.38224163956954
193.42643547238922	83.00806106147128
141.06621919325954	133.40853264683574
51.81999993741516	266.78591240929535
285.35739431507653	393.27885548857967
219.30214554875946	179.85258712340868
233.198097047405	290.0813241886675
161.56112793068772	400.18931883697337
149.0237784233185	72.49380593529509
37.180888173633114	377.3714196902405
129.0098890572433	127.3204932613957
349.74921161520047	83.98336588782414
178.6222237398077	190.8180450358161
309.99244037644945	371.91301635196606
42.410836684949935	26.45502951242314
71.75823727855085	167.89441803733808
39.460920847266266	9.186457363299068
202.13798920087447	336.33550455774343
48.03097517072818	83.2802367824008
140.5585709101171	85.36706325846697
140.17635057719713	319.85924762713677
265.8003991153852	144.36896951735037
253.99524554121058	87.18893647506736
237.14538804033083	171.57347946282346
379.75670491885234	290.8661667989143
147.6641674036053	234.22804622581518
295.0144704191807	412.9049236467103
123.96209348533993	25.643439463822627
88.6077610455415	295.32924550775033
154.27497851399815	49.25457195276169
16.47778898130816	402.28897948054566
369.17193431714986	244.39825106527786
56.31144767643905	351.8803816898905
411.89707063209704	73.80600050708685
68.32797141056015	275.80488993398785
85.18636644343003	225.22174628445677
224.3770464565346	339.29408432827483
250.59676660438905	22.48905516855139
285.3564502589818	203.23180410208434
157.33956156531733	86.91874291312645
331.16578380655164	215.10399317932809
354.4031311222166	257.53384972893474
166.36104936387537	209.21718516581038
390.2723013012901	218.7559750863395
80.12621346155868	415.0725090747555
183.09004198608739	209.9339523478961
252.86018841810503	291.1441854895784
79.26744721169801	143.35543922744037
365.70597629149603	376.32949849870914
344.46884742334623	60.06049460211686
24.936450433266845	14.837206850190183
401.90408691210104	231.8374278861465
67.42029756045011	383.88001044319924
297.80639026037505	337.584279657923
25.346694469986296	174.67552535860867
185.5013196087674	257.4844628858324
249.44153251192665	240.89450890421168
72.20247932358853	26.297637724606968
5.939468097762883	269.376199736508
171.24588933908146	52.70874402189256
419.8984731649167	133.77515644115846
234.16732006072274	308.4723207457784
317.9600873235477	11.662472899867335
408.3762269068995	244.47130211305807
283.2833852407396	97.67928100679096
268.85136307028944	188.38897932280068
321.45681004691625	397.4885082541649
388.45389564618483	182.72274211743635
382.9781123131242	204.6015273409101
387.2738822798632	168.74005452465116
290.83352060375995	272.3942881237941
341.32760322355495	388.250120763718
271.0567892948499	386.4248969361784
19.419481545042405	227.59679124648565
146.24247444947585	151.30907005913818
320.4428822467344	120.19034825640507
390.60473786141523	38.76712764522893
85.08217723277136	262.4494901534025
74.80023018717877	306.79023212903815
268.54072105703614	212.74410609622325
99.07985285858325	329.7855564910966
186.3420604932655	29.18297173502579
345.13519414471904	401.62496973931997
380.63925907485213	130.26251466765734
203.38516593015936	261.8046407620128
109.6920779505107	32.24666846998681
268.73449452009135	14.05346822950142
371.19579227252393	31.99877630148778
213.9248261365976	293.2198081917961
285.0797642651318	218.36513993337746
183.37508700610215	15.528527327846257
307.60687032566335	196.16472498415905
324.64034199678355	90.95490164903258
263.4070570182043	277.364947933059
23.175210353774716	126.62229386928016
138.38649148106012	333.62552538649237
179.54558946516826	286.19311407771426
239.69456642028496	116.82279624657092
109.97813681735116	409.9620112894904
8.851300434876428	122.99423200348129
416.0372117811852	346.2398255948478
394.0206804562911	271.500963944527
267.7567034342885	103.18282554866241
217.44433837357732	372.48063935923346
167.95535169784267	115.86815775960153
348.89326372057013	3.862863180020744
160.07159735962378	224.33298895784185
145.42379876438997	1.6214015118228209
0.0978335591260493	63.13077414627755
417.82348174756817	385.88893976971286
322.3637877839104	196.35317591763624
22.26023920311196	313.4996091665137
96.68839184408024	69.26310906401977
296.732392440807	383.90912286261965
74.40157563408525	236.94132255215916
392.4994398368505	417.2300483902186
115.8966883074119	156.22189666262096
246.5315458213872	345.6158107928382
131.70521979412214	194.39862919643485
393.92646745497615	382.63569867650807
331.74875288298216	54.42691152928754
186.50140493686462	314.11434202942246
379.2998253519765	273.8649693542074
264.0288208431124	338.4786658174642
112.93432616379468	393.67535433005827
362.63370946352615	162.9950869219339
401.6806431543207	29.776027318255185
124.94260042254959	406.7770179335096
0.9127126778013424	234.2332354491888
10.131782649308043	50.657772731919856
121.49782418386772	38.80471553949575
159.29413317217592	275.4829606167385
223.18413579690116	388.6576954280145
142.30859302048947	281.0013085335791
409.46458648801115	262.13238067930746
111.6356009443651	82.29297754257111
292.9590466828226	49.466355813231026
29.899926679831818	43.292520165689155
311.54885444432284	343.9087502661164
381.91043592271444	367.2689061936488
122.72985043238465	109.85416088349338
352.31346637972297	327.3573954497448
34.5139519042866	88.57098223504155
222.66659344259946	105.32151712017694
226.8746339859315	38.687761406919854
112.61623541479554	121.78689425189296
134.5077963725851	251.05179722266374
66.84479798587397	81.51224212623235
75.13019933963075	213.50864135226072
178.00657368292946	401.8628483689559
124.37246614019219	7.985509193187162
407.5050947933295	289.0073203067665
288.5478918870696	183.0797403299617
13.59142294644973	299.1255189102828
80.00676488719247	68.45568057063373
144.33001139685786	180.51524653349685
170.45235525541912	307.22589266372296
83.9811479893345	36.78231774253213
287.2560064069199	111.17088009148591
124.55076572335699	232.78484252248364
35.11441650430769	208.83322369186183
7.2112599341150085	148.08845865344978
334.60802788656207	115.72300821537088
282.7321517016236	13.599850722544113
26.44408228576169	159.08656429465688
367.3367409878707	133.36528793573353
11.007177385183635	13.59480897445628
62.48852010381514	155.9677909489976
216.25982705341036	358.5668675749413
320.561477922747	178.83939751675703
410.49660999383093	110.19821348571394
124.51653950639182	217.26598961796205
219.6456120936148	253.7264304823447
358.5164597936116	72.00821571949425
104.0777424523015	344.37494841726203
91.79694810967204	48.97554343863736
117.80105394050015	268.05863386505075
4.287114590307702	326.3899020048057
19.997073939574925	279.30712642583694
311.93563008071175	162.05722656777354
69.9431066689166	39.706705941562646
268.17955533237625	77.15069190079868
174.54359775566903	93.45774843100435
359.03395790620255	118.18947512924147
332.6991469306945	130.1316634157039
395.1616029879549	98.41121858812421
124.82222958221469	307.34437053384954
67.58027348419778	322.66649392298496
370.03662289661094	53.880669994274264
168.36236479266967	142.90721805482366
204.25626675447685	134.80873602447997
309.3625303896314	72.21354995939137
44.94925417324595	57.56990990110995
358.1477455371482	271.4419194639222
349.77015579039363	192.0398221156729
397.4413608961224	129.47070034216728
354.9723121494932	174.30922678833056
406.4948308283641	155.6843058089579
335.0694047730616	150.5349952660022
296.8080197785201	83.9762315767412
40.99440655530238	152.712716555582
209.28051994409344	34.72420069452466
240.40951090261157	381.2768874489274
382.17092799348603	238.15586445989825
151.63041290380042	252.49702627631723
9.050062123400044	252.7625893369683
311.0844558896866	90.01896806187149
109.2342922245381	5.100180968165952
251.99577934775493	322.39566892474113
369.1018089374383	415.7077345338425
100.33995028469278	278.7595343923074
24.04396059267316	414.06602356143947
58.59115935008228	139.56842841153497
94.64917703297276	3.136894390233341
207.03335897441676	149.58144143130406
58.41108473562169	243.08180098924234
116.33778071354415	351.7860325059418
202.8528377180355	247.4737797854846
159.77576155717193	241.54615041027526
410.07273925830515	206.40412493889437
273.52202544188117	406.6278240092396
232.77713580180352	147.0718466894579
30.503399820503567	400.35185651431186
302.5606927445002	103.02947494598145
6.006412526053112	191.8485996042582
167.86091149798153	342.54336392968617
42.32959358799794	290.99014748838545
213.95293899774185	161.0770690424137
168.1951310528994	20.503027341370487
86.78084267462373	80.27955258458407
298.06651167933495	232.21522123490095
77.26174601054052	90.25074012222737
331.9678045421546	289.3095142981275
381.98027937598613	72.28203631675814
26.686117548478176	259.58932916887755
150.36377075424218	295.52454107684997
373.82624126922104	174.92645279256675
202.51111320987542	285.6138222218494
192.91277668335997	184.95238787774548
101.07533361818689	258.05036475010587
45.226751233869685	410.38135186877497
88.57825736443176	21.932940289250915
160.98197751100867	162.22861641141725
189.52655045484073	349.6109923542268
267.8638282730844	158.18693902943915
279.3972181155816	327.8728803395637
368.1551396673688	16.285025388500486
177.8709819708081	168.2337120318871
65.4747754340121	114.34326716188563
260.7977405227865	364.14548466860464
20.942655955800856	211.15848302810392
204.18113765233704	113.90135015820643
156.57968806087197	196.50056044625236
351.75379378108624	243.73651873034635
68.29803570658079	13.282116613545845
16.1570736246363	359.790182283491
54.77542820549213	42.61824246985007
155.52513082629406	378.9353102372442
123.38218344403084	181.88355083712366
268.75933684532515	305.3164699942112
380.8096391673083	9.05622138987989
55.10264766091527	188.33166470869477
215.61369517476908	417.2574759915612
25.571051265530617	384.4657803645676
232.7106565912454	0.9930603819023146
27.390150357518625	104.12085703799951
409.97085993565827	90.61996073182601
57.55467490889686	289.5429600053773
372.3079644476967	259.6149408404783
40.91768267257907	182.33142706468232
267.45165725457514	120.7364049720554
138.77153726211594	396.85676932614444
165.78738682419376	69.77855440828046
345.63416718614786	280.8686834796232
260.4291224903662	44.76130620283764
356.8215042588637	312.055025453909
7.913273052706698	27.868732172487928
358.2181787504154	391.7718571742461
371.4946173172632	355.36544394534934
335.4320380094705	245.726371283844
142.0495214448002	14.622491830237834
308.66263122782976	131.05606322517488
93.34061708071467	125.09870100926729
45.754706189308905	112.02683577999791
348.0768774868358	142.03346244589005
401.50348976622035	9.52617263567543
191.87430313184086	376.23348230778777
327.6616355984611	39.0591573236424
48.67987098390881	319.06581562170845
98.10852434287547	219.52242452007465
232.63829026956572	259.028139525668
321.97261495597644	379.75885764536685
42.8436487327514	276.73015329877313
200.8136251772646	399.4874304347716
309.61826596565476	37.098582093176944
234.68017224618347	359.47799696072354
397.79399963451414	69.54373039537766
282.57164844317083	260.2264860277233
228.81773422153904	80.41987510380623
298.5382725243533	212.67678972980383
29.893066662530483	75.6010870652436
250.39954696160328	198.74986932823785
321.9284400741735	323.37538186172736
130.73926263965652	360.02828148179526
137.80458323850067	223.7471092682083
46.85150941826951	250.39382956476246
110.19217339055683	102.02567953235928
248.42541477196608	263.0754645318085
417.0130687971205	298.545405579323
410.5446474418913	326.84924405329
87.93205999026219	343.4472979487509
181.3003358371618	240.97640568188115
25.725696326921145	345.02440422043867
342.09300506272973	44.67363584054041
75.31130617980402	394.84698903773517
334.63534496156996	308.0440861162614
278.47738710505297	137.97304590067543
63.52862673412942	363.9533954761583
397.5251026611483	145.72439531946424
388.122364318328	395.3075890361472
44.79742007328409	359.37304920311976
405.7257079349232	48.24463518433267
139.12957510353397	167.78374993496197
416.90845986993446	8.270237923260074
21.066893281137826	87.88349250667846
337.1396225344884	369.4623818345464
307.8079193905738	56.245848133086916
81.19520533981762	112.02382802891255
57.92130123593311	332.52745379968167
191.06637403885975	410.50657069393844
157.12899884783414	308.213790653793
329.7617491977649	343.4451943991351
114.85489987983003	193.3421393226084
205.2308614348071	214.59169302422896
338.89416094512694	353.6329749356236
75.63878239817802	194.36983075805455
53.49912547716859	226.2835262309661
200.89447245773812	164.34182586092825
82.36822415896138	277.662278659437
281.29398593646994	160.25644995999914
230.14752821425745	188.5026116710637
16.22544214778887	63.28520253755528
74.39519085139953	127.17096848102733
231.82647198035855	94.59127029933373
321.08937617388955	104.28598061859913
154.98154952559008	123.14629500744128
42.4109684330832	236.33018914243598
134.71578781883164	297.61856496226113
58.661346989600574	402.8720914378931
103.69403349020516	302.5265547490903
131.5713638288779	265.99552304484496
91.9892376705023	369.2749677201055
195.51207959391644	234.662221927153
99.0418770502869	175.7869437361587
172.69331491045247	416.0663228526499
124.55323678869341	332.46944420526563
282.3019994428732	62.01603180757866
315.99849642249984	356.9127253733481
406.40799610415064	376.22518790120614
146.25369939594714	205.70866748676627
175.57801283432383	267.91039831010033
285.72914731675706	125.35910303341502
370.34222140746886	399.78492428410266
46.135303769812396	389.65175229188293
63.7951944597301	204.78936533144332
406.8604435677296	171.8402336719254
337.1191061381751	11.264161473249487
373.09046370419037	330.79005790344314
372.759058736458	101.64319999955941
395.32231487809696	199.02256112761648
103.29063064754943	205.33005909686298
97.48879497522637	153.42374483074667
111.8459383773779	286.60596239571396
166.06970467970888	39.49532546367946
54.567305684408275	14.733836458042251
129.0425233451559	97.88512208643412
391.10500703108215	316.55330092517517
319.25936643635663	143.40846201320616
6.68557079617474	205.28602139319617
13.534452716878587	101.67629813139405
3.7205097292704856	312.3722031047289
355.4704758766516	353.1685744025884
259.05000651756296	3.692743917913166
194.23118815741597	102.35511096435471
205.5521374029648	189.38727658246978
71.38704464619308	341.09854264544003
130.2335088561779	50.381916996937534
