288.1464395547429	336.44824646421773
186.41311040076243	383.70296415310656
60.93772005682347	404.59118186426343
273.09719457599834	321.392168632466
267.4800791656658	272.79477978752607
109.04849595898256	271.3761299928257
252.3260135521451	284.2323036439022
342.1281298955602	12.097365663818982
164.0863338524043	8.006196578293737
390.05428946007015	75.03135658610957
66.43948485293481	109.83118146011917
215.06459503566515	298.40205065545837
314.59208484159007	289.1225306928038
1.3955510963153652	239.24948018547855
223.67312733624976	104.78139638617236
173.673631070246	313.798237310205
279.37510464395666	6.713057465701579
376.4628369352946	406.88448439620964
104.06587363753374	316.50851542649866
297.19373348850456	133.48945668410684
188.42110020700056	360.2697584164271
308.1599915568042	334.94020524433006
196.2382800349369	292.14053764141266
10.944153492129555	326.6912898477307
243.78877740998985	107.3873595993927
282.9992323184277	408.42671003717095
306.78340079233493	196.35510172792925
407.2416890051475	379.8470855523076
76.0778278207188	391.1642507966781
5.706002145602761	87.4558179538582
230.28387918064948	316.695575804753
66.97646423742681	372.67652996048105
42.329069857624546	403.6946663401256
91.51578955706589	69.69654924983703
84.01273999616124	19.001669908505132
325.66464096553517	347.5852858832775
8.932718840661531	16.318966726759967
269.47121128076014	136.88384434831153
245.03344224833384	226.6023988656001
179.5336979131604	255.9855782002154
348.20077998275104	184.64652940792985
152.5573557939306	161.51268755261236
411.0875239661468	5.229510268301544
65.80159619914467	139.34537005291568
204.63367482298182	39.416762149643745
180.78531286761145	331.2160026433525
280.7967335052696	245.5677512499865
252.5069763665706	307.79231225932506
123.19439653336552	84.69975624491413
76.66847028924795	243.77617155330557
327.6798320493407	384.94307345446595
171.3759730744094	232.17518088561022
64.15930185625376	86.7750190060088
272.0637547276701	173.55430390288086
402.4120289335406	322.09442700663215
7.015985493565229	176.11561730267977
378.7327659919659	136.98369270969096
153.18218643671938	83.94945451117448
365.99485252137265	378.259752077513
168.28819498834966	48.796035164534565
110.34022824174251	219.71701136230942
391.61170756855836	123.09905474915209
61.58470974089198	213.97787479016498
96.20188673853171	207.52919237062065
43.70416026378637	87.77537259143668
1.2385783032337854	149.58217821273794
29.217429048977973	192.02589344862187
78.09491856876969	225.06252024680472
262.97155757450275	103.04360582925766
136.14688215838476	98.70173181629808
144.0354534055039	202.38917996270132
239.93518432656722	247.81830912595814
185.6586407523411	56.96060688892179
350.17794842853135	327.78104302863545
229.8229937882302	148.6189717607008
85.20189226240649	171.4663540435866
106.06762891506523	335.8834299162848
95.67864176676372	284.7442742696941
186.62192944172665	83.490116466137
248.66160182118983	327.2785069358237
387.2555744118163	176.30764716310742
9.872902832066941	417.68396145209965
32.07020174805358	320.448767930838
230.80938931511506	394.19572691195367
211.35200091880796	157.72631238657655
397.99069651810106	19.70688113340069
121.75546486302164	350.4541310059711
26.762884105929675	98.5921918790478
367.31529019870885	314.0500786589173
34.67762252597432	255.05987333197618
345.98680136361577	165.94289236391626
134.9464977288134	121.44197258406867
169.32121715843255	95.82759528510644
217.82608202430913	239.98173343120703
357.38577318644315	220.18003107847537
355.9407346606596	396.57139891204304
77.662005492852	266.3205937909973
116.49126549488673	191.48498995768298
54.28831337304701	292.5735293696571
396.41335094074174	270.74387114456516
325.6833143005405	196.77172970783778
319.5565017254665	29.935521192841513
415.9259122502197	267.3333708110676
113.8337152471635	67.38572701751286
103.68159828140654	24.586843081953965
167.43078571646143	270.90409879846857
57.14119380809526	46.87637741408717
239.60341343358039	88.31896299794367
234.85303806669415	297.5513261384852
220.05251756829117	82.86610328380134
171.62959433729674	147.66642732099447
373.55595769930716	117.19079517438803
182.61914489422003	10.113827197870311
363.71488865757107	1.6645979151773274
385.2938158352616	101.96560231491793
385.58110450981644	253.97259094513353
347.23370081514145	308.3818897459463
297.2635177146935	40.845495409927864
83.07356166496248	131.65443456259348
281.4029275118691	221.58313520331723
223.44500834217035	196.82772563527692
55.958490014892114	319.567976424156
231.33721041934592	22.28524237513216
76.94164768787667	192.55125673618744
402.4062076019967	230.02574904833756
190.9760196268645	192.333156539249
335.03063369102745	128.77785549135356
353.14419666231765	48.71426337409691
299.4253592356481	68.55329735556212
52.317878914693445	197.70622657129945
342.74211639006944	368.59360213416187
152.3311013603116	284.1588275314028
366.83402064156337	182.72820209937487
86.90399385026664	332.7388291396012
377.9421437527545	19.493369055727797
388.8621612620271	1.589415320078908
142.43599119789164	35.93068222359033
305.22236813719263	254.16066658322637
293.0166970074179	318.1012724558015
298.94894031429146	214.6769692289281
301.20159262147985	274.6467177076917
284.1534934261242	282.67684303851587
222.82371986585255	259.10735301070457
263.9627440632271	228.21786917783896
388.95137722835125	307.8991501256387
413.0565086131733	305.70680543552555
337.3191201056864	148.17549293305427
34.5085093481201	115.62040229516373
130.21793814339048	277.4187323975795
171.2804523457812	371.11557185443337
358.95080411825603	67.2773666386907
123.81148105843664	407.48039289228535
168.59341829319916	124.69218306831203
189.46703630241038	125.0702150271566
276.43410900253514	301.27369843622995
418.0064634177263	127.67148734429502
39.739155702743446	273.6333781948027
88.13542154460094	376.77528167279786
172.050578857018	186.07698007330484
104.23562696004616	401.6232079490045
283.3717484613764	79.58919873964263
261.5705098502383	84.42511720814358
172.4089886809821	71.47359231373227
264.1992090171766	154.8711975156531
247.8502227779751	141.36331856491378
322.6128521857298	366.7164126772482
1.4526151325358156	285.4877978473079
263.4365254784367	416.0924767334894
279.97408485882534	57.994979311538266
167.41862541998057	206.02877628139402
222.13661016912255	414.0002778529243
401.1019494295895	56.46609665270995
132.32378675447882	366.93859352202907
98.00781355326522	235.53095999156338
321.86383191936625	92.35745438680729
139.0756618436441	340.25219530800996
396.90119510234797	403.03474549059507
92.20971095035831	43.106726313549615
214.2857433217487	137.73911418315922
28.810446871682178	211.23322519890485
340.53495672708533	32.106105079388364
340.0739662074096	210.6307829199149
204.31056043945077	372.8025006785849
69.22176755813182	7.706144728922347
284.50076648482485	148.98121070688694
204.4982826386563	226.47279001403777
72.01699304421636	61.68795629181998
225.04860486624042	64.00628241896757
346.13693944378946	91.6210135573008
157.05970244640673	109.97930232867256
335.1313891212465	107.10140208150997
208.03369585930213	119.86902035504605
119.55506103507703	303.5235246108501
166.45629415962637	27.996943512201845
381.82100099694253	55.42345069456984
408.65790902777286	340.1434939996973
97.58057828236309	188.39240384323904
323.89338402246483	268.15304502499043
330.20079877724754	300.12011660650205
308.6827914914642	235.39260388171417
40.10919308049595	226.7143877402786
289.6297597296256	166.94987028058148
96.1091902405896	4.662730818732675
259.41957457922035	246.80575851358282
130.46672913353925	52.025172922773436
111.98096119320655	153.57020102566867
237.9185071958162	208.52671252678564
145.20056156099562	262.9479262844348
202.35556794231624	67.10413657160383
34.03777025385311	64.92023422019983
360.579534596975	201.73808695328654
286.02159832703126	24.503432446918943
16.38962464123766	272.45273987970455
129.4756096973576	15.680686693887345
185.59474313462772	35.062066092423095
248.06809097857678	401.91079258875465
354.2251326659725	267.241080284455
25.02007595918613	134.32770866191638
29.566536139803354	20.341370082567263
194.97913591186506	146.4441220879278
231.61501130854225	123.84847635538733
183.9663134836391	411.14451499403924
191.89025980667424	165.27053460075683
117.01946936951471	242.4087713132515
59.08319533179178	232.67975341885716
284.97529112673357	263.8704407524199
81.67466098413777	355.69078453331133
399.95231761109295	162.68674615208982
380.6695648924236	199.20032909267576
283.411761750393	99.8487871175425
138.01590547927654	71.29333011160783
57.81361837992103	354.7421783703337
154.77525417121043	307.52829270268825
25.366613216208187	289.74258083163033
92.61141534097484	148.89900021161034
131.11838457120115	228.14454537402938
339.13748395268357	73.92415315182512
53.25882152153665	65.39461661369988
209.36865333711984	395.14357821157273
33.684485679055946	379.0350480853307
205.4215247139986	275.28585195158615
399.34501636695506	356.58335814252524
380.58725904574317	356.6036429494203
100.01731507698916	123.91922757960016
287.59879999383105	388.11535166320357
280.8621698368591	119.27149740232618
332.2126180784184	321.63243874793204
113.29720977393252	172.80705826020753
313.41684257839273	50.982977407120174
184.42354959262144	214.8801186831566
413.1629420659889	72.95533138217704
214.53219409455198	11.92875882562456
89.79566260844679	304.33046999511873
369.1445601723158	340.2285328247913
257.93401589853795	209.7523002491239
82.64971745827532	89.1989535228397
225.06547376533217	40.214883781460884
246.3951923508285	69.61075425613284
201.85456398269739	255.85735589358566
382.8067449807088	155.1470399709369
318.43674034238705	69.38228071140789
322.6921042313879	159.7707654749976
304.83380834265	152.3472333517538
126.93171451563786	388.8244145874691
53.41227331372204	251.15325825619226
415.50199293093414	399.90751235651305
371.67260342615396	38.47485317982245
264.03614662261873	370.88609474692606
192.56187160346101	315.7613639401586
20.778566901769167	400.51925488427486
312.4288797940566	119.07223163434325
337.42169169212985	252.18055708749995
211.5181911906414	318.14758690737096
125.79627736035398	208.71223911269118
261.40575084177544	189.7029635854389
306.40075330022665	354.0863486585296
325.23205639866836	404.53011733113163
1.0372010087050518	47.153142277599784
204.17626590490616	206.22765337672698
8.736943291983687	201.02934348490058
366.98591396042235	247.63375638526597
409.75364479460666	203.2147057014345
138.32545242042698	297.8304200411833
198.35454600805141	21.51536199471683
149.40654541934418	382.29364343775313
44.69495890009054	179.56041669239252
38.69289318404077	360.3354448583191
41.01777248411927	150.90555111432184
21.834042343223917	154.2310854352017
133.20037019465764	145.12453507312043
393.0861725573847	213.5122487674093
22.5339545615542	234.15473778090225
339.9548025158006	280.17191028163063
387.4606899126841	376.94120769406163
110.8734446659105	47.95482925142518
411.43374501824746	109.93020839200288
100.82697209203671	356.71796594890657
149.68147071748646	56.72061339388595
12.344815378756747	67.96916461596618
381.37264607832435	290.1451434948444
78.84598872898766	410.1704064078345
152.109825832437	141.07995912783306
359.13154380083563	23.40854869906316
248.40415717212156	381.3018985779531
123.3254863687045	33.789761135468304
197.15971362158405	341.5901752761291
5.656854728706022	383.106959660712
125.4915863523264	259.3985217592612
252.84751784736085	15.850159086421712
223.87450424593192	222.07865928474726
38.50236862041725	37.882439242659125
2.067471135286215	220.22637847996157
361.4528955495532	358.0701230855035
330.5913714235092	177.82301421749892
152.43494478083718	185.34022840831662
13.531037372979798	114.73504845710843
156.9567290396231	330.0392655031485
10.980572241968419	348.7006812180354
109.92966138656695	379.4372995371073
55.65828158600895	162.76254399033775
311.54902808212364	177.48345436998792
184.68973803274523	106.93691911041208
162.15579991648417	408.66565787087194
297.1172184026366	297.15349493105555
309.22949902496254	379.87605778449483
350.0982511615473	237.5337691565036
373.66370409061716	272.2299429981428
46.6208058403566	337.4621249449537
414.14260932765995	29.3941442225052
381.308967183782	229.02898927728606
346.1791025884917	413.9172089520069
357.85791240144397	145.22741666032036
186.0697590846867	274.3121722122576
208.3107514481539	184.74707510627192
85.53874949605967	108.51660034072188
289.54042079148223	369.4551726048542
20.48017671589541	48.294832037732334
360.66112455343944	291.5554010923896
270.2223380436698	36.251933395720044
67.69830922476547	337.95945329530605
256.83828969632384	121.10842950634934
260.3096561340319	52.34385684378385
228.56054268988808	279.92047815308564
317.81304383969996	213.9485431526803
242.55795297916598	419.94216281873304
73.48400558932158	156.48640434561497
203.51847171223827	413.8317370587695
365.06698916763065	163.56477076722038
116.23898065689207	106.62593459240946
74.5488014081992	37.02288390570812
141.10220845773387	0.4031956071362686
300.46299452126397	418.394019080571
29.130384765805267	343.8899979006986
404.60899444380385	252.35346456718364
247.15155328232004	163.65008445717157
276.77900428176963	354.7046520430012
311.1099509664334	310.2110056565645
50.98647983865088	126.1943016288033
102.06124068830258	88.77028326990884
403.41451452198726	142.14600381499113
288.89078491375733	186.39680228139818
140.20806027472366	319.1743143971261
332.4949268013822	55.47953337436398
161.54657529255164	250.32546995032428
26.85300155411535	173.56420321811575
118.43959981278088	131.22743225199662
320.16846888698205	7.105974778516454
278.9333932429369	202.58548356857048
301.8372762498706	96.42407266063185
304.48694818266114	18.371046972760443
391.9346960523852	39.322808604715085
73.5472052751288	289.5559371925024
121.57522069122321	324.0447820996834
243.96131315602148	362.5386869892534
268.07673867225685	389.4743578516242
351.59459104599205	119.5683587363247
167.249008308201	389.7820478673098
74.84171300286299	316.090662425046
332.00776420508765	229.24509178119263
60.08085567957211	272.6911980787017
251.22010526341302	34.6776279358728
406.8693195041643	181.8487999239702
418.21578959531996	364.1319587709187
249.25457620852612	264.7196624620009
171.750520515202	349.13825448338457
12.770623208764336	303.99793512958706
95.09245665900063	254.2484787502778
170.4066744789823	291.574637682381
14.002149285658833	253.86763317159645
204.1048439287881	97.58085099457864
143.17186642388606	400.51446224947165
53.94407752769712	386.9815943197079
236.35168186878286	345.48807329322227
400.1451201197121	292.22050795815164
171.4289858538948	166.50335846859974
213.9118542759955	356.4829151748509
30.060028538147648	417.8298866784956
38.59285673212853	302.9503475250885
241.31804143728067	51.058980467261954
319.89801460373087	139.98512637304404
402.2979312452845	90.94400911353361
344.51232399300807	349.24506888698625
388.3262943857325	339.28540165379763
363.9743545746637	100.44492518068182
372.48766809991787	81.23626808249335
49.47688289226631	7.339908439878982
56.0185640006871	25.26520893759788
17.263561292555433	366.56530624385994
241.46281351445572	182.2656788425281
263.35701022581526	340.6853640298895
217.27863247727723	337.6751542868831
150.7642061303195	359.78608218733274
191.39775126559857	240.2143344121431
146.21892921144098	239.2833831478315
155.20577278597878	221.16091380650505
130.56141675108682	163.95936953869509
223.25021500613138	373.89080741617266
303.5549469559213	398.81436275776196
