124.3309789198664	383.37058839394206
382.04186149767764	321.7484660381102
145.7285626131034	94.48693152405087
317.5281032003081	365.56246152464325
64.58651678401361	130.1447863395073
253.08660802935364	258.4297218463415
124.38790808068227	6.609389098835835
279.12079604886077	361.2134932946354
228.97178897628507	139.6875972189638
217.22549879960937	220.37932052776512
293.78710761938953	348.24660889979174
345.14454437333586	36.759677387752966
354.4702425662736	188.6668230877253
239.52617620159907	292.9286953102881
130.87071773382553	49.764103987619905
304.04252094945946	84.81219572991705
357.87602439870477	1.27243600899865
354.0707514626385	294.6519589117486
172.81254803188318	292.63188368203197
417.87308008977135	117.66735042826215
145.91754380719317	213.37908198772115
174.3435905798992	133.77582200027868
70.5170864824334	239.3754089381037
92.87891531222425	31.120863594341596
173.5612375343841	372.92021039083664
16.182973717223806	395.5050051496858
89.35520716559381	204.2431730732051
5.566963788609187	286.9889527146911
419.50390428688587	419.5546108665752
252.54515824136817	168.795410784807
8.790811221238842	139.05115514760604
330.79570716432534	352.03176780993175
327.39155382269035	245.51402661399445
108.53243255198267	19.76555172696788
69.31284446831305	415.4574567826867
330.99075537795915	413.6817222908747
314.78273957308505	230.595825884101
49.88116671497079	413.97179298528926
80.4191216203453	140.92900410431199
54.66560983586437	211.22026856542345
380.4087205128205	183.11592756614303
29.07991606133347	293.1682302487238
223.86911274954136	305.44966099951534
216.27018283478904	419.52597569092416
208.33904256205602	57.74853734495932
401.6416465064181	28.483457764719066
351.19363765953506	83.94492415969633
190.91553104370715	93.74847796201135
344.53895779416024	336.8534304098943
274.3720267709269	46.79618003391146
35.71573270954397	218.67391660058604
81.5334026581234	306.4909892237994
250.9675672590308	226.56705605522674
196.78530275113158	380.10684129941495
217.76034681145805	394.63549417206053
387.05914265483585	257.1669878563449
271.56108510785447	402.0087402406991
115.05033080750025	291.48102471667295
35.82183522935895	240.1600349970681
388.79524998642563	164.67087241687122
58.73382022562616	70.27416528510803
93.34950215809778	161.49286565698912
223.33208960652078	196.4618236754126
262.96676656848393	309.19574777877614
18.677263855253948	414.5966452548286
42.186545191443486	313.47380235899254
316.82202861765336	273.90835715348504
33.99009194151574	35.055742027381044
419.7651431772567	325.5758253806024
387.9249408200262	390.09342848874627
11.967376470452459	35.68399310395896
282.3288241099657	250.73081403718933
218.0356716834678	373.2796654608082
88.26550171764781	407.6191544274373
84.56697931723635	10.972416246079263
236.29824931997715	108.03961643929114
154.7050857627051	283.15634299918656
4.7394856006731905	265.0637213923375
346.9398744089725	113.43015816991172
21.744838630821995	318.3186390095908
332.5711187764794	127.60869281069205
283.46610569558675	385.6938028254232
232.98835678229608	89.10898906385106
315.97743394268196	294.4897652444827
148.77954820971496	113.68030496489239
58.41646153828445	256.40308875296176
354.9561306881681	250.380886945286
92.73330564117934	353.86394143600916
278.1023736904332	161.1612817980341
325.9923702748417	333.2067543426324
400.0312544477803	47.551178098584906
159.054208610915	248.16819087715837
50.81214839396352	274.33204983108186
260.7924195358715	365.31818162517993
383.6365819305192	117.2481678122324
12.719225579497987	178.45808264536953
124.71410405538221	31.608585963975063
164.6410757351104	310.73115055350996
126.00152280729502	348.3720439965218
13.465546498794698	157.6904558516055
403.11012256158324	9.179248848916025
326.160447780042	394.5202265968881
369.44442050954467	129.9749509541738
30.59308871889563	145.10937339348138
416.5607245107822	238.62901962555904
61.44390836444191	311.11117162287616
195.24134405667118	233.7823763512808
220.57838202000156	72.15363743467569
186.62354443873687	191.8153107798293
22.34018050403584	17.545308667199283
197.7112934652557	254.264806890843
273.7561211477234	223.3111760393696
62.528797517014965	375.8218452870502
333.63463901187214	74.95015054838099
220.91561324201683	174.7192691593739
372.90593607188623	401.5312194883813
353.1260809653312	275.15893782463377
185.88742675580212	148.58659464878923
406.8559862818526	274.04257183221927
293.3325562219234	149.55845099269172
74.54841502356055	218.61202316519453
84.98687412108436	374.96242354471156
379.43117299908704	221.98744795231414
166.62951503001943	153.52538489943328
118.74234743998043	267.6872412441533
235.32925964036798	160.64597015345794
58.50861118263749	347.6001233396008
401.30426317727756	333.11329197522304
31.209210888835322	170.43576028053596
364.6959707858892	38.820669433333165
145.9196640135423	62.44070737141399
221.28703335450973	346.664033451382
348.5747634149582	404.58346848984314
238.37756655706747	181.693340991237
67.04978739179518	177.2480581844401
277.63235064738893	328.57358659079415
138.59680469569687	176.89902064497247
213.01803554503718	151.14151794531278
32.90641355394405	341.29177715231685
369.4663036580556	265.0587427630715
268.90124957208656	142.36521016362815
211.7287171485604	267.92564965705805
202.1327808960151	208.73777367724915
263.0562476018588	0.20616857675579248
348.938281867455	317.3956493834578
130.54785031052165	202.38641633463752
50.44647672722881	166.4262649148253
363.9409085528906	103.13143204163208
25.247332619779264	87.4648323598121
90.87587679706706	49.87778436565407
102.25393373455182	190.53315986840045
14.516555557725372	337.20495523055115
409.41586494937195	67.58037563655952
414.1836030490361	166.43938539382722
280.77840946813484	283.8939136868048
160.64671310345653	44.62192069304132
286.63110334029705	73.91897926214345
395.7614717573966	83.93820212375086
271.19193078245	267.33114380369716
266.8559447512235	345.0166337279958
415.97995708115667	391.4396619987048
143.24184460560986	300.09647895370466
170.23452529580297	115.01758605535481
76.73692030489745	392.2420316954351
152.87314215623928	405.20850458560574
347.655970683391	160.91522147913798
203.93904317374964	18.85619632319614
145.69618123079957	343.00756790657636
402.1238242736459	181.141803265547
279.92055143368356	200.43991661493325
181.28505053963104	217.24138601800476
35.975678997579045	397.96275776559463
310.12863010186305	413.2261994682547
43.50071300984467	128.872214803224
260.45493419831087	107.48197578250495
333.51110846127	376.5018398962036
78.40087565043571	71.78562438192017
158.20061407711344	78.02883578588953
363.5830653858255	57.65669368566395
52.63768925814989	329.67088332285005
393.3110589774212	239.18573940578787
71.4444208462767	27.793389214081806
199.24823828467822	39.55433138342332
306.9899418456696	23.757568440372868
327.4863365788367	30.015505211353812
176.2822892185585	236.2244280761553
385.29989589103616	416.34618479443446
409.46016365580954	147.84366361299317
126.33256120382293	250.14732315192606
98.19607951299773	124.53007697327772
36.36968849321314	110.97342614883898
84.16161901675777	110.89244714284148
73.71892619986919	358.9786772365171
291.4080236147117	37.77256220252922
235.923547790217	387.0524679330406
235.9138705303527	411.543064017549
156.47874541523836	169.967853527274
374.0399103368649	242.45333778486267
362.7344813524628	210.10369205263262
338.8138229729041	200.35400892639402
193.5204478811328	2.9795693348175822
173.3683953336282	351.19412616308836
205.72717109127058	313.50680465837434
356.3368116187389	21.59878845743881
97.72489867370737	281.13984707185915
265.7934887117996	241.34734887241854
104.19608816810954	0.5147846868339401
252.990525482375	125.59874565852833
295.8042978475825	187.05216482096824
179.57465842244434	78.60386187372231
361.62123377300645	385.5386467446957
17.820007597870887	209.65016446262337
27.640761377905317	371.7789736030796
257.1244613146407	32.001677645076
335.0498526577647	281.00511886357907
24.671421664434742	126.25501630375312
13.799521785108967	69.80163050523382
277.3607698821365	180.8678213991577
35.19589398654032	259.7904770737535
49.36519228073081	51.02929094755758
401.48224754131377	403.9642249387597
125.18286211468768	311.89480661101487
333.8948633666383	93.73745794776988
118.1161573603204	329.427392986121
57.63536439963033	395.8006882817071
246.65522331571967	15.763745951342749
367.2782017804917	152.2737653369541
180.67365538702083	17.954811606159197
402.5824780805752	293.98823151674327
100.3007025730535	262.37208003662516
102.639558888683	382.4930456684805
52.90592196850892	145.54920799930105
158.16116714294398	3.96914097697573
15.885300384928147	229.89353279753706
17.18093242433888	106.96106314798209
226.41166614228408	327.6156775868942
293.5667094249169	317.40009304387934
275.6958602838272	26.55923282246844
305.5578180782739	331.93724274094745
384.3766943969661	298.9426881941676
237.1592257323313	213.1026114917692
292.28492809351906	124.2355251940895
120.40809767852568	150.49235374961444
111.255151026766	401.3443582759648
314.02070637764774	146.01231804263557
195.6718855788802	279.88564128632754
111.24517833731089	167.43979408553417
71.07446309895971	158.67627522393494
117.19806368123365	227.48228635478338
148.78562562319638	193.9616031154409
333.71280179468795	147.77513301572557
366.77638958029587	366.4448916862884
63.57813719551814	92.65911370428364
176.9297348704742	255.14164569359082
133.63905340349146	283.0324027668639
273.07391291813803	87.1786464168585
48.12267119981595	295.03208599618205
153.26623151623357	138.42431008420962
292.4866487089591	403.2042170939354
18.384417156616088	250.23214115148386
257.1866573265637	187.64031849356803
340.100478882866	10.418533222508724
251.21529679341597	331.63721606921814
184.6363015531884	324.4790896790823
392.39992379160327	351.11084681551733
107.77498309158423	243.7772760128096
298.45429613037635	240.3858259354602
314.0047522553193	67.51398098005376
348.28385030612867	360.8512600663466
114.34121193954812	84.68063933935356
406.9189248917833	255.12012657067655
161.89797082166265	22.67292436414421
252.39969021583514	400.62952606433964
405.96250252645865	368.70561318691813
155.2406966523511	360.3594242057061
127.12975722779105	99.36971141882091
296.3489250893819	368.872806799894
197.9237883341263	163.66445802785472
192.2656550930709	299.71154049813487
338.40493829940795	55.8277242324025
117.20754336661226	123.33966372237731
41.2082313653394	11.333437053260011
34.22721798975741	66.69814418322919
364.65265464776917	171.6941043647194
44.52805144547807	381.1755582428414
17.181705734507666	355.85692104145346
213.46029983381774	239.67251878216274
252.05864078288488	89.56734545255983
373.504337186553	348.5659309440298
315.81195489216793	47.21492196245734
21.921292960039857	274.8359916395289
104.40812646901698	307.45749573305557
322.6199500643281	212.31542704993245
242.5637745410215	71.44811231982612
309.33353929964477	384.99525226584785
174.89296129019425	413.21673967443195
298.13164235934664	168.04041285982868
69.30653209760868	53.90919423872726
337.7233531343741	261.6404837594191
400.81856826546806	313.1901808229379
22.72029460974762	51.75391182709905
385.7767519706051	141.86667283081363
206.44703485267962	109.76058811910937
293.7961499298618	265.694596787577
243.74884301191128	313.0915590146304
374.6194348381481	16.43674307133715
96.56282913619098	221.77221410291028
134.24456557504362	132.82658330420568
147.04993076207813	265.27085959335693
322.0948702837644	109.89966182997425
142.97955306221078	156.63156974035877
384.7914345225896	277.059021810938
364.0969990916653	328.88744591313747
196.28570027873522	399.9516583212115
418.0738103818701	212.9956444837244
74.83753891020932	336.6779062914499
317.5295070824393	315.1031300922539
131.0225753620638	405.8388445594698
153.41158853885534	386.2774769419836
210.70778727476934	90.71233002063998
419.76642891571265	192.78554981628568
221.76164631616388	120.89626402481863
144.1065072504571	35.69033658344155
223.0552590706456	22.146424333706545
273.01022381771025	122.97237186160245
162.88099736630997	334.63467696465455
156.38113143269842	229.36266027853546
251.2291951962443	51.639374120298434
381.4931482431184	96.43388765811451
52.776289494748475	189.6599012490834
43.22953007201969	360.62184812204697
367.42059769104173	309.9845517472174
166.6153744562849	187.26808261284046
81.81137096759952	257.4109740252831
384.06057914659795	36.15944616622161
115.84937085736323	365.37239190404364
112.37176826973975	46.199734518219024
203.37366851137952	182.31713177633216
89.2921505904712	239.10706487436337
419.04184569417	349.6417386599067
172.07079321629288	392.93685931243317
175.72393799577534	170.67005628069418
189.13692598240428	120.48084218846972
293.5616873896187	219.72321274463155
280.99906670960354	303.07741791057333
147.0515531244327	321.2422091792767
301.507143461433	107.16634463210451
52.51331057444118	30.37734709616975
216.52802137149231	288.1860245848698
93.24513070448869	330.4876456882596
386.6203114740805	369.0842948480681
192.6197719977257	344.6589131390265
416.81269702677236	86.11590521480936
253.5663329525676	278.42380172093766
257.7610478339113	207.47790666734826
97.93646790522602	67.96263918469404
351.58036998603444	137.25733758909914
169.10886233683922	62.056799984129434
134.52532287869383	78.17220366876447
319.7157682712894	167.45296342788316
282.4361159734188	105.39889124953457
333.030569596926	302.7781460176801
169.67890641528064	95.81153462628983
26.087657375478067	192.7366354395949
337.39461750755953	176.77368128992268
111.95134024954285	207.98163463202252
263.1006539687677	384.02437350647944
304.5511068525393	204.42812810381352
100.67996252557033	143.71290713741192
294.20186825665456	56.49111803416317
371.472735458049	74.77915056385547
164.20308463511745	208.8873114165551
218.60189432157338	41.40740079992508
177.60661173528823	273.9108037612484
319.7865992216697	9.482994590763887
232.56919719759946	233.5635426884762
264.412570333403	69.15233748482493
135.92556018357112	233.78333991613283
290.4511839258899	7.842880159883576
236.8075560684536	35.78340101140465
101.14907852207969	102.90682984167869
86.11680686846641	178.82151216177022
225.29058296653383	254.70582184680285
135.4746444127192	365.6591840371614
248.32856336732735	145.78971750917597
320.1809605709096	190.8166303332319
241.7570585420076	366.89522605656964
60.34163331333389	12.409608479632446
234.09601942600705	273.351450867362
203.456257379337	132.94020983708583
179.92296024199354	37.08930875298622
119.36818857175037	66.27906689767086
53.103056736415574	232.3364206943702
231.8731025629706	55.923515360012054
240.3204095346828	346.9808135323722
142.84186086255764	16.013660407490526
310.96089140176184	126.91874552239995
55.497260045398626	111.13083723361623
70.2625165796357	197.50771137591738
75.24173544083776	281.4261459304624
43.791558594093985	92.39705141044487
206.27328794938714	358.434195585445
419.53699509297945	19.101783116197588
404.9847860309389	103.21423021934307
341.18325289645355	219.23102853774986
401.0032937240958	200.443396946656
388.47740913538445	66.2538794438581
120.96711610598202	185.78971024507797
189.0793919797829	56.963056238295735
83.00867150824696	90.4389496447543
400.2439184056387	126.74382123376587
8.018712376792388	375.3686685356804
1.4269433752975726	52.412485638844025
200.08510352452484	74.99968232294331
382.0723183620633	202.0897939013945
310.5498272497282	255.81150201387436
418.238096408037	305.7095080452967
399.6462178772257	219.67222823056184
