288.2531526288835	336.0268773826389
187.4100371162871	382.95216663394075
62.32021699724932	407.7060685642579
270.00959474041287	324.00576216057243
267.17700429567446	272.44188137884
109.06335309591783	271.39349857780144
251.76735682563313	286.32615690412365
341.2524042781476	13.24452865584505
162.31588120565405	7.330174130375386
390.6025987309176	74.37659439748104
65.3152810632155	111.00368620963357
214.52705109761817	300.90127516164927
313.6977689813917	288.5948288650368
419.9462655560401	239.75885560412024
222.88637234707176	104.36395815384326
174.12819676693954	312.4377431984347
278.09515419541236	6.07448836750315
375.96589556720545	405.36559697819524
102.58238820176476	318.16710055599395
295.23806395441784	132.30085649648902
188.72881288415422	359.6874662978764
307.8811266389586	333.15989794836344
195.75948387663064	293.84778341469496
12.871004150529103	325.104655236235
243.87320300808602	106.92700359409581
283.3070520811802	406.6148446730801
303.8903553984331	194.08349938802357
406.2700429342648	380.0622326578975
75.18779145389608	392.2278390789498
3.98185692118512	87.09247057862687
233.57564310987684	315.79924740522
68.40224286049417	372.5243957546248
42.000461133632605	402.5527463644752
90.95793287174703	71.50834941618324
84.55022342132575	18.47398959128497
324.66263091622534	348.8028396330768
10.885518139325617	16.264994549509087
268.0212914870488	135.54210004629755
245.05502606432287	227.21507772717945
180.59679489480888	257.03377581275754
348.7688677012908	185.60688893206384
155.83164932642163	164.81272829253282
414.42807989840594	7.483912938464213
62.89757096309635	140.33652863743916
207.00132443820846	39.70840014272477
181.6903111013118	333.72613228285894
280.1809691231656	242.65844180757972
253.21637913456607	307.67649975998944
120.57538699384303	84.96123651607876
77.27425038723521	244.26194230227028
328.5001011809873	384.21483046978716
172.21971739775262	235.02540743087542
63.6263728837804	86.5336331956059
273.1316197039405	172.05462941431819
401.61755496700056	321.48911453979764
3.9803528570580715	174.2901794497221
377.3697506981432	137.12074678761846
151.732958384492	79.99419967495382
364.6272947848415	379.0252618596866
169.47179943783155	44.48414108742627
111.58070428944987	220.8992666000033
391.2943775629308	123.05469829620817
60.37885159691559	213.11826742573172
95.47488841691235	207.28079425960325
44.87415396145912	87.23931668137277
0.5545721247327203	148.37336401090693
29.599760360892933	193.04762710296927
80.1237844772477	224.7400541210818
263.5681797379841	104.47181464888651
139.4001052687514	96.07859120386614
145.14019067283144	201.44114304458242
240.60549380175524	247.5773936359149
184.97815935891856	54.5346897747023
351.5802800320264	326.7264357814683
229.89078876626496	148.69154061586954
88.26904283937341	171.4636248389531
106.04164035060377	336.37070620692566
93.1598870625201	283.8924053686093
189.54177552696882	84.26499386852971
247.5930356754276	327.9877616157637
388.6443333504618	178.17948917991498
10.164162391408567	415.69214443106785
33.849990423281085	322.8547393860539
230.92946455022468	394.88223583280376
211.64701000110477	157.26664402742114
398.77274888364053	20.034132686092487
123.25256682437207	351.08045316319357
24.577014494460407	95.04002972640247
367.0153812963799	312.60386447073535
35.04895629612326	256.5258157610709
344.3847381273128	165.40062442657305
136.67360602993529	122.07550092995139
167.59099119303434	91.42988159341007
217.77600940658843	241.68620631684456
355.70247822521026	218.75006663327767
357.37637610446643	396.27638267351847
78.8450556623303	264.7279106325489
117.50520462355452	192.9900669977488
54.92649822225675	295.3203086839212
396.58640953165127	271.8265689008121
326.4936576795367	197.6109526139305
320.72327132720494	28.266720805537346
416.0033713340293	268.19890101873466
111.7699213063566	66.70937791320786
104.65856882171092	23.83904992004437
167.3115433889193	272.50338569602604
57.61610970326551	45.70807530573201
240.01555777507204	88.06583399103503
235.05884069295385	297.10010344968197
221.6302218839671	84.83025327687038
173.01724179695324	147.23694552109663
371.0335845742223	112.84839922461664
182.35970604993102	9.527614972556137
362.6438620213577	3.762128261751138
386.660013586688	100.24852185498857
383.681086423468	258.60030813811653
346.439277714875	307.24030139971796
298.50543936877824	41.04210508581033
85.12944188465872	129.11216636019185
281.39346124511803	223.32902327336907
222.22709532387776	197.65217873598266
55.887131441624156	320.09230303486623
232.312089465064	22.97658359824896
76.87932562980318	193.60838357098248
403.24838481014336	229.28750336207875
190.408776917307	191.05973505582463
332.786012885464	126.726128860529
351.71438651188186	47.51265371913487
300.74711096232926	67.88577808355555
48.71516694121586	197.93591570392624
343.933922493561	372.2748747269178
150.7420179809451	282.2534847346438
368.59414672842087	182.78459585381924
85.07236009116258	334.8730216730576
380.45924592432874	17.90530277390776
389.2017123409511	0.7601464719381521
143.06285167303653	32.21398374915594
307.3464551995611	254.80191480591637
293.1968844577279	316.93096094637866
298.16930698351024	212.1241527013224
300.7323916923158	274.5440980340293
284.7605276532126	284.5552448158498
226.0924922353731	260.7283515140578
263.5747508838548	228.75866973887975
386.9438716037128	307.67324856855595
413.8353432921187	305.5651015407737
337.17607186402364	147.89347136282376
33.878561554309265	117.30659802001794
129.47191156396752	279.67450439092175
171.86817712248325	369.3171694038822
356.4321178749795	65.37305898099366
123.41056006146961	406.31863720262425
170.04062276818004	125.64093289923902
189.12671757154462	125.20392346061827
275.4156435898685	302.451767140039
418.92387871476853	129.59377761487835
39.3598199974545	275.2614952402659
87.41166428089852	376.9808158491833
170.97573360109183	185.280999121923
103.59953319701177	400.4994205883383
284.9958063416103	79.91644689761961
260.68180931595913	84.671213534733
169.77707408955695	72.98002049171816
263.19751977700133	154.2135223037119
247.5727667909011	142.74049737531905
321.21532349330516	367.27160170042373
0.4092998715748855	286.5205777583613
261.62904070616077	415.7494900649197
278.36397137041126	57.05819660197598
171.18117735339928	205.28502975710532
224.29826273118766	413.7070242227171
398.89742555069586	55.61467737481087
134.8239233567549	370.23674613727235
94.98780527608551	238.25444597676335
322.18007212708864	91.45390757232657
142.2278818948247	342.79570456602033
394.7238693679753	402.7525692854768
89.4135841596873	43.500759798822045
214.49073513152152	138.20652757864508
28.181943664678467	212.61610497222878
340.1490699466369	32.958301643989444
338.17495677041916	212.17780565425713
205.11383297582577	373.69708133317425
69.98153446359224	6.477974447707954
281.36552529430577	149.27378508816162
205.05101610271578	227.38109575571778
72.75163758716033	58.40523302125008
226.35486239883426	61.86094717995403
344.5736212439635	91.66509519501003
158.93260303258944	110.38367684039999
333.4337881594423	107.02195399924689
208.51417601108483	117.63084210019665
118.75005824652574	302.75324992207675
164.73606469184617	26.2545436572193
380.43267768780674	54.71365828760731
409.4059434672074	338.6763643049096
96.03769623461949	188.42296566588684
321.78586085849565	269.13304862584965
329.7869783167332	298.37523857734385
309.9638594630529	236.1436586948812
41.50524611031158	228.00156051825485
290.8964258289191	165.8553210086989
97.74220932395714	2.5488636610844266
261.0342849356163	248.78194758930167
130.94901747387323	51.45740482514999
112.90387221295964	154.3867185140199
239.64410038647654	207.79146895271276
144.45975919656212	260.7161435557347
202.74405482089816	69.23088921044817
34.18539262599226	64.03536089828526
361.25970382744146	200.6926047930288
287.6783309221982	24.64272907801887
15.582291025370104	273.66679540300566
130.19785301444853	15.278472697854063
185.13252410657145	34.622378983262394
248.353115283619	400.94339836226567
353.5976568122562	266.19571232892315
23.802090955122996	135.6374445476898
31.302041401948916	17.782315121255966
195.97324249044186	143.88884484165757
233.67899209866818	123.10619174924823
186.0199481053789	411.1804433811794
193.81883356628583	167.85677350483454
115.65959405639313	243.07091986113554
60.75410296675217	234.30119003168656
283.5326220459479	263.30734583274966
78.86632171352873	354.62257771976545
401.78117313641195	162.90331589633774
379.7621536820534	197.4642225167681
282.8918172926683	99.84488870223421
135.2833948885694	71.67768365161335
57.63840638987253	356.43384947002903
154.192962522103	307.79551006885305
26.173026735770815	289.8166352684491
91.0416998800096	149.62575732220998
131.48456912456777	227.59388190461206
338.377850665959	74.31419371922235
54.047346472484605	63.820759189038874
210.67418260770623	394.9579609777733
32.533805134878875	381.2390448994051
206.96953166801643	275.32622226421444
399.2701440441927	357.83170467912964
378.82809297992486	359.09727312304756
102.3692856416928	119.83663481962259
287.5055270091409	387.64071558283587
280.572459410561	120.88224739792356
332.4636657938879	319.96507496004205
111.64433714827355	174.0925146265193
313.45183397906806	53.102680823664194
185.0094710044547	218.6061486091414
410.1231817937809	71.57671852862853
216.21954917389596	12.658447228687246
90.10342698118582	304.3943522544391
368.9958150094931	343.3446925059257
259.0364859336627	208.3829286840098
82.44854044141204	87.84517026602568
225.4799920134286	41.57844977072469
248.6444833990583	68.88954336181118
202.79681179506989	255.78121777178927
380.6180912063872	156.06310882005673
319.0345280394186	71.74844433147298
323.3179591457235	162.25289353500781
307.08018080055746	153.4789807221088
125.95371294051188	387.1332073230016
52.887412942240694	251.5834050517558
413.0640834806916	400.7687865828389
369.60160958295734	39.36981300267116
266.46657808288643	369.82267607220456
192.75541546180088	313.74407282089214
18.449155014890042	399.2274067884259
312.2742834710486	117.0149317795242
335.42043618749375	253.20168935794516
210.51848533904712	320.5667919249464
127.6839914454493	208.9249459515196
261.10448745342535	189.38233146346911
306.5629991675333	355.7526200080788
321.5752256802275	403.3397807354987
0.09135459583837069	45.75086668848024
204.95281413065598	204.35371772678363
10.084887819154671	203.87132890536617
366.32202028034663	252.4092924028964
410.88587954875845	203.85199639724996
137.55049519972374	297.91232937657634
200.3383277439678	21.98702265889648
149.26757487345793	382.1886327526072
45.48479931924904	178.99177487116532
38.626228385863	356.623462195851
42.408530048644245	151.07589522999635
23.21164559528348	154.22463547054292
137.8217455690262	145.79075245351393
393.9363909581486	211.89567522827429
21.666765160437578	237.46931970127073
341.18966325226233	281.3257026705679
386.82101823035777	377.15200690416174
110.1299359936954	48.060150859751815
407.57930647205757	111.05144567473435
101.48014365695813	356.7807187772362
149.73840477427913	53.84906850371182
13.564832515346252	66.28056400705634
381.0246432843794	289.55344586695014
81.98411044224736	409.9299929841251
155.5210515187668	140.42911947362552
358.34300247687145	22.331472275543188
249.50835783194734	380.1959753198032
123.04008069166218	34.08759857407043
199.69991763789432	340.9400246094825
5.666719356645717	385.1568764474208
124.66874199644604	261.3026982340106
255.78644259300168	13.56112607376912
226.92445636969455	223.03502028737245
39.39732521944895	40.29512536641148
0.32271485852184295	219.8663040139409
359.5310460211847	360.78245656419057
331.2836175305363	179.46923764304827
152.02420260793707	183.60923083588526
11.243286296869153	111.54849880851346
158.4071243434034	330.4356991425547
9.043795492185666	348.59019547978517
108.52243939047165	381.19700805877426
56.432558016059275	164.04259907142628
311.27589782532846	176.4524034742216
183.9663322390233	105.25168029851353
161.06509180640649	408.31075968031024
297.5676341514316	298.1522034774429
310.10144811259084	381.9969560299161
351.3180544472221	238.60028108575563
371.9704799468706	272.8985362142914
45.78467951722167	337.4823781331776
415.56175161000556	27.857771101919276
382.67909226539035	227.7316221518342
345.6275733079713	412.0772468088842
359.28070223743373	141.9522916657198
187.78327791583894	276.28957921398825
209.11268361075508	184.17753284919223
88.20698020772808	107.3273256793456
289.77264538204065	369.3685982057657
20.616172408716775	48.2289108552058
358.22237715747997	289.8115055644239
271.71456942501516	34.25721813633581
65.14068715255259	338.2250420124193
255.21673019079114	122.00826138678961
260.6982013567306	50.791442504930814
226.46197350003635	280.56981145380826
316.62635338011296	216.10949985674463
242.7221353096234	419.5392839275512
73.60203560337344	156.85393776973646
205.55875785873397	413.62553872788146
363.6110029708377	164.23724462521452
115.27102629094168	103.98291562231122
72.06875418983775	33.86703576389192
142.49195887629037	0.7913900562112751
300.10987504819036	419.2882503351254
26.776364180260696	340.9266339130076
404.52327850744115	251.7327597171685
244.21658012639804	162.18547741469828
277.77300835609134	353.19521203659946
312.2474421366046	309.34459703752236
51.31136172200291	124.26889742704276
101.82180483382	87.20467212481458
401.3860746128739	141.0956392154409
287.6421688541271	184.10056451193222
140.56903174982807	321.7485159001085
333.720464113593	55.79977024928679
161.69240940888	252.05021895118136
25.557895534425242	174.3805611669976
116.25457691224737	133.00803156145363
322.18432405966496	7.360712998191888
279.9146715112658	203.50165772836283
302.2602350908704	96.54500677910495
304.79848293077856	17.167274996441424
388.584002639245	37.82268248945992
75.82786295646518	290.901596595861
122.53651299946527	326.5460404167101
243.51090338189505	362.77869966413886
269.1665404117939	390.6853645547771
352.69619488168763	116.8759398209476
167.006045936563	390.62649215187633
76.11519782298083	317.8746208108181
332.77204691371105	231.1320044175155
59.197584360168236	272.41192114065456
251.47823071552267	33.34065394527878
408.2778983586528	185.28489194595022
417.827755622458	364.1507848470392
249.78285313380698	264.3719283820487
168.45985527641568	349.4324215216855
13.450197944921202	303.22310118112597
96.2292807972322	258.1692769147641
169.5386667091397	294.60373470671306
12.0218413642093	253.70560658367114
203.0642947616868	97.0844185290582
143.1306540234164	401.9594441815467
52.36522054978639	384.8727503629721
235.2504067368084	345.88933992290174
401.534752047409	291.12067039941456
174.62533816903016	167.0142937997591
213.267400667836	356.17091012700087
28.82269825687901	415.4433177695447
38.78840273039517	304.3782048166613
242.22695914974716	49.32104834125568
319.69013956715787	140.05987074652472
404.2515139567079	90.50018324845011
343.50825543983314	351.0795812928829
387.848852287676	339.9011189404487
363.62165520393734	95.92523110008888
372.3647691871768	77.11326932483233
48.19028939403489	7.448966678338887
55.061912344235914	25.199950426996278
16.847948719592537	370.3625411334301
242.81448146204258	183.4266452742551
260.3639551704347	343.8222809416386
218.3601369490923	338.35270103887564
152.04605107478568	359.45057443711494
191.06903891328253	241.54054555289505
145.03566644142225	240.2003395648259
155.6510079350691	220.2916058088629
132.7929805899274	163.83276111777494
223.60885770407646	373.6385882949491
303.4956159929182	399.3633925760637
