223.35479439655825	55.880927662077276
404.1611622402413	396.7652540735078
371.8962573604342	227.20806594707122
359.1513612272963	331.4709277724213
401.2673876376458	347.4897077934715
159.3995641454452	193.34412796186785
261.9512705328773	41.3610196542335
103.77323908424313	376.13509571338045
179.87247630549686	323.7416931991528
379.445331612077	75.5765060804207
320.4733478977339	58.020539264146905
234.10240100036148	155.04568317514617
379.9453478074518	102.22512235092046
215.95349901673006	22.15598999482027
397.6760943426139	19.50890975585788
132.02401265876136	50.94706101087561
41.52374320813697	140.13355426259056
340.7704212087879	179.08342557843275
249.93091037438353	231.16733571625036
14.72284487907785	169.6590625071914
164.77579157247368	25.276620867104935
5.148626649421717	30.28496421483054
108.58169885568722	226.91281458317204
116.42224985640709	139.43253700644158
298.50383313595216	158.9871580838214
217.19951191888208	323.107662652499
85.12098398723458	310.40822763443657
217.9105157686069	91.59037558365124
127.68571455382434	118.24770160190373
54.61284813026936	267.6813421487374
262.58016962891065	374.2486068213339
226.4854051025888	184.30094359159324
232.40320661251818	295.54783128839404
164.03555244041732	391.34394279312806
153.19455859140558	58.54774680479634
22.8223310172644	382.6101647619907
106.66956548105291	124.50859740318985
350.001812525174	87.8468254662787
176.80931697529377	188.86708113671742
296.4852994679841	361.4614233784301
40.501909620862264	10.758900088635036
78.56743691848844	184.82542616293676
23.356836805005518	418.88273858282037
194.99716052548106	335.74806714049527
44.793158670321425	93.46984989990189
154.45181772068466	102.8738179105007
131.98109497654556	330.9016173928794
251.42393349976948	140.98257062612737
239.4641767071815	51.19873602247505
240.33453979848895	173.85649420618913
374.41335701162785	291.2438787014177
164.25261719217215	240.49468714227385
294.00011539338783	410.54430257936997
140.07373255894188	23.674094728360007
88.79168805985634	288.0259196930432
171.74720724626616	48.84147054928091
5.802767100550725	386.8690012686526
369.5665164180799	243.84093177802887
49.11926195986986	356.141047881923
411.76697167568733	85.94286674429543
52.65164115479797	286.00459273046016
88.41298832856904	233.48195591380755
215.78602320093168	342.2814647006276
243.5194495840389	16.351148445096307
280.6375873593323	195.03327720761118
163.6768609837259	78.53901498465038
334.81938747063566	213.16726330782168
327.1392098206582	254.3430981739262
190.71631826948988	209.27088138896053
399.41648703722433	225.0662788165135
81.37235624728233	11.774545263309196
208.03133127459347	184.6010008306134
255.99099966591052	298.590288363074
83.03180627224316	137.2521507552796
373.4280565179361	369.8858772239843
344.63468809202556	71.50584809525456
23.052173596282557	30.921272760381566
407.4140893822355	243.9835676789726
78.3457971939016	390.281915746112
298.5432116554014	336.28937469887717
32.99887205981254	182.0394636266879
206.0668101798962	270.37322382067055
228.15505613274513	237.89049316234698
76.6412549647172	28.45145981234313
14.319907646942216	278.6038398733547
179.0553061633096	68.66448540598057
397.69014437046627	140.65319091775177
245.61172027702725	312.5728178156004
299.19967628231865	11.64746903933729
400.5986571876618	259.848327725634
262.8133601313903	80.40570075405672
266.5467240680241	180.34619592617395
316.8171272728512	414.1931808099575
398.98032612651656	182.74089468103924
372.7966330867673	210.1848377489962
393.6147426941178	159.419123050057
299.13142163848164	280.3313108515221
317.4963923926868	394.3872820882106
247.7558463942745	393.6214445215825
21.01173254743955	236.6046237397463
160.9796628802161	155.1454153362693
328.3720842094097	123.78682090830073
386.50545217892454	39.7056409685708
77.72797095039685	258.5391958851619
68.36589290793371	306.004216489979
268.97719308349014	215.03829067805944
98.48904801279133	321.5277263301044
191.5235121215105	44.292518028805404
336.3576198801177	411.5919975988385
362.57109032368527	108.86825992921133
226.1505318762656	276.6723024404545
115.1766251789306	24.79967925064551
262.93212896141046	24.2078979891641
363.3327669144564	41.538476222640014
215.45249761927664	296.64599171147347
261.31108146493716	246.19580546681883
199.78913785521496	16.025949556234288
301.33404813119404	193.86198627212315
321.95327107209505	83.07824821389977
265.808987455745	264.31680393071014
13.052185389187668	135.70951308267098
162.32271545169328	350.91058932088146
180.87568605792217	280.23106634775775
238.48645288358642	121.87861138624146
110.4406856892678	403.70792539338186
415.4896233516226	135.39720103593115
415.7013153540559	357.43645570173976
379.98094177596005	259.516342761741
253.12273212000434	113.65102061066058
209.73708369527074	382.6037756122872
180.46687937469764	110.83554290807353
353.04590911260715	1.613027934118491
181.46030319884355	224.84226393158173
171.51835036223824	410.3205250409344
416.2682167501201	68.1619767986913
11.104733934431993	368.64132655945275
317.3019951228764	214.86663716251914
25.67223633509243	318.3789081883103
110.76412072506477	67.8497545528128
285.35337284962344	391.35568329504105
73.09799175710845	241.64955758676066
370.0888968835057	405.2407159868072
129.1531260634234	151.23698197476455
247.16634729231623	341.9322038057309
141.88379520025106	195.65245144848586
387.7242668235059	386.41963618259416
326.54718533044985	33.72416741831222
193.11665580472302	313.6584135705213
365.16260460291824	277.34990715859067
271.8905723160083	322.4760412347394
124.04060276964921	378.91334628059377
352.3928415989049	157.168367911533
409.1781365024102	36.61616082167776
130.55803769302875	406.5776703689918
4.787878524179662	240.5008646658678
23.13038347836724	47.661719610053
114.02979156951575	47.80335420341523
155.43205477953154	266.4780025218036
225.95420016650192	390.9338595430541
144.16033695139518	290.58428175923007
415.6656084157635	275.18420482366906
146.61333803605004	83.85429248529647
281.7744144031064	22.78066901782703
41.73448318274673	55.010728754896206
314.2007853851972	345.6004387937593
400.45687467421163	364.3067358917591
119.9105436657451	98.1001618934383
340.2118106525998	323.36403678978377
26.583156071295654	94.8699018648452
229.07869741480084	106.66766907249992
227.97608302595722	36.35767260450987
88.24165811823312	117.74725460677304
136.37243990929974	264.198512392905
65.6440474664129	88.09062875272888
75.46587811001956	221.6708010083071
191.23506306954837	393.9837748839124
147.55641607123212	406.1929952862288
386.462717595808	276.56941021543525
288.4308549225178	178.236328926532
419.7602548502499	291.486291614236
74.71480181345731	45.58776791570774
140.44928320661575	171.72583430005346
178.5003102944409	301.2311853444006
91.49572211737491	42.3669141113678
267.464933152808	97.91517141200873
136.57746916375575	246.62670769707358
30.037725896380408	207.21487859241503
10.13337864083239	152.19649311454944
331.63596749969884	97.1195380643349
272.82361493036353	417.37229040565717
27.102267252073734	153.62790815158078
355.12262203593286	127.04670911357293
14.179047045174386	13.286289871253706
83.08722339108414	167.24441661792946
192.98529849636546	367.38394332829137
330.85744993860914	193.753202244949
404.76181539581427	120.36355342181054
126.5967661191921	226.1447909885701
213.74436488373325	254.23487696854485
363.23829158002496	70.87203961828072
111.52810682428746	339.9380111880918
80.69154126390092	68.32667208033989
118.93202051491825	267.5441184826264
405.2245236344363	331.1382403718414
28.80132872596137	287.64608044381623
317.9428307948078	181.89050041666246
51.206733850214576	24.955920437352642
256.39958862154714	58.60257761551355
176.1093876482533	93.68075560251854
343.431419779464	115.20649491682289
341.326191736554	141.76360862006683
396.0778567515312	95.16141135562737
118.16958461582009	303.3831297642403
75.17164535712742	327.49737199921196
346.9999060043208	51.62439458478507
166.8183100611499	139.36140808258432
194.58198446452818	124.84544253928792
301.198393608199	70.75523474053584
60.625643157260974	65.54441125674944
341.48735803548425	264.3295015108722
351.205343533841	205.46103719997086
385.3389260795656	128.7844449503456
360.1509415025661	184.26735536506635
410.8770714242862	151.8223502728835
315.4716936593231	164.83570093982993
284.4257637165803	82.76824061389387
66.08092284032914	164.1531792725278
209.21979076777058	40.89444027268604
256.1499626786889	357.4488011612839
389.3352116057785	241.59263871279776
173.427774185474	257.21520088274923
2.7282256060294308	258.5180917058637
300.8869906776608	89.88982380376895
128.65284592618818	8.06034201368983
231.72925481064786	334.9946169208078
351.8183059662988	397.9192069881776
92.49309295926835	270.7909649732078
0.7870274037755015	410.1541680443979
65.93871041504538	142.51242610649055
102.49091364437281	3.767833863124624
214.18458633873686	144.35432769493931
53.47890568809471	249.61158778599957
130.93585789779115	348.744948348677
210.30505648578335	230.92052624178856
182.19224332042765	242.9067936321129
416.6410273475999	189.48606561704165
266.26118716114723	397.0343007124165
229.71596189530248	137.4164395164853
56.614271025916906	382.8986013415496
294.65081556876396	106.98803986006929
13.593931012843887	196.91365124423382
158.3239694540189	331.9462307613443
15.241137248082795	303.90184238529804
219.87520377439108	166.30358556602582
175.63029381821147	8.53510574650508
87.26210529159616	84.51213486683588
304.987369856085	237.7654717873535
71.51159321462106	106.76264567310255
315.8789391792006	282.0741315982979
378.61712816982293	55.06109512270238
19.86136661802929	261.0148662868882
162.1637235839915	292.2232777378185
381.05226796777896	173.71742057108992
197.05420799459867	289.0795827390956
188.88905069987524	177.39037934089242
94.6485547196326	249.03335814420663
19.65514578349003	402.5008304262194
96.68555401170542	25.679225774352023
158.23640685126273	176.32495881754411
178.19695098401553	343.35891197609675
256.12158540706986	158.5305435027799
287.6424393612959	313.0875103939927
359.53080509135026	24.304671525377408
183.6861902499366	155.80904195717076
52.66472484366917	110.84071329847708
283.1198972456066	349.7893644953755
11.272003709566896	215.42989586491495
207.34063961686647	111.12887905215989
173.00585648248492	207.8045083596041
342.74056141880925	230.04918244705684
64.34413284383128	8.45298533099553
14.0054485601666	348.9897972400289
55.83751496675092	44.87588487765839
175.77485455297722	360.79731225465486
118.34459262357272	174.44506017468885
281.05177176586625	274.2537641493956
371.36895281832324	12.360485839306737
54.32425912346015	183.70776663303397
226.9657053935723	408.9064215560168
42.57933458523808	393.33628784758196
225.52594921112362	6.441309231437691
37.20492015412782	120.74680374792919
1.6763016656733831	108.60383614447383
42.24342037058131	303.08318066947305
359.0616600898485	259.58506580331886
47.53304299931992	159.895341010292
265.2528404215502	130.3546721265088
150.201324195444	375.3646782122073
200.2085158087922	74.87488132792954
341.0506640288125	281.2955669407362
247.06061895003253	33.69136210659023
357.78146357043715	292.6375574823475
412.9462530900533	12.631096213461861
350.52933783401204	378.0942327647827
382.5807115426898	341.96469462919265
309.60507417806735	254.84798768287226
150.94937526908973	4.270385801676424
306.97951453754933	129.2459104801212
98.94390766732879	143.66406868837487
54.88053187714745	129.828707670513
365.7768273335818	141.85482723838825
388.39063059953054	5.572833303833858
178.7433542294365	377.5419168302191
322.98976059674914	16.758073284006755
45.51729151176701	323.72851883757266
108.17605539088609	210.2960756623597
235.42697645332024	255.69391688456145
302.19286507907947	381.5363304084888
33.52711258026515	271.7243795849402
208.47036714390853	400.179042189344
298.28918051833097	41.12592488330066
231.1402128798179	358.20115630185495
396.14680026914715	74.71032783983104
277.87038284247456	244.85210301091905
229.69658878947638	75.32530821793956
296.0339983931764	220.17283760715367
35.117170260985155	78.29750927965291
244.42683134700957	213.67915969118818
308.55399552606514	305.06460664462634
144.2492617679806	358.91435299534015
143.60724128716464	230.27130528301743
37.64131619690947	239.80917910214626
126.80648288272398	80.34155613057743
246.2969653130678	280.41287828103526
397.6483177605885	295.0239682207351
376.0226824430691	326.3356088197538
92.29864307389785	339.82728761069296
198.94902724236456	244.303984173517
38.011419438699505	340.8160582313438
344.2696782272083	33.999068506432074
94.78766637628175	394.8576138259946
340.8028786969207	305.3612318666197
269.9273169586351	148.7038119523864
84.8029077905343	371.8883880752097
381.41839093630296	147.56305637344596
389.3012379352206	406.7624728386266
40.198027483313126	376.2431716069063
399.1481463420762	52.598347818337984
145.08567630009094	138.0417562407245
404.2502668312225	417.996609684473
11.620721739005464	87.599013021366
339.3190613147368	362.75593269978646
289.198796013223	59.06995710375407
103.51403226543852	106.07469815804441
60.27025226635956	336.6478172660931
204.8635956187978	418.99043940839715
164.24739002687437	314.8818087674601
318.69661820727464	327.91494208281733
117.30824780127547	195.87783458400037
227.55156897302115	221.08599421555354
334.8689513809164	342.7476185178002
68.2369238364942	199.68272242484187
58.72222675894799	228.18401313168908
200.8210029742449	160.74934372084044
70.34081765024517	283.9722100243488
280.29670693916034	162.25397179607694
245.15602633275645	195.48233205675177
15.921862188393435	69.14878652077796
71.96131644577154	123.82243177228072
248.28103305559495	92.79737183111887
312.1139654879547	108.31698429708811
147.51386284517648	120.43292333363291
35.37487342928783	223.3018515937089
136.93819745347	312.30123022949334
62.23753793616903	409.76368681106254
101.40948036267598	301.69083012087
127.22376375955734	288.3421301495821
99.58583049734654	359.84456718872667
207.01981638620137	214.49613736242333
96.67506883554502	177.7218959020854
187.8085622395584	415.9304657342934
116.68974750658025	323.55513484441985
272.1707983336443	65.11905657740421
314.52241096212987	364.7778789334189
411.81324327756477	377.6755355220799
155.85175736196715	210.33653596497973
190.71569721617675	261.3126045329625
284.7064241653635	121.29817701085877
366.8801822481631	388.5144885815878
65.72152636655008	366.5078575205041
49.72091179582226	205.96421501900664
417.07857240109246	167.77329801710792
340.2059647665044	14.194579711530295
364.0599806945867	314.00622050628266
368.1943380766724	87.86551070440285
392.9131205523431	209.7281768069284
93.62298118744621	199.0185423524408
105.74492951571229	163.06389758012776
105.56462591760538	284.92931388105615
185.196603850835	25.79334242819192
45.82925530188183	412.4350106287946
137.73553309671024	103.2979195464433
386.10944466304073	310.6653469313397
316.17182348692234	144.94580451992243
412.1951134756273	210.54160694765963
17.21318282482999	117.80342640442014
407.9419334403924	310.92003502651926
359.17662895141933	356.7719204770453
253.34124932066442	416.6657388852882
194.29451028987464	93.00917032975147
225.7413267062989	200.97308283139597
82.53550867082328	354.30943934510753
155.8123716249234	41.76877881070571
