123.20148947120813	386.8306399224733
400.0460082051255	322.0871344117635
143.87315844878574	91.55016028476324
320.5077289098702	361.0613138081044
62.87089558558048	136.3912375848919
256.3956428017213	256.27342269667355
119.07963214951315	17.1982466608376
307.3806755317956	353.8042081035516
219.9720368735652	135.37940495185583
201.01029659089244	214.38504695105664
319.9578286348338	346.4636879439605
339.21390630793854	43.03495173792709
363.58828631219245	189.6466930405314
252.08906013306648	299.39413029938504
109.45156652532498	55.852680078031476
288.010214694235	97.541516382767
357.32018264334	414.0628112827197
369.31682547579425	293.6580827039782
177.79123806515554	281.94016094822996
416.20092885440033	132.95194176048753
133.13314011342396	217.5212279517999
171.63218466834533	134.61778948909355
66.26586751661617	236.56272641312253
81.204379408248	37.34392877539054
159.16279695336016	380.2706474809393
23.635528075862418	383.3570389083883
86.82947435597838	206.94960489975645
4.3163342190802085	294.60722853475636
419.8308247597687	408.4674392053022
248.6873443550813	168.39840596484714
15.914059502276528	161.0249816699574
336.52744108405744	336.1743571804335
336.6019467730817	254.03579150856146
91.03613520115714	3.5809957940856183
54.54820445155918	395.46348331391283
326.63554129334744	416.7390202040337
323.8055286135533	242.28025841567268
42.782472113293686	419.0869166466087
86.98665717060422	147.28055407669032
62.26544740670812	219.74729575211285
384.10592034820183	185.45739730888477
19.17613912893799	286.5211158663002
228.6858989038408	304.93945784892236
211.87922499169946	419.99339505380345
210.27118827447043	57.25817385829749
419.57372084736625	23.892065113421914
360.42969444810933	88.438380879702
195.40289145028845	93.64934408820413
368.91082931283665	324.8172611645601
281.8453084394996	52.702006453293635
26.281217339049157	223.0080830587194
71.49182812723555	309.16605942356085
240.0313293403343	225.5625322919854
200.08857526913656	366.2244988853353
227.1286184486726	394.1858066922223
392.92991614300075	258.5141847453386
269.81345885484535	412.50748765422776
104.43971383583362	269.6464791313903
35.67417908622478	234.5634734000414
396.0077793917739	160.67247853896782
62.36922428710572	79.62433191433206
87.80392482511792	165.61365081749022
211.34781636362936	201.2937010070199
266.53555667873746	307.0016775533396
17.276741444675473	398.45113950350014
38.89813058788837	299.20328111103777
335.30437136646725	277.1466319751291
29.630675300856087	24.55073530271046
0.5251830095946228	324.52919768903166
398.63646070931617	393.10703903314607
16.753096609925	33.69331710590533
287.75973058403576	253.95533895130276
225.24666078125557	370.3561096026552
86.29845441045654	407.8925846356825
73.35096135037841	419.3079478601501
237.04604574698925	110.89990441725999
143.20633509819785	268.73351477529513
418.83422414603206	279.8116651260207
348.14107410955376	125.21798876959949
26.169917274619237	305.6605952349146
317.3804873911986	140.20096465577896
286.4169786717474	384.51960439516336
232.43661544270418	84.97979943890563
312.6644924536772	274.8671957233093
156.87348194571175	129.99180072927447
57.427883794410306	247.76625790709548
351.00901484911856	247.64530061661335
88.72970368637657	330.3914334377326
277.41470102551966	160.1676374876133
346.9281053879814	324.9160988715242
402.5977234765082	39.02822141989649
164.64563103187817	242.63163187827385
38.70842845299106	272.7620869621284
268.8083873954577	357.1972804601336
387.156647626119	115.45219987325261
20.340939150543477	198.81092029597022
102.06736865624939	29.21712889395097
171.34165949551658	298.3170447514572
113.88201324845858	350.0090565447262
10.060498434485407	178.3997635802267
393.6157492003551	6.451397842824883
341.12498179754067	382.99765665767313
382.12825069762977	131.5667571407864
28.76408139568151	153.40184488428062
0.949370346755275	242.89851609609593
56.39503729478638	306.58370968360384
189.99210300020795	226.620977357199
222.695457410654	72.63268513324469
167.5085790019711	194.29351529370925
20.167721143474385	5.122784332097039
199.02755967453217	256.0884929624442
283.49037626631355	228.56439528738352
66.03106012195417	366.8550325936031
338.43647895394935	79.34449380069067
223.00759281420585	163.5920675106874
371.3480713889223	390.0235034990031
365.13807349179734	279.1639851468405
181.34159477296345	153.43379888098647
403.1352106618095	271.4280114823424
285.8881084985969	139.37038390344668
80.37046132613739	220.7982983099517
79.6967791630456	354.03194113648226
379.08266351152577	226.11395480230897
164.11687467694594	160.44985593742763
103.24081816997439	247.64395255204872
243.22843650570798	153.47809454397213
51.097559619423876	341.56328723326163
409.76858628346264	338.40740766070536
32.68381244045095	186.65863243410507
375.9882146930781	29.777802290194856
145.96899451596792	66.49399138492004
217.52675336780325	330.5742189931898
346.271480417878	403.7696995212757
234.3831587732945	172.72635654769226
72.76551370527056	183.2755059563941
274.7459782526264	318.8935380177377
142.08435788099015	172.65177938654227
214.54451527130726	150.13155460766646
36.86023292471224	337.3414249482668
380.06250154023604	268.50237236599213
267.27089222964395	142.83603807153318
220.6512442079867	274.54379937124725
181.42493542064963	211.90294525496213
253.89875537970644	418.12523491733316
345.2721158876953	308.6948417568717
119.42514126951973	206.2775316018223
58.09263983791787	166.71491921793054
361.56433738615794	117.6458717098087
16.94747001701755	77.24513778581264
70.25675886743396	55.59555593588709
97.81718819924869	191.42862685861317
24.519615687987002	328.09738268431494
400.16763950724595	71.76524749295903
419.59452989757614	188.92211892515067
283.16652354513747	286.9069236672333
154.68932503343018	49.67667790416464
294.11828572570136	81.86180467068122
394.4951579532823	98.76413332885986
270.61217088370495	270.6894042724052
271.8931858264903	335.57794059391966
419.0259645166427	383.7464896105134
141.80471720023368	296.4344877650322
175.33850582694325	118.74723221914117
92.83834973020059	389.88171081502054
141.94848284799022	405.23644459293723
361.3579134323336	167.91277528738195
212.52687557690876	31.96632892992036
128.55813692230305	348.03817762150334
406.8696667379398	196.48919980924188
287.60655730900436	196.17685097656545
165.61722861564405	213.25515329487033
33.12119247508294	401.45498479215416
311.72175200412534	415.60227147036215
43.06804432558659	130.26001346612813
251.8078956527285	107.25313563449797
339.4318749109173	359.01891922596934
78.79197325188464	74.03068152237275
160.7860593214675	77.82771117220761
357.4841591723308	43.05581748265212
40.941107458804645	316.738189451113
385.24399677640594	241.16988341508946
67.15003474954139	26.22303006825887
202.46552002009605	43.53954660538094
299.7108884471556	9.335820792031466
323.421334443442	35.49258457719563
182.03674544990616	239.19918853585045
380.3715706908721	408.2252431871731
0.9050380906636107	148.8011504030634
119.29877250776948	248.81163698460415
91.42810450542186	124.54160163890417
36.13844335811665	108.1472717989008
73.09901708791429	124.55843887314104
65.24810458634319	349.12148231777485
294.0876003020393	44.50241022451311
239.812970619026	385.25208783688896
245.66477463068938	402.3234731946523
161.23170802357473	179.55884368527418
368.56215701437884	243.37529385321815
367.08559665446523	206.16901771715175
352.5862534574762	212.7244868636048
199.67119110045195	14.35208417287766
163.263735736473	340.65210440137065
196.01507959465482	322.63990511860294
361.4729873640122	24.117141920736515
94.55933507611684	282.10435509992493
275.5315997149561	241.44988961194298
102.91111633167648	409.86461311796216
252.63301845106542	123.87201125521091
291.386105432231	180.89993697413024
180.73654658408742	68.8913609669471
359.078159294641	380.38910629466307
13.419694243568049	212.14037683785088
30.405286396621953	351.1444420606497
268.5030347344622	45.67003208176165
350.5367540727562	281.1057913746719
13.887325315398485	137.8747179040297
18.73010994386374	59.008040366002454
271.25357512816623	173.58735106404058
34.547144202671646	249.97522775640778
56.212899164660364	63.79811605348989
396.29738844798857	411.21674906547935
97.96232725385778	300.03235192553
335.2694882319771	93.64683617746472
106.20460972495387	333.4750392386211
50.917520258946425	372.95166608416145
256.51311427976805	29.512980162627102
373.2709114566577	152.92613823672016
188.69583076009587	28.93224844004783
405.72694348778134	294.4130720800851
87.92941660650833	252.93593885764162
99.94535247864108	376.3411751397913
48.43957782022569	146.51123416170375
143.8139964798852	7.752235318859693
17.690836415046917	235.08064982220483
8.151721925730246	109.97354389433717
235.8619538704241	324.1818236128886
303.00603022624836	310.03147131343064
287.1198039561373	25.487895265061763
325.7490853775539	325.7767118964796
383.8332861564763	296.86666937712835
216.32057056079995	214.70015540482322
299.72683184588067	125.63700911910345
116.21093461423143	152.93587871956285
112.01437810496805	395.9342149171055
303.34380574661964	148.0780727984593
203.20074018790208	271.31596370659076
105.3724041179813	176.64882513266915
75.55372848331528	158.06831782242423
121.02279004450538	226.1403346865947
137.82966510821808	203.03237992049867
334.13619140009985	144.8357306611348
361.7341898202979	364.2309242991793
52.294913882940506	95.42871538820478
175.30274390407516	255.29481416379159
122.39267812930122	265.31523886011445
271.7496626158146	98.436731282132
44.81820522329285	285.7870539134609
151.22594554570043	151.7700727763859
295.6100631858278	406.7753078521558
13.108933992950373	254.71379928643603
257.21055134148384	183.29922238931587
344.85928515445664	13.633601724432818
248.79287511871158	330.76154580230167
175.24317723328213	332.5151381541948
395.61346222682806	343.0279094025043
107.09315089994749	231.66361352765836
300.25319932414135	242.0167308393091
313.6269691205056	89.28301616961518
359.658775124333	347.6741132043305
128.69522281509293	101.00674582221701
412.2474750162084	255.25073880711608
158.78577415189895	32.853838141898024
259.32496429215513	389.9910926378094
411.95795548341545	369.90062660345285
144.4758175913942	346.5593501402864
140.6279928443362	127.0874813953374
302.5834769067186	375.74663034588207
200.2252179018438	167.05704884869928
196.7600531641581	300.97682014449094
326.6052320395421	60.64752636254671
107.4725041818334	121.90816086140752
39.16341850123487	12.9174827681623
36.84637885561716	61.602392097949995
378.28532126203515	167.98319801145274
35.21298513168473	373.1047624935176
4.049477888828628	338.39297765590663
213.25638699870504	236.71143962271393
241.5794605793875	96.55421914150782
375.1961657704921	352.32366340342213
313.341701987239	54.13791295496088
17.700545351227564	269.24303907451156
95.6889836849347	314.26141929602863
320.1593607261306	225.03272884613085
254.59277016780794	79.30640765025424
311.16283009276907	397.76597406144003
175.94177059908424	8.8907738697148
291.88555736515553	160.6301160547589
63.42370154432569	41.97067495762965
353.0738546964056	266.311885068988
412.84204486862814	311.76230250544035
33.24242084504709	46.88463027892717
405.50300219943983	148.76927922179132
195.55087703227773	110.55842524649483
294.1225281087163	275.87226810893776
248.96473324123158	316.3632464562388
371.7070644897877	4.489829570509229
93.68742618150895	226.65404150190614
125.03939668559053	138.6304731444927
147.83731963416642	248.4126645904208
323.5981439655729	110.75977697605231
134.7748299451731	154.65223907912548
392.163265674805	284.2884691699985
384.5091515804881	325.6901273112942
202.64716966043684	406.05350558991245
417.42271062974396	227.51095134968816
55.31017943870781	323.2206500738241
321.0385637459452	309.7532676747038
126.13893259145868	404.56224872138176
138.6658252961535	389.9504666215849
215.15969263508518	101.23474577224061
1.8954442445541215	203.67717349041715
223.34256099553104	120.62557649775636
128.42554488415126	42.84908409210845
244.00701881734062	20.076424138812747
269.2504265164538	115.82951836004891
159.0496986893758	307.67991092828447
149.08599596170762	229.9685747792151
259.6804001634143	65.08127059887025
377.1781291948995	100.0433657487535
55.11006745507748	206.1925200659064
48.778097104081354	358.81249715157105
369.06478359483714	310.43221864356605
153.26980266892207	195.53069574350187
71.09932871860849	268.8517187199005
400.8434957578464	20.783919797090043
97.398297840305	352.50495365730205
95.08918538465839	46.704509226526774
194.6397828908194	193.24544502888517
82.26575242267224	236.97319204239835
14.620849089181142	351.78763649210856
180.23517118870114	395.11643936758514
183.58905886716119	171.2155789915372
188.8353196922745	133.99391930313197
304.8695141014948	228.02895833431478
287.4201682675409	309.20971245438596
111.78602942584666	319.8861971601642
306.1018175521251	104.3986220391568
48.25234620443496	35.929579744200296
211.08654088294293	289.02254364241975
73.88040683218408	323.98837825680107
378.61251873613264	376.08442663407226
197.39833399561329	340.5349673450429
0.7488410864628299	83.53702466063213
255.4671469278826	271.4762779386177
248.4984946657379	203.63131649527324
93.75324215480809	73.5256891976604
360.21076120794726	138.58589209103818
164.38663714791525	63.798869266408644
128.42993182863765	69.08617653159313
305.23204807452953	191.66549551418728
290.0971654704054	114.26174341069382
338.33882301969834	294.9471813178018
174.7071139621819	83.33251200326042
37.64781677541652	210.21821822579471
345.5988796523725	186.96886299145825
103.59087272368214	205.49972339910562
271.1523879549903	376.5434922718525
309.6115457196622	209.8020548203051
104.49012892736677	138.54357591441678
298.2092559861983	58.265528013418965
358.0651473470294	70.8318023457496
148.76135603171434	215.56580385731485
224.9645196914595	55.6179821909602
160.77056648348363	270.9162651613804
328.7358872135611	14.373122289091217
225.9791256394051	243.39185946408307
271.64822912974734	80.94007581214274
134.71486797214774	235.0882985070312
283.77658196704715	416.09033458567507
227.96061764155405	27.651331194947083
76.17687621313382	103.70210606467306
87.7354094123941	180.14791405177425
215.58114679527492	257.08856688542426
111.51868942069116	365.49806391888717
248.11081726020618	137.78539221963499
329.44117282066134	206.974274767276
246.9299456973152	350.9691715398861
59.209601334123086	2.362405796461392
249.48536446905416	285.3242417156574
203.35970036760114	136.873943883528
172.71178425881993	47.254545039857824
108.6357796335676	71.3317718629337
50.64043021797521	230.99360710328602
240.62798583602222	62.00326253763155
230.7763992908877	340.1126452730753
138.77917045407506	21.83352731022626
313.5242308040089	121.21366926203613
49.81400902004641	115.13632124296
72.99595052646646	200.56238990220385
60.80213920444064	284.54916115786625
43.37594863430326	82.0273972934583
221.08660047412567	352.0459318788628
408.7876731579656	418.39642205896786
412.4376116827664	114.80832827517222
363.2588150952788	223.8829503605971
393.4023354086747	202.24817123832693
388.9393743293618	57.20042506553464
124.46808546088651	185.28087283354867
192.2757337215865	54.670895963768736
79.276093187197	89.69249736745495
398.94580665850253	133.91465222835672
21.60988510039221	367.74471330711617
0.17416154222416044	40.55746214670906
205.95151723120824	79.82034865461578
380.75747117557756	210.882942157819
311.1811202530042	260.53676377927997
10.434130090680615	309.93287790497754
403.4355596314178	220.7235788196093
