285.12081649337284	341.8623739151892
187.51214604051336	385.80725925162045
63.902982480030026	405.280399503105
269.59701442378486	320.94577909874187
265.1849578817308	269.8784821222181
111.46462080608	268.74378975533085
251.8440090829242	286.1326091114028
334.891991578804	11.469554360227393
158.42449744085238	11.136769487267614
385.91524923732624	71.48203753695566
58.30052216991809	104.08574891316688
213.5227610913652	294.48182849578745
314.38380547343843	287.953510373032
1.627901032844958	236.22636900855585
225.77056215453933	103.64190649443698
176.05730162533155	313.8006669500923
277.2293859975347	6.767616844138664
379.0696653450695	396.55387181260966
103.14117470587055	314.27125063949586
299.76821737144286	131.33157981642714
185.99896368082014	364.15602681289545
305.53041962017704	334.7518815491651
195.14914840982075	301.5728077463563
2.5714920740407123	328.9446087229944
243.89133662288538	110.59247681207394
281.29855766629186	407.14899960260016
310.4208150297717	200.6918780385235
407.87915946097655	380.00686544805546
81.64118929860845	391.94766077846407
5.429616924852543	87.71862899964258
233.16118840978413	317.3966998013104
71.0478335628591	373.81136580335624
38.848984574515995	404.2685686772536
93.89837108335598	63.84485933361109
80.431569323411	25.80022453483691
322.35442730778544	345.9077297688947
7.598442399970695	15.669901911321382
270.3540309630756	139.71272153691268
239.8764549714731	222.8475598268623
180.82751125976017	253.69553121045743
351.4028603477011	191.56717009511158
144.71349461692628	155.95714582391412
406.763783724732	0.8235245673905439
66.70270341440151	143.09271039356378
203.93241280739213	44.67342354592823
180.23366302478618	335.5817693983028
283.30236348930714	240.04453028499148
254.66547481801965	306.1641603245998
116.58708404877208	88.16955813468908
76.71492924209868	250.18916162400075
333.5671672356682	390.5803476883334
171.3364198001451	225.2646098840278
66.72305419327827	85.94798808034649
272.0979667266058	179.49808628125106
398.27364109755314	323.94308579846717
10.424749577207649	173.9777156818252
380.9359359232686	136.91981329342462
151.61941680696495	87.8241192733973
367.52348559546374	377.64022679235694
167.8701585388412	49.272725440899166
112.54913088834304	217.9479266708952
401.4616160675431	116.62265467600685
57.570400921502646	210.52511109069602
92.46370842406733	211.81151776830131
43.581834819308504	89.4719488116837
419.03066968466584	152.07479311422205
26.222428467592636	185.85976100938834
75.39463095691053	224.8715056192801
261.0017277490855	100.69130734377113
135.7877629970857	100.10353665289193
144.44259075083204	205.9769155391852
235.88305705361262	247.5628437522257
187.96377596644106	56.301718978938815
352.3506563029218	327.8104768938719
232.00572810748903	151.48460482696785
83.34697793011189	179.0373849714902
104.87493546721855	339.6918046005586
97.65848010913751	282.6238374342569
184.85348217261935	86.31796907689997
250.8754112839363	326.71047332881056
388.7814704935667	174.95852355020142
5.523626223360673	415.30187004414245
27.82783155176322	327.74606867514416
226.52165280792642	392.72569242227803
216.88184995975283	165.31961709799236
401.1849220606878	20.48914244537782
123.28623553042063	347.81952493623425
24.89903436418504	94.89960117319846
374.00412231392386	314.1842306045115
37.056563063318826	247.9236584828472
348.8175615584087	163.60753717987228
135.78531346303905	120.91378694283401
168.7873142320853	98.8736622588022
216.87892986782896	240.51161359899777
360.36130139608343	223.24287396598365
352.74316939634406	394.99067087949635
82.04637513542157	270.19587614783694
115.75045391571045	186.1365929567994
47.247273966041654	292.1748163730642
396.1352038358127	269.87857254889894
333.23821717741646	199.0560621851118
319.78403208753974	25.336202311357418
1.0134602636916044	268.35924127028915
114.50820727689441	68.51022352217771
102.98151940152123	28.944368199886963
166.6248381212085	270.2179935780847
50.70052096739273	51.8887639565598
244.0216665113237	88.93775543796313
234.6834897114176	298.00457256357845
221.0138416039516	84.77797323173526
175.66487911429527	150.18734517548964
367.93676351593757	121.62293686626502
179.2774879702919	8.942994365045172
367.3209350984076	3.033224623159018
381.20360210072204	106.45460449946117
388.29732352353466	251.79111382903307
350.74867248982815	306.69334645752735
294.488931251702	39.963570364498366
76.01568129599099	123.87818330029226
277.07905158370016	218.71065738552082
224.62920599522107	184.82209597763435
53.17005005660175	312.9599505017419
236.65934303015766	20.801733238951012
76.56728200229263	198.90728477622105
401.09619270526997	234.85028648922284
185.850994412739	194.77474624693164
327.72245270084187	120.15130080592921
354.72616355943836	49.548938120618274
300.8483741351535	66.18758620694719
50.37372890563111	191.9492811373237
347.49655052956615	375.803216756029
149.99199520917745	282.3210362357246
367.7420233423892	180.82800182656774
88.37790397753065	327.26462343794554
381.86730667083486	16.501152322991942
385.34966877786826	415.77586008706794
146.0372820946605	44.68793363348332
299.5192855104588	250.93897338472146
289.8717802406882	319.1732569111787
297.18077423965076	215.00203065013196
301.0927663996082	273.3679412451626
282.56030482965855	283.7976889252577
220.53218872244884	259.8709569533258
260.8641378593914	230.00974735425999
392.49621244658755	305.5097814110612
411.9756315281355	309.56868289422727
340.994318837594	145.4464997952996
39.274707808651854	109.83355055022004
128.1100031490379	278.9425709909334
165.6219141840241	370.6351903204144
362.8761408465385	70.2132169389735
121.68624679413055	411.2916214564244
170.2168603131222	120.33298443843444
186.41442432050104	131.71683142255307
276.00295472219824	302.34146371624956
3.5387021412022714	125.57670995978225
40.74798115983533	267.6998500686554
90.94563593193936	373.97414631580125
169.93888939079463	183.74251154206365
103.90704638113951	402.9462528131661
281.7400877171598	80.02305060329863
261.79556146779095	81.1010467407378
172.95836737030547	70.12100200713095
270.56307244127663	160.06554931662748
247.3750286090171	138.67797354331293
328.13783916033856	366.3242362834626
5.719274796706325	289.0851344777965
262.36700541555945	412.57872914624767
282.3243684430034	59.59877873517336
164.08869421999054	204.80178887436116
220.15739333162452	411.91577811776983
399.1631753060077	56.69212659489498
128.94264125896723	372.36738977220887
94.1925225073713	232.05045824863194
330.23044188677227	90.20592932720571
141.1804240055371	337.19066662633384
399.20549701632365	401.30599063150703
89.27308898061564	44.36996340399001
210.67074104996956	138.85276873239772
34.81101003976059	203.42016377258972
339.0593752246274	31.00633395001183
340.78731998088466	219.57774868447953
205.30007941339522	374.62793658339524
69.80982586753657	7.423405963292379
287.8034065279949	148.6700094043278
205.82241634537826	224.66190987016785
72.23946193717181	63.35860876416017
221.01602939377264	55.86108343331653
349.5907748906783	85.55716393184278
152.81105388417043	111.28058422334448
341.989381571737	106.27299002584964
204.7132199511148	119.42210668242589
113.45654073460176	296.87036897002923
159.44812124394264	30.551645669956688
375.31191408436405	54.75847039882331
409.8238617631008	343.5991271156754
97.36968184394028	192.60856618365267
318.32420622429476	263.7379376258078
332.5969057963636	299.6132352814756
306.15861816302373	232.51856938715176
40.16733346229301	222.0718166495355
290.8278479575177	167.92590278164394
99.88565570438215	9.763985766104057
258.37237505644646	249.94911813792544
130.5771448624281	56.5992301328593
117.12013183684051	154.55804585215674
237.86426879379027	199.42589134849257
149.40195647934823	260.71987307724424
201.4210771123989	72.1787595815733
34.3907592805508	66.97933943028335
367.83811363109277	205.14388515033582
279.17159418107053	26.71185356958504
20.80161511981018	271.62986301690984
123.28283370163052	11.315704739390968
179.73155897258454	32.69111116295285
245.73808676417258	401.4288410203061
354.6562360973659	267.4567990994215
33.76373950404619	129.340781928867
22.043869215195446	29.62913149997941
198.01837933723266	154.1895157526125
230.45014353113746	127.15350014178917
180.46961361033556	408.8915486305232
182.61893814772256	168.70810109130935
116.21198363984756	238.66743937067173
57.64019823665368	235.1725786135892
284.3849722574995	263.2671929232226
83.05763748888857	353.37148143826096
410.33605867137817	170.6608278857125
383.6701872601129	193.79204402860486
284.87163443470564	99.36321197896794
133.81770829429658	78.54698382677456
63.14186799582023	355.3797970589354
155.28080380620176	302.45197043233395
27.090198333687944	290.13889421010697
95.3858848871	147.78689869530402
131.3194472158459	222.82532848729352
342.5638226291442	67.01703270914831
53.79306579894553	71.03120617850625
205.79106997404784	395.5810093403926
30.546198130914863	385.3990690585106
206.72615838482184	273.7169876762019
398.0709005397358	361.71938319025827
378.08296296470763	358.4454199751546
97.65619554901598	120.72559793226705
284.17917484683767	387.95137691689354
281.7039932251111	119.66460870821034
332.00062365370763	322.1881249420762
103.39738013452504	168.6071902894135
311.2579001059475	49.61914566004398
188.02360462025868	214.1746622460396
409.4782302798814	75.85536456271566
216.53909433559008	12.977993250747456
87.84115661094476	301.5711449828003
370.5787243432607	336.52650067543505
256.1891710881308	211.1256307810321
86.2721745102203	82.3746255857319
223.77714419214044	36.14970574736941
234.5471093748925	70.86318339096685
200.55375026064357	253.07015572476533
396.67370358457856	154.55965520643647
323.23065822923587	69.89861642825547
326.5670152196478	160.19034249207095
306.01688477627454	155.18354161749653
126.57487613865874	392.51575618521576
57.66423381166571	256.4559090642087
419.138596429375	396.104818800497
372.35421732054397	35.33378394118404
260.89972095456284	369.1106362335217
194.63421835434968	321.0083097228144
18.225694180959113	400.70019191517116
309.1820889693393	113.93101372721263
336.2799217200881	256.1330981427174
212.74525743883746	314.1610364217306
125.21201462891842	203.06582691722582
256.50683340452053	191.64217102454148
304.9031386639118	354.47355513131606
328.98801594405273	409.75619214458465
0.5768603714290679	53.53271297776207
206.11348130537755	201.2044993112464
5.554790823715546	195.8001603109238
367.18757977759026	249.98780600083217
407.32397190913605	209.56275486349386
135.06937926807913	298.2111728166644
198.77921484401773	23.491864402064184
148.50196607742535	381.2038749651445
41.818116257372516	173.97875818931695
48.37230258079865	370.51781748578225
45.46806438825848	145.06809039043446
16.3164266663552	140.9298340125096
132.8279290666534	140.41139897220594
388.5934843641366	215.31700056543968
21.1069524906971	232.55311047277903
343.30151102173755	283.35126790611463
388.12742981160505	379.3388956709789
108.96579360195793	49.45868308484856
417.37854923634217	105.68666261551196
104.71109948896232	359.9953816466078
150.92161379507695	65.6417381122748
13.531529837797319	69.72310088574395
384.5940856750623	286.50448230714693
84.61331258624644	411.8002143577407
157.6942713648209	140.9428719181154
356.66472580463267	21.673879197352417
244.4885847848205	381.62926066718614
126.74235576133736	30.33882898049041
199.99423440326288	343.93845457282265
10.620576047681489	379.7665067741582
129.9916635920611	259.2193009027102
255.9322031025266	12.545877374833573
222.92895254021795	211.99179902282728
41.0276477945725	34.225986842507645
8.401682443732486	215.92212139688013
358.1901391444629	357.590942655777
336.5073714987264	179.21113479073244
150.47483427481663	184.16490994421247
20.34461192241934	114.20429360503708
161.40420157962464	327.7059840358276
15.576201865010846	346.1630170490782
110.22761513787643	380.33825508323116
58.48574719444925	160.9629613245285
309.75217087656665	179.0800168072776
187.32313950347987	109.4050985089672
160.81862927247988	411.48689826036104
296.60631268914153	301.0254349373297
316.08389157567876	381.47578804274804
347.91189890472896	240.13515585577392
375.81213211763946	269.17591734516895
51.66656907913185	334.8190549467442
416.6223644386952	34.07395384831639
378.49453813033483	232.90642552127306
348.4764104474298	415.90299343850387
362.05383973507554	141.59664320478203
185.2613991732527	275.75398778712105
201.636054086237	181.51164226546373
78.27110090250669	101.69383616698862
294.2536637710537	371.2744181141229
20.34756469852532	50.83687311683592
363.6788093820708	284.71906364418055
270.43197398748293	44.01115574577864
71.83060263594783	337.514649040464
259.3631724581661	123.02997275434329
257.11609500442324	58.23520945469874
226.27347289452706	279.7024840915083
321.3920166447202	216.7695815921301
238.98657379343683	0.20662045275336655
79.3390205492772	159.04289576560157
199.51703733731648	0.7139594202254878
372.6633298502508	159.9411494130966
117.74358543540183	107.70577760324085
69.70434170726462	43.58402201959065
142.31488895700483	419.79712064577654
297.2826929612559	419.0759601043078
36.87949201229025	348.7935419383459
407.61559456389267	253.69711736976103
250.94580151997036	157.67078941729412
278.35875368610255	359.9679769751144
313.75839493338816	312.70256675604264
53.243992817267966	126.6602344294741
99.33315191784233	101.10088121144656
403.2009888116216	136.2408376210793
292.17234334361854	187.42323648391823
142.76654319810265	317.5555723912988
331.4356279626123	49.96984891569604
163.15168574716895	245.7157227957512
25.188941424184293	158.2136696688604
117.27335414137416	127.63166246089474
315.89570209241964	5.659906147687015
274.42348887604504	199.28835653075018
302.7434824985469	88.48305101470046
298.65014928585896	19.215988515324344
392.6413068240081	38.02745605661633
70.80939647055773	291.31287388269635
120.17070920274365	323.4356542345862
243.320935720753	359.94628407034804
262.9116337964724	389.02968039318904
346.9804546997924	125.25709582427847
167.89824493902353	391.5599394773575
72.61585379724113	315.81772660798555
325.75817611567624	236.77642740827105
58.452823189454506	276.1040686067372
253.1442851356793	32.82694212177313
403.48153648195694	189.70936211514766
417.9341848051483	361.48923702196936
245.2474354891292	266.16609084882214
168.43508220896038	350.9235850962556
12.357942823618382	311.0670983819709
99.34920031911936	252.02712970568263
172.32668508068858	291.36144827526425
16.957877507331787	251.44290396162356
202.39832803973727	97.29900590057215
144.74075975639144	400.2404345544323
52.38124805058413	389.60133979740596
236.67624714903565	341.53640653913806
405.45589888349366	290.9342013981567
162.65505123028112	165.66161801830776
216.8093101681363	354.3237478879429
27.993524950788885	3.8698615847617264
34.055838476428335	309.0066783757708
239.68166304901317	48.44219835994839
322.56999658767785	139.34181778173172
396.77228898107006	94.20207610332612
341.609581270631	347.68989226827796
389.33548018361915	342.7096291580561
361.3667003373846	103.44492826769174
374.8755354023118	88.00109767805006
48.10199327048955	4.049022838167435
60.5009796479003	26.36320313362907
25.720231645543997	365.680208431676
242.3738491398223	177.0691701840922
260.98172918231126	345.78145822990916
218.79998909629867	333.5616858393453
145.93909421706454	360.5653474048978
188.39976850459385	235.66554763157677
142.55424944708517	241.88304099435138
151.82914275785842	224.25814294933335
132.15692949100492	172.0408232337924
227.04978181293075	371.8689157768005
305.2909811591038	401.47475671208406
