281.1401017428881	338.0952076344323
191.43983707386778	385.78937731752194
58.07067535744479	401.77343008682686
263.82143383285256	340.85771662219724
265.0127652179747	271.98990951043334
108.64570529277077	276.8431354565131
259.8788205230392	294.3897285575627
347.8214671999039	2.9787997532286576
169.56466024716943	5.627927209716444
394.69966883078604	78.28683847788943
76.21433646944052	101.32286843548036
216.1269673227769	303.7730976716443
316.03766507440037	296.7601367806618
3.237084874639792	242.0479933607641
224.96389022239202	100.26390888934915
174.90331194882634	311.00706903340534
277.33576985884923	3.4164847181650577
372.89134400758246	407.6313079899755
103.24181443723037	327.03644791319323
297.1128840396196	132.14797150777656
197.55889518365598	363.89242369204356
300.33593368688753	335.9378454050758
198.8761374592498	301.63068547618224
12.229456941199185	325.2173080920601
244.51030796481703	96.33168008145117
277.5718144800627	405.6803945263824
305.06007642732453	183.00424774944108
399.2200063479443	381.82636982767247
75.1295825961038	389.4609186921535
6.281259372259095	78.92068094577756
225.0283603449039	319.0976001923546
72.24981757640518	371.8336349343163
40.337287689038504	402.700408144742
87.6163051090494	62.1660237286296
80.80668603456375	17.30176318879637
320.18656698665706	344.81343141470126
13.198718102856347	12.492438211001337
263.73689293457585	136.78865393704748
249.6367494364302	223.22748703874936
186.76341424499773	261.79765272407633
349.2395164349012	185.73596569833984
168.3756409410958	158.416366543358
415.0613574475861	9.65201826556917
60.92463486916102	142.04453873411435
208.11639258006406	46.572262427424754
178.86762807768815	339.49679802211085
293.51122757204126	238.40166288186404
257.0203527920316	315.4083615609505
127.81323330312719	88.17029533066165
80.50299763446655	251.7889628973903
329.14031227720034	386.6977311206314
168.68843702233926	235.60317319749726
59.89826258568069	80.35378454418515
271.05936852324487	157.69485037542353
392.9601193820555	325.0051920192513
1.5826689284025548	165.33056864148213
375.1354382399038	136.34504429480674
152.07627182145345	61.09982756351037
365.02083552869976	390.3204207586295
181.40587179298475	38.57506405328435
104.3010491771069	228.60337396395073
383.65226912861596	121.33619249539093
69.42662012160015	219.9225358077616
96.57987781983587	211.99131304130808
39.68672534534526	75.5921644905111
411.27361186908746	141.89340502960678
30.031973783424572	197.42965077037238
81.42423001012457	233.1310688665087
261.27243913402566	102.91137026003253
151.68010506375876	91.62641830865242
154.83546958408044	203.1916918349137
240.7736705054469	252.59390738944901
192.13392171810122	52.72786376414537
354.17344353535145	331.3151234279415
236.82610732441074	152.95072240305683
96.41927560809883	156.3724016271807
108.62758095505939	345.75600243522075
93.50928575275779	285.51795966342786
182.0187191557569	74.84553543820293
240.85319005247317	328.2648626480066
390.17862802962514	175.26269785880606
4.912040858643387	414.8681054057357
33.05170351108138	330.09825079637125
222.93435763075507	398.17973079540326
217.9449389293728	160.71507169474188
398.805694127572	14.956177618582098
129.46016885881593	349.43093357885004
23.406938318705677	90.10127465598185
369.4019034241819	315.6487835661766
33.23244597952803	256.8783749241768
341.43968175496076	168.12340082883225
139.308527857284	118.74434157005011
167.28672613810878	84.38070821714652
217.71942281159863	243.88995573925217
349.9307129159398	218.27831959143285
355.2427615226563	406.3685869816623
79.3033032979538	270.4344330597447
119.78766472495674	196.91858169472266
58.65703299223034	295.79311693109616
402.9669067948851	281.19493049971334
319.48638960635816	200.86137021396578
314.68984051612927	32.19959525881177
417.2254076066011	269.7910862171374
105.47665929062327	61.15772073158625
99.78747485793667	17.076338975481377
170.07203488694697	280.8560736698902
60.39981812437959	41.36958932336247
248.95505279046986	74.47871726951763
240.2753132584217	300.5294210330357
231.48361695999017	83.033511612081
180.43236287776554	143.3077413957041
367.4299075965692	113.81202326720796
186.81036875753549	8.694262559288347
371.31995563567216	5.150832981538301
379.700584188602	92.96315348243031
388.2774177614569	268.1357988214586
349.7477188503922	312.3936856109407
290.2722092783269	40.14578833704104
80.60336429936203	117.85322262067243
281.26767129674977	223.65443390705042
225.71177450895132	201.7228970366863
51.102527131506584	320.772677366545
236.42946337429123	24.08864863516368
61.885650337039124	200.24427431515485
402.2403175290922	231.05535785050867
193.59920911212208	186.15373446529517
339.25062856980645	119.32131115236443
346.5204302042151	45.01352550189842
296.36323645815867	62.71740347856818
44.90053064493074	206.537688783714
345.4351992040476	379.18176823360204
149.80769891995843	284.88870581232095
367.11690309970936	179.4199281144057
88.3325630239056	337.66127053603424
381.97112558579636	19.087567345207837
389.1253225641666	415.9389034467795
149.81808888310064	32.16816446452156
303.98203294607913	258.05041908942127
291.16191170156003	321.01519142790863
302.3652936215494	203.23164287860047
293.15164042971963	278.98135257789403
276.7579852834357	289.09709500792684
222.79999967306	266.8115300529819
259.090645566687	238.13615853356922
388.5111525837076	306.60227596844425
410.09309230902386	316.67311869431416
338.2381324995257	141.9945094824352
19.761138308969638	107.26433203159247
127.23201849743671	290.2096513144085
181.83355097959412	356.8996240614948
347.87723245599284	64.33426661547637
125.05023084775496	410.9789905284968
173.37807610494755	125.38549433904524
190.409753325669	116.45191532636076
273.5341348216094	311.0786720408809
415.57028486727955	120.42939138769214
44.17911409194905	284.8627644725909
89.32969736442227	379.67183415961534
171.71709262890337	183.16753018181404
92.73975203230154	396.67405720057246
289.75599567014433	78.62556888170445
267.7337101223847	80.07478896539799
174.70691057046082	57.310721678162224
254.54757378306937	152.70272006332385
242.62859118344224	135.21970993829973
322.38723590521323	364.9437716124413
7.806806691254492	287.3966930945421
261.1673197200997	413.2167423979621
280.6360006245912	55.71365280072925
182.31559066329888	204.22615124549347
230.84432309411653	413.7352316816504
393.9413612913224	56.50005622454004
120.47710801107218	365.60529282314735
95.7674629895892	244.00306448879996
322.11637087329393	91.9593096804903
146.6722246497584	351.6461850105973
389.4922268536866	398.3095004031854
91.30980540328731	32.10104484793243
217.5336345215293	140.18514222410184
31.971584364961764	217.68185774170323
332.6464398112018	24.572410183953256
332.3847558687485	215.774860199457
209.39029625761978	379.1313371323063
66.41396140548633	417.98672967520986
285.1451976237935	144.55339822844823
211.6378266050142	224.89981693506317
71.29727346883071	56.092470021229126
220.8511172271442	65.25290200120305
340.14706299218676	89.36753881743044
164.98974146568924	107.83185779498226
324.1843200057555	110.01173805864121
208.80695535020203	111.06856265613894
109.21269942642715	298.20651685484034
166.8171005730753	25.318081827628017
375.10823962859274	47.374985847494315
409.5020231071711	334.1552343394623
97.87655349722297	194.92772704567622
315.2522630225419	273.056044612935
330.1028762979198	307.9972754260698
311.6496729596809	236.3925414393546
39.79831089138017	235.83195787397182
291.0702692112946	161.96423505924872
103.37722223063145	412.0970495341626
264.6817438993868	254.75266211726446
136.86834330086938	45.51982625662417
117.1126111863046	159.57643019658687
247.4858511667318	205.77363637812013
141.37788815326624	268.80058376692176
201.68127150654365	67.39537745419449
35.34270917307631	55.91840255986527
360.9569377477527	201.14577240060893
288.9029791872168	20.298673556206992
24.118036031852213	277.4665699342659
127.7881646672026	8.134645075012223
192.50479752689637	25.06317272218262
247.21631208794417	402.6896012709755
347.74130495994206	268.383568713565
11.867368224926343	133.51032893569348
29.573139872035743	19.463779062150124
198.22277862615826	139.17035912173532
230.0213890933213	118.12758578257119
191.20027723099903	408.9539610307991
203.1572515747467	170.80463163668273
113.78917162903794	245.77622183410563
61.152710306275864	238.81857343307223
282.9473934330042	258.47948415776233
80.01146593393449	354.97073368289347
401.3072140534122	158.30727330751466
379.35921047041046	195.5547100691325
280.2186569253716	93.29155017095677
126.67884878239748	60.81827072294432
58.58415020159394	357.47986473891456
154.56658927811392	315.378000381498
23.012785102601274	295.54965524654574
101.46543194001943	139.3500054288436
128.8470880271617	232.08889155755222
331.1158809637212	74.00406451962348
52.50823845310047	60.28847130575017
205.64142598657634	398.7630858584901
38.12482215628568	385.75386256632834
205.70429482236204	283.7409927654002
392.77589024411174	360.5491832981328
373.7607381880796	366.00926058443036
109.50179022677379	122.11108796807763
288.4235263863584	386.91685187636165
283.592428301549	119.592175695445
321.0351391045091	324.0023434385071
109.9157819670852	182.51916989734337
306.3643025697055	47.225541999141356
191.04049592200093	218.95275955068587
412.15298234855504	61.29332948757839
224.59716296187895	11.364500381957848
91.36130208546507	312.0420373971962
368.1386029198491	341.82480857204774
267.8694280053699	197.79510968442682
82.75739174869261	83.94036990197768
222.33849780201524	33.91420453716391
249.31938865574108	55.71757085780981
205.2138200934101	261.4768845395018
384.4607700233503	153.22655794792672
311.84156834089754	72.67777714252355
324.5399108075619	153.13720707580572
304.76285252579646	147.4154835421073
122.5132581144127	393.28931300184615
55.509195988063524	257.05280570366614
405.66174136084163	407.63189625598363
366.9996253074983	32.157436615082375
273.95110592053396	376.74902844699295
191.73856895540004	317.180453470201
19.524240198505854	395.40848396379636
304.6522392518103	113.78549285301969
320.8812577154434	255.58252398193906
209.39875444489095	328.55150602344924
129.03922057874587	212.68548867499996
263.6582097213	180.54099443054918
302.00795997171804	353.9817257616561
317.2923976556562	407.87966698405285
412.2001817191568	40.76724436288789
200.14988101393314	203.8593640094996
11.908319686914613	207.98967065517823
376.1999170729818	255.7728487408599
412.69435800309395	203.72029270590585
133.56182692378508	307.05067896129657
209.71482018613455	21.72477736389655
156.8816955786219	389.2922072053452
48.394660093128564	186.85118499827388
33.38876150951156	355.63290733606925
41.93388212055583	145.29001568937048
22.068122321609522	152.485929744719
140.57411588193534	147.16054376691142
396.21267383206293	213.8532403154906
22.88733012068778	239.8947984599464
336.8585710248948	289.66891641814334
380.8721408965497	383.3634242380691
117.42399227666776	41.344256819588125
395.9823697308326	106.17528120787019
101.23171236110164	363.33118686351975
163.6231902569299	42.91914425800699
9.167878410822231	57.872328079058995
384.4139464558199	287.663756943749
83.96498710339979	415.0816427159475
160.75132370708425	138.2650524753001
351.05117779349087	21.65032920603645
243.31725970126516	381.07993414417643
131.078157836302	28.30015081363164
200.32557575782914	343.35406975824253
419.23257564933755	392.05549640864274
125.12973751866093	263.4969495881588
263.19820039188545	17.568318515358424
231.8614972524008	219.87255234035098
41.586175277824935	33.67059483149482
418.53677186191385	223.4997763089668
356.176839184171	365.2501805517377
330.5877925235001	186.6697050878791
150.08450987250697	186.56277355966452
2.6250522656482658	103.28086144592284
163.74914165865925	330.04149504507654
5.472187775491725	356.5182506532751
107.60312751678018	382.04692371867696
56.36447157225663	163.06449815937106
308.51816456731893	165.17229658050104
187.87988151293305	96.17625544310475
168.52586051526217	407.63559517882527
290.1614246587821	301.38196951940296
306.78172002699444	389.7679316393129
359.50987127829995	237.8895269641908
364.41054508543704	279.2283518254641
49.32724476276114	342.98412891470315
5.016040176257083	28.54839977915508
381.7706386878079	234.96986805580212
335.9390130890949	405.3895811080594
354.25794471550364	129.75919238909268
180.37914095349856	294.71868266762453
220.93113387382573	178.33940957263874
93.1226431499822	105.28901576839624
297.42088462760665	371.418519332454
24.332163751156468	37.89177564350074
365.7942050908672	296.238670360891
275.2832554487291	31.35843742532786
69.89938928495873	336.9221897632708
251.50414419253954	117.26214930946061
264.05468224591976	46.7491205689462
223.8654745577694	286.3073716692105
313.63388660597377	217.16908499713014
244.12059669779546	7.214940316175806
75.48920777455187	155.61386480087313
208.65085129916542	416.15388513886353
359.96012115665536	155.64095142082772
118.62287676406275	105.23639719757294
63.71867286369903	24.31639555908746
147.52753370109167	417.03264796204274
295.4807884883192	2.118395743867647
17.023056824758093	343.8137030580557
398.4991570150355	252.11676586243323
244.67749037893915	169.6173179501943
282.9447924204737	357.3166922424212
306.1934086798407	312.01079429425386
45.29878414102461	126.09639719650062
107.09022773367978	88.94501184249607
394.50424798600545	136.86440071973402
285.1885582935345	185.3838721916221
144.36459188658972	331.7725514610425
326.72356108530664	55.93931917697285
165.82040632654645	258.406352563161
19.75232894804965	169.80243082899008
123.22189712698969	139.02190100711417
330.06892630604585	4.608607127731871
284.92339056779946	205.26187513351894
299.5973939551528	93.75020572158215
313.00747365258576	12.6170429548638
391.41185218127316	35.62747608669817
76.03324238649049	290.57809523785755
120.41702862805087	326.56965883025146
235.88858196601672	363.2320540361293
262.0057361462375	391.93878206524704
350.01909805857525	103.35463684677072
174.0866254654261	383.3461254431362
68.33422468391352	313.3052448436572
328.53642225670745	233.78888307295028
61.32152185695864	278.9340388270917
252.53536990912997	33.5098104004398
399.9378339016004	190.3047622412094
412.3662093226112	369.79664355223946
247.31489151108596	269.27461004904336
164.78414657159087	349.6644275765746
5.845673303708796	305.85016420282955
99.00004085417541	261.8356241609371
161.51031915132006	297.9533160213576
11.039100387348022	259.14699833554226
209.21202462063977	89.32638608782725
141.06675350950076	398.2384963089513
55.41687012288836	375.9522139442649
246.6889354375702	346.2785688655945
404.747429603203	299.3055535299483
186.14531948589735	164.55325988577664
216.74354731210065	359.60612645690344
22.375079551533847	418.05996029570605
38.65504008927462	307.95108457093824
236.7419941863608	43.62127925040705
322.3721591503131	127.32849885672552
405.69115767001773	91.35719737260932
343.0011059435618	347.2580958716989
387.004263182595	343.41213598681907
359.89990038019835	88.68282579503438
378.79016826522314	68.77529119725936
40.817600236789126	0.7888141394983461
47.83774415134709	17.404661891451166
8.926448829695664	375.55836065608065
237.57308446874188	188.78564870140326
261.30584778345656	359.4430468948277
229.60561594839908	346.3993620489995
157.7997094398556	370.24925547946833
193.07356958431555	238.1631539376147
140.00548759080786	250.44832420212674
154.90835440967922	223.94604279962178
150.6491369804371	163.42715261966563
226.5356717854104	377.5918731051305
296.2735711190836	404.92890388303226
