125.69493713598142	384.41899968511166
383.945685659486	319.17720418624333
149.35208162820555	94.89499057857385
315.1450178510203	368.45527285302893
68.8554245737945	124.05008743026833
247.38013625988344	255.18569633874847
126.1627364263627	7.817064956087871
275.42224291534046	365.30486228797434
230.9090377766056	140.87175316457282
217.61882026306282	218.33534593770113
287.6251548720776	349.2346109025773
345.2441721973318	36.53030348948919
358.1710467191026	192.0162617480228
236.97865537056785	295.4933179371078
131.18527815756804	49.126964294669804
306.38025924074225	85.32698089649075
358.5119372999034	1.7913912163974577
350.290489416495	293.8916002565625
173.67901476331753	297.78152926184424
419.8101128094444	118.3695480528528
144.76461271820443	211.74232141126265
177.04634438490731	133.4539255654199
70.136136512098	241.07927582339534
92.79178211597316	31.90325129716734
173.13349079214294	372.1132107236194
16.302744219334958	392.17331332268174
89.39969859361815	206.34778009730823
6.286404696086242	284.1857667310792
4.477128572576772	0.34625874275349927
254.9019650828127	165.86396173217622
2.5294362546759452	137.73261792749759
328.5227597722922	354.0732255018178
331.5185691496704	243.06865495748625
107.62898125947575	19.650330614804265
70.29561242908206	413.3006117315937
332.7962597594795	416.34989233331083
316.51117564756674	228.32948798287734
49.60242434404856	414.4652094305285
81.16035863140911	143.37809561558277
54.28302868083623	209.7166267647477
382.13260575584223	182.56854361962382
28.329358043301983	294.1358465073115
222.28336962210784	307.86362169371506
215.99912740444464	1.4698657037902834
208.3754419599117	56.27908773518697
401.38728748964616	30.18182195436111
350.4957137874365	80.93578788592225
192.13824216314967	98.34532321550388
347.6416450640084	338.2378965145247
272.21735264493	47.23199919882077
34.59248542707844	216.49784765092352
85.29105557667494	303.65169384358035
251.9091343961343	226.98429108407197
192.51997378122164	378.31853517153183
214.91081701717246	397.2763024391434
387.52436922560844	259.0160353789677
271.1587962233955	403.45800951266455
114.44382130111053	292.0634568782952
34.89796893098101	238.03489418402367
390.76543854267226	162.89711113256834
58.716599386909955	68.9576522145678
91.23200924218192	160.1199241582362
224.28336226093953	195.93306372228986
260.8942066201148	311.8234200605507
25.907846894720905	415.4835002127402
40.22215041835019	316.77390303287194
311.20822618124134	278.4322132003605
33.99510447621862	35.5594542664848
1.6519763543769792	323.70132979360676
385.49872548747885	392.31853649638396
13.195465939340188	36.3415541392116
282.713892233423	250.38485648079012
214.12641636793808	374.584578104889
91.53388654259967	407.18002308190756
87.47504697988973	12.802089696687444
240.49153145710773	111.88140496345098
157.25122058591182	285.568092941805
6.0493634407721455	264.90779948627966
347.3778329744442	109.89957724613338
19.51537128732899	316.54365588041895
331.6043865034201	125.73624081772743
281.7022511987733	383.72165858858466
230.57286126865037	91.02555612490401
310.90338724499463	297.8222743237227
145.11455864253352	116.97826030020843
57.05956097004037	257.88912067473933
353.2715497264636	251.07950956092446
97.7677650715461	353.44168729382625
273.7243505774628	160.64674184112988
328.5827825327183	333.7802505182845
403.6970941220218	49.510557820780434
155.28431609507643	248.16644211005774
50.50794934828584	277.70574660991724
253.99455125000247	362.5444321419797
382.6158575940976	118.1924313319106
9.584014057905739	178.22499264794484
125.53028714553763	27.604769271106115
163.89636378329303	314.4802104954479
126.1642202812971	348.33113390173514
15.67751313196839	151.93528654014364
403.4406668806396	10.311609202518065
324.088994175915	395.84774793463816
365.96115867497326	127.63129569734119
36.29824030157227	143.07492342277152
416.7179830660606	234.4562312140484
65.1111843052498	307.27413158015264
196.86177282178755	232.5939180470242
219.39574062297092	72.37310113173368
184.6049177071709	198.94949229904375
19.115998464917162	17.57895656774802
195.23421878386645	252.6852531122346
271.6718601824344	224.2976807048981
63.0650784384925	370.4641171915227
330.8901370584709	74.1175622480708
219.983678521549	173.93003851371478
372.5105601766886	406.5085192775505
351.1299637508659	273.0067756493952
189.25241273139903	148.82262450875197
404.9398264324244	272.991215516983
290.31344747827916	146.7198936845408
74.97122441242271	221.9566862431682
85.62870058389318	375.429450342618
380.83855705819104	220.67979958133768
167.4989461545983	151.92857126934825
119.47129934887926	273.3989929285022
235.00637391161663	160.44202237634713
60.4148542466435	349.9308540332552
399.88170700666217	333.2236991780182
30.691975393740673	164.60741474602779
364.54191468699133	43.29551811379901
149.77580844417903	59.91858981150418
221.50619242867486	348.3598619872297
345.9602364310359	402.07160588771814
238.79752251294073	182.49806222588592
64.00193028551689	180.69424739962867
272.83562600210684	328.71967667884473
137.97321689858617	174.6963891663939
213.37217271451613	148.79130026999027
36.78978222421878	340.42486208897736
368.8671085751666	265.2340195147473
271.507135553265	141.30013747661778
212.5866355425087	268.78031503366105
203.24907483359877	205.4635939125472
265.5049721777296	4.53755007253102
346.44860422088084	317.78650962903856
128.68263601181965	200.4604425013765
50.53893331833851	165.58068633359045
364.8098613578197	96.74218484211015
29.122814618001357	88.82436025657019
91.06101479761172	52.22980639053859
100.3834934975816	188.75545582023366
16.05502249067671	336.4400380731671
409.9785406256178	67.82000226577411
415.2048617604906	164.09780931894844
282.3854746219925	281.29771561937093
162.48124437421265	43.67857103669173
288.21812001717785	75.66680350059016
399.18229330141986	84.07602424016443
268.68422246260985	263.54566104254724
265.5797428788766	346.7302299326863
416.20419988484906	390.4349988342522
145.97258875074667	303.73242575272354
167.35082583348182	114.31310197832684
77.7881175005057	393.13561942478077
155.49877852943942	402.1327088992059
348.3087393052942	158.2289645865084
200.9822326460651	19.15670842186589
145.57804597788746	345.17571222723274
401.9643859355126	180.0778587213734
278.9439684100087	201.62883132278307
182.23236212158224	219.15328460703807
36.493416521878395	397.824497986461
309.4078646531729	408.90072478675785
46.74248940304762	126.88840157266335
259.3644875436307	105.34204998095188
334.5374263017513	376.9770420391627
78.78496354979968	70.36115190437812
158.1553186740681	77.756346093119
358.0550444803984	62.2126472650761
57.971420692869785	328.31903597283366
392.42214307719405	239.58247103346213
73.1164757437227	31.652631182811852
198.65217131592965	38.944166373634786
304.3583077820164	22.661989573973976
325.6077115793385	29.31686368300044
175.17854293781002	237.99840128530286
386.8471011772123	419.2681981725946
403.7846496654495	147.85345895926588
130.0395388380485	248.99088606573144
95.52171280298484	124.21619278983539
37.59715055493635	109.14858598613209
81.77844241474763	109.8131745127477
78.19566476445902	357.60146203582514
290.87304956145726	37.24024700087109
235.18979858537045	387.6596793693385
231.6747212404936	409.2653818201627
157.84998980311843	171.53809090782363
370.24098354607287	241.39208226723702
359.63199236311084	214.96164774905756
338.68034850977864	196.20585286498937
194.27001977953498	419.6282341636244
179.04842086720973	351.9665672249315
203.12991972532328	319.5827674256054
360.5581365622263	22.138429628864056
94.42524247721123	284.45531145889504
264.419734712646	244.31087321618693
105.37263929762591	0.6135428259634612
252.4916641381954	126.80979028375864
298.1211521000423	183.6104596061413
180.91707749146354	78.08512199591281
358.80920104709963	386.935491630279
18.40988195395	205.4743015693679
24.59033696817267	373.80228203000974
259.3818175825619	31.40282440789388
330.3605932952879	281.69423491068557
19.252977825895005	123.31713393170386
14.31683109931845	72.60224383470215
277.90229529440495	181.75007795258577
37.095216629525005	260.4069738675273
48.830357630798865	49.98586665662613
404.9105447745316	407.5558567860729
126.61029909876844	311.7041810861947
331.4788723753751	94.56977227093007
114.71981068984798	330.6385171390315
58.20152920094038	396.89697466424377
243.7635440992529	7.388692205575602
368.44258123184363	151.71247888594326
179.81085949258093	12.291355451481522
401.9138366589221	292.32906751140564
99.54485677798105	263.9076624556571
102.44334375762953	386.94037217424113
56.59530417763676	143.5668052088797
160.19017261460343	3.2657297599184343
18.100818192760066	228.07044585943112
15.665498620462769	104.26350023588276
223.4135460036523	328.2182598744641
296.7422055252487	315.71410221598694
275.8682228465862	20.630106966744485
304.68629004899026	337.9529203338233
383.8427351621215	299.78389091550616
238.7598389598317	211.11749776701046
291.920638884679	122.58275058572809
119.94139284370058	149.72720532474884
114.79783036250917	402.1412779468666
311.81335397396697	149.62498972856588
196.73992769603583	284.28643049435584
110.5048025705356	166.4472410194279
70.86936791269952	161.55147360323355
118.5424215038669	227.21258073941837
148.43727886250713	191.2664429952727
331.58527632036726	148.38329446027345
364.9807652096502	368.4665638221635
68.17899410764818	91.50351968117393
176.72247022452686	257.67570120437574
136.83193724927284	285.8519022579148
271.2214221387837	85.47570553181339
48.37230415213003	296.9056196345701
155.98610103685257	133.41195145977622
290.46841240245544	400.81409724068675
20.174470468344435	251.09689054442165
258.6680836039275	186.17137719923164
338.7324125583406	14.723181082694882
253.39010636006566	330.32668978121666
180.86168928496906	324.3101202084331
393.40833949697713	352.8914425517845
109.67171490766489	247.48818939468188
299.6380773074161	240.5381209985061
312.2595719742686	66.50757430413194
348.3279875871056	358.8780353740672
110.29675608168408	86.12015789964929
410.26141159619795	253.90891461208878
162.80319538751004	23.54837222360337
251.90425207057706	404.9445993277804
404.2708637962564	372.3750047526248
155.7450817745439	363.4886271084229
130.07047125670482	93.80122374437764
295.9477712766981	366.8586775484575
201.37547455955828	165.69365073126428
192.70710805463307	303.50218562802894
336.6247318045443	54.972243600551174
121.58202837405362	122.55214909999039
40.23943077496515	11.70829609906445
38.59448611136941	70.65278487257937
365.33719303992854	171.86176034012433
45.830740489753815	380.28113849623634
18.474718716657502	355.64823590578123
214.6551331814247	241.5900137190693
250.47888971484875	87.66052582673333
374.38193614264736	348.8495195657694
310.9202784609514	43.828444612464644
24.35447967670527	274.8826018794047
106.2989702087007	312.7992239363349
319.4039426853022	208.9459894411986
240.1326738878339	70.86212559257035
306.70807050239983	386.5560593299906
176.1854366181378	410.65657605845473
298.43364797207215	164.07838642552323
71.26598196081835	51.524943379145405
334.1863455962352	262.08897290433197
402.4812050042518	312.6960533936868
24.514472451601893	53.32212652394616
384.1387153801507	139.98151334091412
207.3521401218811	111.01154582382921
296.0143492539423	265.770999961634
241.46547721051337	314.25081001979527
380.1529327108032	19.063189655139873
98.95839713340457	222.94126022939278
135.49068713573757	135.79940755965816
143.76484126453803	266.37313415076613
320.0253032896865	110.21681920209775
141.0156107542923	154.51216334460804
382.4420992923777	279.64437455831046
367.1773840633578	329.8276809807658
194.75687371625028	397.6588502891153
419.98451004371776	212.54266000925875
75.90298705026976	338.1452599952022
316.4014214181944	317.14712998781124
136.1815261822349	403.0541129992588
150.82232596603316	382.59041049305733
211.214980322663	92.14677914698152
416.55028590278977	192.79314275767015
223.54719041085656	122.21748154286594
144.75749304230905	35.591460520441515
224.13604655058725	20.780220627046567
272.4147886661788	121.51590829587455
164.45743392627008	338.0818759929381
158.7471140191452	227.9282169845631
249.87035566901108	52.27635533643299
385.6769393622497	98.33051990786105
46.967286135224946	189.50524164701892
42.26024271701674	360.5057594364853
365.2862539715124	308.0164203663003
167.97177202967148	188.89290465014398
78.09646806663083	259.5080552655679
383.96077012731394	38.32976264998394
114.02620619725327	365.9824834656631
110.13557313296688	45.72404316202722
202.54929273037834	185.40921234322562
91.32409968843535	240.96666256696489
417.4587940452088	351.9400783756497
175.7567251591208	391.1278514609216
178.45915003192977	169.43063309429766
189.40771112702475	117.9528327771426
291.454872143118	220.88102993105653
281.1671062651523	304.268987338406
145.51020821295904	324.2679064047843
300.3849611477044	105.2692271830343
52.094923320295635	28.992598430557138
216.18475998369277	289.22103089942965
94.87640256372846	332.29538516446263
384.62356394087044	371.3669951890392
196.721104607648	340.54276660946994
1.2809404671874929	87.01920365154747
254.08792424319105	278.67541514371516
259.2792418063698	208.8286641876343
100.12087390204641	69.84622060508988
348.37423214490224	136.0169071848661
168.98700545960668	61.8146953380578
135.89000939235368	74.48158231046804
321.26796160082125	167.05127324646526
281.18550324485545	103.8284410540737
332.79292730321555	304.18611974995747
170.931135535754	95.06444329899334
27.49904669366129	187.95271744793357
341.47244589402493	176.44813770206147
110.56836598052189	207.57348374372773
261.61795542974306	386.3470183914247
300.659559933462	202.92406121580424
101.58143559921531	142.51445481785032
293.8148855325421	56.56080016230835
372.0855072856642	76.48844723482016
164.97255592648472	207.90616436358152
217.85291205030936	39.59364272834
178.68816703724872	277.8582677699438
319.87227095784345	10.743348456190914
236.2339812831418	238.06119847228805
263.640595896652	66.98085240517207
137.82939442740758	231.49544152760922
290.07265511421866	7.73888272451943
238.23406627999753	35.30709427371359
102.88124126366489	105.61579315931681
82.86501728838408	177.37118398729493
228.11277410045096	255.60643982883062
134.83056531931786	365.48118426752615
251.5697921127525	146.71218245585786
320.37985934585885	187.40722714630607
232.80182667933985	367.4177496409484
68.22718808690854	13.142123385563508
234.8308318060482	275.5270016296419
206.01731752684717	130.48227603933293
180.29030900201542	33.533377767911816
118.43844490603479	63.497435338673974
52.312494443549674	229.8365060054257
230.57028541983215	53.90864168154191
240.86961441585106	347.2348658598432
144.73913263147838	15.796074970029377
309.72042459835114	130.2947226837286
57.65735865384531	108.52253436835417
71.6322165441565	198.49812628632193
73.85062209207334	282.62348926878053
48.50623540592362	88.6083627280658
200.99825670056143	359.58459318353295
0.12183217167401311	20.491856935930734
405.3966015480539	104.05383836448821
342.3200911300302	224.31972593361562
397.3678938597359	199.3441668881285
384.0864534497506	61.12632361450679
118.96453470524463	183.96457050608413
186.5401078002187	54.13711591821471
88.06766418861842	89.67774739288838
400.02863655555353	127.65739543325583
4.971732779169018	373.3417927400758
3.393562685138615	53.045936545437876
200.28358553109524	74.05739808772711
376.99196225317155	201.73317412032853
314.5034586215814	256.97945840388513
419.7043421569021	303.64911986095683
400.0248780971221	219.5197757754812
