201.71263451710047	59.850131898248264
405.4771194853361	396.1410027109882
382.07110733681606	221.38426149979065
350.15540569812856	348.1142160988558
402.32068361302817	342.36488467962755
167.7227365120814	183.05899669687975
267.192374215901	42.613349536264984
95.52500492585534	391.75426973285664
166.2618604109883	333.187773241392
383.80119973155155	65.85385491413346
307.0688803205506	46.70399715188277
243.5015073964708	152.57947774068896
381.5158460761574	107.09364045517553
216.0481978962911	14.403760845713782
402.3078718755557	29.0368938256034
133.02386367333736	37.2181643306744
26.96571556416679	149.60002382153013
338.9169880221826	175.10616283220241
261.7987734763097	251.58845104893837
22.681767104032225	178.6865286650989
162.05536428922244	10.56310155309195
4.720542390073435	24.51227305715383
119.15544375965487	241.05470546494936
129.67759003736936	131.02743266476045
302.7288663252584	144.73708215060876
209.37681560992496	315.01648248080033
84.59432533282379	299.57219591062534
204.66174958562556	106.74140244444449
125.6868638839146	103.99257488175867
40.73608458597444	270.32445768879603
274.8799779843875	371.18614020930914
240.92786537625582	174.86282550452378
234.39546926667975	310.21390576462915
159.1920455914316	373.7952868867883
146.05311672210436	52.54980782095945
8.879572556275452	364.0468722849031
109.26244674653812	122.06617601946986
343.16132362177314	93.08115558334764
185.1613050137982	194.0134353245071
291.7568495422829	357.93495097949443
36.37821119377378	4.137745562203639
94.91555216924178	182.10802963873815
23.66663083590671	408.907444594738
204.90643638683534	335.6721779918461
51.92722915020937	94.54671423862273
162.62203368061301	99.12249694241707
125.65365474937502	341.59844904049953
250.13210705198483	127.57999197606559
227.1600606573865	54.648512098926076
262.3519085831991	187.2823316321391
363.5191279447656	293.91134793090964
168.16253548865427	230.40848765209282
291.06469086600936	405.3104084309128
140.53684282376466	15.448450048785782
81.07262700350495	279.62587966796747
165.89633427348934	46.07812142854166
417.75620392445666	380.7876742071817
366.9222686016699	235.25283763646658
43.16158287496437	354.37807920779835
418.2676173719972	77.931917631843
41.29213337322373	294.7667600160661
102.37452791113726	222.9135368287669
200.90065144334994	355.6527685573128
236.91883971638018	13.504719338304428
276.30389343061097	203.3827543691322
179.09524602727168	61.365968728898764
335.28429901191464	214.99160446638263
320.8347991742253	241.98667385454638
206.16331702489487	210.39637094375692
403.01022583177013	227.2040149800287
86.1273666659486	11.972314261780593
203.34795664281083	183.97739133817225
253.84505125242598	313.8911924570174
92.1768289349379	142.44575741252052
375.4436846486509	373.34211088189454
337.1554399580686	74.32411632685744
39.448398077034554	38.83719889529135
412.00712405821724	245.3951188373847
66.1253641853033	394.0795632257765
298.632401663445	318.8711158448365
45.091307035288885	189.98840698363813
210.79730449138685	277.7168185562034
241.2115763557083	246.4979199971302
82.58095805668378	33.82274719822953
0.6101149662600017	289.3705561919795
184.18435173715957	81.31453347193042
389.1333040729942	158.7016612318716
265.0189667705185	331.1689898015579
290.75742750413474	6.3553934831796335
396.93197342702126	258.9316456081167
260.5948953273653	67.24658217368278
285.36544482770546	183.8223523467014
313.34316932317074	413.81949817737285
392.8707792897775	186.9797627946362
377.6647523466475	201.00442331174358
376.8387172848556	174.5972687028856
283.06640618490906	286.46888616428765
307.80868007684137	394.21214946444417
236.0986329515617	367.91590578583447
17.100324649465332	242.3199687161194
155.64139762894973	158.20576297479218
314.5809380054574	126.49653640487004
382.05941429515036	29.013110476797472
63.54239615430146	263.28367244480717
62.34784878531268	301.810758839525
267.3966370289855	231.2858357075887
90.80865717553905	319.021570414991
188.5347088432224	42.992802740167036
329.5241203734942	402.21288941248406
361.7175522502599	100.91363090990542
231.1206916572611	280.8166118723137
120.56372840478872	21.544063508184134
256.16303238284274	8.801469516303348
349.7766468036163	45.37313948413083
218.92556287260587	296.33109777702055
261.6178945822761	278.5596734395847
198.43497537409908	23.881221192112392
296.43339287176104	205.1665492836051
318.20674356056975	67.44533092029066
266.19325799545396	298.12139578776635
8.164734334799627	138.96409040339225
162.11209270401818	353.39542224394074
159.07070285915302	285.8230142852992
241.8497939940333	104.5607323204268
115.7659769634751	403.3883300364335
411.09466554946016	127.17375531504194
409.20222047221745	360.83664377954165
373.4567673188177	255.0647266880977
261.8915571803812	103.33675759365588
214.96962904703207	370.79750012971925
167.2770121436241	120.52797632131384
353.09407716210404	7.8573207322120915
203.81764130342694	232.29806891360164
166.65349391087932	409.0925356847361
10.112596286836734	60.1642074166098
22.407056990570894	346.69986191985186
314.9436716815253	215.8985609262254
13.733045898875577	327.39333261135334
107.81148137470795	66.80313234223233
294.2213767089671	379.43096563289
75.06183145495042	241.03002305724598
369.05278438537783	410.75086519108555
136.61106320842555	151.05442334653029
244.76944728514053	334.0482417674976
153.8363354588146	197.16059542415502
382.6537312436308	392.1981965117421
322.40048186375384	33.50778325485008
188.1274548427802	314.5168436460762
356.7741526047578	274.1164204491119
276.8780415330563	314.60924862693764
120.20065723107047	383.55605910224875
342.52707499660585	154.19789904196764
417.56555113290517	43.69645315926175
135.73251127717197	400.0490697049725
3.0805620499512414	227.72546300534182
17.286163228280962	41.49657479045125
114.9608958344409	46.934741853048855
156.28330981605058	246.758847316174
220.44529223402532	348.9669285691119
140.95330566048634	293.7094136992276
398.29819568328	280.00750546779176
144.8190082364364	72.47777453790104
277.8677315695597	22.32939060436186
52.52628238685039	54.385712734408045
305.9538241421319	343.95116700395596
388.75043065874775	358.29409311693956
126.71958436013384	82.97171322005379
340.33327309713013	328.34683123955386
27.45532485328097	100.63072961598063
221.07581047101928	94.88167880846498
229.02729497296446	32.33037251982901
88.72297278248293	113.70339001127543
125.97087589731979	270.9448379318742
71.83534744792935	89.51306516036905
82.30876116390269	222.26345510148622
211.22033049221218	391.8257821228218
154.33400994120086	392.8849231829105
378.42152094902457	274.1208941701745
298.8375015912968	166.03096775354675
402.67358061219375	302.02138022334844
73.79234029841943	52.17466204016073
148.21903887028702	177.31542414745076
177.58589222634006	297.17840396212966
95.39368767190123	49.14005926305246
281.7986469921658	106.18040577698002
135.289240645141	252.70052678716516
38.46890741784375	209.0594721126047
7.774271121589521	160.40679269981632
348.7311102225859	115.9774107804719
271.99240587256753	415.2552822144468
39.5166918180613	167.79876598631313
368.1340907164013	122.19335512120092
25.52968532598842	23.564415027190346
81.95030248853817	166.60989656963193
195.6906584588877	377.595455757744
325.3637692528161	194.05193328254003
402.99906029075095	107.46518054807078
152.3235780836237	218.42094596235057
226.3430245375618	260.3490474259107
357.2657070228177	70.65958271498819
104.65878617709221	346.80061027904316
87.94492719376943	67.47762288413588
106.24677829586554	259.75860587879527
381.7894647939991	338.26485005572545
11.29882054691851	306.9755572626308
306.07856596723576	186.82634375398223
47.39928281490283	20.41317619289383
247.97356970985862	51.45425454435533
163.7998854782801	77.98279743949725
334.22252687155714	129.45025259833108
354.1062235601907	136.06145509424576
395.86410815285217	83.9481257671916
122.99159637464452	310.4547222002341
70.29583336787323	321.4451084430396
331.21966276616416	52.30102938400268
169.21690081840018	143.611407737553
190.13046772829446	121.73183262281535
297.22186017656264	68.93150863038426
64.4964414760009	70.33862638305347
318.08026571917554	262.2371527836566
357.1707588701315	213.68087151158997
390.69874871028696	125.52760056091624
345.1551601881793	197.5220200824211
406.5644944125353	149.11699674488034
320.31970421845824	168.2246135922816
282.6036000644652	84.67063763001279
59.640852360474234	166.5100932014008
211.0499426977009	42.12424684567515
272.3726344731621	351.35854056701146
387.46760799373305	241.1422509587874
169.8719363196027	267.83171310105314
418.3739779275748	264.71925088764556
314.87525061307923	87.3129416591999
124.79658821143451	2.0952298537326115
223.95980923627386	329.01517240775104
348.87209584037106	407.1994245682399
83.75961845595793	259.79748615385324
3.0894225648742606	407.2290030472541
68.37621044012074	147.8620481195452
105.60768328005119	7.296880622836956
211.447250521567	129.7701049111418
54.77066529386172	244.95229849707636
120.37918701964549	361.3201173722301
224.43843053834152	234.6595786674028
184.46500062635658	246.97879990232155
2.440801197228007	181.81452610090545
275.27573884330553	392.5725268168071
231.3627988941517	134.53643935743065
37.39568766266436	390.52668613308214
291.7353681512079	123.17157960370722
18.54907934052672	198.13779533755826
147.0786511266758	338.0054866620411
411.8900977486664	322.24542469348614
219.0280993858018	169.49102520101124
188.40904068633705	6.751931289224275
92.055478155229	87.07002615246348
301.9150919983087	233.5833576992163
65.48601263495911	108.83533710976835
300.53260891871565	274.26584109109615
367.74068093263986	53.49828202709211
18.83713474394572	263.05467842208816
150.05775576581365	268.2832013984825
362.62827315702356	188.3029152396746
199.0151100727778	295.38174303879305
200.2742760889241	163.04709312379896
95.25101087432581	241.86668392699133
16.446429681849683	389.68232215940174
101.85562770349598	28.539055588595215
178.30723767183156	161.4657870368441
184.8182762459895	342.64152594707707
259.4307762276577	165.72429907071685
298.36078135636535	298.98596896434543
362.04896519689964	27.45336399217747
189.18791656597966	144.87727407365358
44.45314366999767	112.79373848794408
287.05918597657467	334.9085469329644
22.397843194302048	220.57930574676297
224.2553037410841	114.38384272585384
187.11487477209602	220.67903161651407
340.438645033195	234.7355309016826
66.42361672053636	15.415892452008226
2.6737426164998337	345.3435171120439
60.7424905883827	35.608341199365405
180.63800950982846	362.7947457702186
124.99605251356697	167.76855256748595
280.0029449925601	266.6069205799524
374.42169852133975	9.793743195502413
65.09937470771813	186.12431042478048
256.59149232303133	380.23046177766
27.363822332955085	371.2283054245984
226.1788158097146	407.9451706914464
36.83809835344505	131.77901321941914
2.899306527365702	103.23342246632596
31.625926957972755	312.88659710122374
351.19003391235236	253.98806268519294
48.140228745315625	148.98376782055587
269.7457219155361	125.19211803811511
139.38702022876532	377.8548825839619
208.55105341504338	78.97374378093544
337.1433074000823	268.52250050212336
251.4607528101278	28.132823776604717
337.6618486940604	292.6072415903312
13.911691990069642	6.5928897134280975
342.9162461345834	386.1082027507999
368.9642267024531	354.54688607319656
299.29743937563086	253.72499500479327
147.4076958011646	416.5997566113206
303.17868850980045	105.77282656916566
112.72234805757044	142.56311687702825
56.662760636595685	129.04673444338917
376.61370093864537	141.44884229980298
394.2809121364088	11.013920986911119
174.76502324951502	386.4660303212864
317.5271294538207	14.437800550986271
50.76492229883377	318.4238383340335
122.40049623637535	215.91228436993748
246.74874009888745	265.35721168227917
323.3692335584131	381.486482265489
19.38603815607761	283.0099469248571
238.59228602590926	391.6281894980936
299.41765698380436	24.208407558510874
254.25840215074788	359.96960642727316
407.42995003979405	60.60735926968009
280.95622620732405	246.44500239916874
233.83338311247505	73.38271933444234
285.08858674307925	221.66592393771813
42.81341727265585	72.28781016271712
258.1397995618072	211.51831033246032
317.57329140431335	305.02696785305255
140.02606963001062	357.66301304389486
138.33112301567286	233.07747843030054
35.3427860965322	251.1893551959675
127.61074446145943	62.32752922252639
245.70480786500846	294.1239172700588
383.1945674348497	294.7525178651024
362.96277511801617	332.1300582982325
83.64722056219456	337.4042072368122
207.4668027526607	254.15340899545802
36.24567952821271	332.7111356192432
340.7017214939323	23.784634379783075
89.40163044594635	411.3397482303059
320.19253551545876	282.0367010099112
262.12606146242064	146.15195448814097
79.53111893614076	379.09739228335036
358.105411699992	168.6106959777105
389.3610530657919	411.30956975115043
49.76940211750295	375.140361898919
390.15015208431697	47.2229849061447
149.03315144102777	134.83496611830677
412.9554915792585	4.822078872262901
19.504089252108415	82.27325820100171
335.3269652057994	363.87900376985795
287.9766892227218	40.431709793593726
105.01886073854091	102.54445422622142
62.16433620149104	341.88007340521204
206.0188767925619	413.85404736072184
160.68453224166802	309.559335794374
318.4864459270711	327.5473612429187
134.37951377988742	199.74675911990528
242.0559074434253	225.7770172696315
329.3422809015344	344.6710504072513
79.75594493236221	202.18916790930007
61.590224653029026	226.35302684933976
214.62967091562757	149.31013153616877
56.86526333161411	282.05276422103395
279.2719571916492	162.4977032683682
243.58455753791068	196.17765570772477
30.528488866000036	56.85293190887415
76.3141813869609	128.96803940559602
251.13702921322138	86.1639847371139
327.20597606112193	105.44813635495903
146.09977075033913	115.15745412406523
39.96019146189538	231.73465385391256
142.17745860331016	317.0033817639203
68.32184938132559	414.66814021948863
104.16949432106608	302.14709641171686
121.57308323366587	290.1332248241426
102.61489959497844	372.2618388846502
226.6378904879124	210.64822144764966
118.96708244543753	187.16086068034522
188.0085758211437	406.03336142055673
110.48324322155887	325.8337809625394
279.4791600481917	58.51089490174279
311.1009621135005	364.3357767434254
397.5148012393786	377.09661251034055
170.6925941959576	207.57808571315977
189.71987758372995	268.0663966794425
282.0679136324016	141.7679988179626
362.5180223162324	388.651903088706
64.31900618665496	361.61004571663767
59.993301390514745	206.36175424397217
407.06190009375064	169.5878641378323
333.0644269123861	1.9549834287313446
351.3098893047729	309.76974973768625
375.783743920475	87.07912362626531
396.49648189373335	207.92282122801527
104.5494514156179	203.16552526730317
103.04950518453694	160.73265485061106
103.80533560151098	280.27709251850223
177.05387540413818	24.760401565556403
49.95155604713832	406.75882841949766
143.65413131186367	93.64398126790199
372.59088561634246	311.67643807672863
323.8099235492893	147.27439066503084
417.2541379031739	203.99706740596233
19.121706930868836	120.25330327840322
390.6014349639429	320.1565685399351
355.51783397600786	369.9699063448554
253.76435408920815	406.451797070509
184.9304381150681	101.9769281998881
223.78405464986312	189.696234058777
86.58910397576815	360.5494732974479
153.74569968628975	30.087902133173614
