123.21834593139418	381.2638939074993
383.48698017528454	325.3709259326475
143.9255634013638	91.13694494106579
320.2398948219825	360.86370633569123
62.29621607391866	133.28905754410084
249.8019786177669	250.2729945302248
123.95740712856917	8.895294163649519
288.76648672164464	355.3046747191211
221.74530109265538	141.86854663472815
213.0364836517738	213.69050479395491
304.968443433777	345.97989197637906
345.0079789943645	38.59348794093984
355.8078286546645	183.79338769852882
242.47446191196565	293.77073429632725
124.12467558208765	51.36347938361857
299.7807320185953	89.58924728393637
362.5889102634833	0.44039656655058
359.6089591290154	293.73281050978034
176.76307322888576	292.11924160521284
1.3123266325764902	118.62919412646704
141.05169679418793	215.47418143356543
173.6488260189349	133.69639202450188
69.16281919617678	239.76000184491096
87.15906748370155	33.83531488328177
173.9870093741159	368.4000617021517
12.986290290753661	391.3347406082027
89.70782562010668	202.24517899516997
2.796547112682685	287.96942185105655
418.0113560836521	414.7771302012756
256.49869693742085	169.12892540643867
15.9323532850038	143.01761862782408
336.6054354288424	352.26310753075757
331.8140619440265	245.66267344358027
98.14162463471511	17.95635296357243
68.1054412012436	410.39354416956724
332.5481067289472	410.7254042798851
315.76423809624146	235.9777135997108
45.828552927216904	417.5382965278746
80.76548235037873	138.13685332042667
55.10361188163598	209.67837574081386
378.98312079293913	186.56563544182254
27.313962993326566	294.56480703329225
225.64315347252838	303.7230787961475
220.8338551433376	419.550590293041
205.68866221235774	58.58331912718625
406.05360328064046	29.634446935034113
359.5879809490273	89.31443102557063
192.89769364673447	94.39845491431376
352.7185123163557	341.1359936949392
280.4801562038405	43.93887425135536
34.16298373563447	215.44113328200226
83.46181141587554	304.51598873714863
252.4207759082268	224.88137377563638
200.7886423876987	376.5553291909515
214.66594393610328	393.4131186124173
390.87092684955286	260.96157641576207
277.4999749638861	402.9609048730931
113.6209437773975	288.23619197058093
38.386855546489635	243.9596813128134
390.2708398396183	165.08186021541303
58.6522045194309	75.98688778079293
94.28643837222714	161.72662616785135
220.63337650545398	194.40317419761922
261.1367641286948	307.4064120883286
18.707751852217438	412.53432506597795
36.93345632046504	310.0867282926706
322.71691680225166	267.18753575017126
34.59892759343782	33.010883106909624
2.4174801905704926	324.6919322804913
385.7621970589498	391.5921452562716
12.63640303875463	32.48279147169157
279.60125680405264	251.23093132869425
223.29345655406047	370.7419796894928
88.5413202308263	405.785881364522
79.90549733113916	5.5818200394430795
235.8353997330286	109.58948198978537
150.69447452224856	279.05532306600975
2.624967958848863	267.7031104085503
342.3074769376609	119.2586190751264
17.415692170227906	312.13458612630336
328.3864811712852	135.7805495207232
286.88174727158116	385.64625839279097
232.389481211391	88.24342555979882
312.1609751654202	286.41012029022795
149.48327076553284	117.91318395208553
54.51985133350678	251.88736918293762
351.03331315417347	244.64023737179008
82.08489177615444	348.23991204299557
279.85513875844066	159.05468760398372
330.63776001240126	330.42066511112716
397.89532678601597	48.44031438199104
163.75937598306595	248.34357989508973
52.99826275990406	271.03092061244973
261.8758352000376	368.63192162435104
385.53349617815456	113.18700079409341
9.526722164898928	182.44013452782926
116.05086787771471	29.88901706497032
162.30098463168207	304.4682083701159
119.66632192217163	344.98724571136665
12.78244049501536	164.09288257540868
392.05071551909975	8.124801384657347
329.9835120321425	390.1415402993309
371.1000091024065	129.02739193281394
31.732265876352024	159.2883931159352
418.2045750659335	237.36242945075207
62.724687740795716	312.5500697938929
196.41603699730823	230.84719336634734
219.65630137388112	72.68580999822959
181.3653980347847	190.30444455961526
18.99286279395796	14.519276508656546
198.9022606490757	249.05324378299252
283.5050465529752	229.11269317329706
59.274249175949834	375.8161400242142
345.13929084142717	77.7152973192467
221.55014849566246	175.4034435322457
368.02234799693946	396.9414370809631
357.53024515775	273.43936203286927
187.488888704854	154.53241716057545
405.4397119083826	276.35151671097526
297.93421100129063	151.38465380843274
74.90464503766844	220.5566404981078
85.01838175832789	368.7693101067825
376.64731738779517	226.45191233223983
167.31375531928066	150.87182277825426
113.48955639751422	268.4700380772105
233.3768028803602	161.0200634917957
53.58649233042261	346.8410000308738
404.25699101953165	331.849615595973
34.74535732732095	177.28727864530399
369.06643565152825	35.934849778019455
145.19482676094975	58.41474788567508
217.33907457049818	343.2690628479486
349.7835214958565	404.0770542342981
240.54299302720423	185.94623776388195
68.17477344347748	178.78643011119672
279.7693837444055	322.2068962311692
143.65346613283913	177.13490162174193
214.0136456372484	158.3271983337294
35.33521992473024	344.3301440499624
372.6512485782689	260.77139799838784
271.1272160572966	142.7976180129357
219.066529058039	267.19473009839146
194.61133581302872	204.32996029059478
260.7045344398909	417.7732393419133
348.93387234691374	312.78720687901034
127.0480276440002	202.50174549169924
53.508673192971386	166.5369771926785
361.27418850062196	111.8714607062517
17.608163492308208	87.22882316805368
84.29848624336556	52.439881397318246
104.17663244564139	186.39791228418167
17.070016635933793	335.82592647062296
405.8816005259008	67.55175275860914
414.15131048008044	167.4094152515877
285.5753547331076	280.1356503605247
156.77843682882707	42.214524156514514
288.8241358891286	74.56466618581877
393.17927419347194	88.26233595701527
272.09068517846697	268.03678534385824
268.31331215097055	349.87487741373303
413.3845628132928	393.72936095412587
144.7318911693284	296.35314777001383
171.06087768744172	115.12114161944152
76.03826987483012	388.47819871513497
144.09738821097721	407.3365473578169
347.95745126997167	166.78993488246
208.3814906527473	17.336420529183236
139.689207260518	344.99950572390196
398.3565155501919	184.71815426030196
280.0317525575014	203.15590487237543
180.51317494970422	216.62092372042738
35.39483509212006	400.48902482362314
314.6692643311456	408.92278694669864
43.29694422037636	129.01301237167965
265.6520678025096	107.6697379090437
335.6487468675263	372.09479762174044
79.418782220821	73.31277498868324
157.35928530411897	78.20363134291091
369.72819326803244	54.66243231796019
47.57323507304713	326.08352321223583
387.61697632661554	242.30194012784804
72.09143883013039	23.76429238490363
197.54372722575226	32.09110963530477
311.703033809094	24.020766498714238
327.34500858991044	32.81565240730732
175.7242053050587	234.60267109286855
381.78739037581073	411.0431174966705
412.2989811722081	142.47185850417878
126.13847946419995	253.7640144243949
96.74413037370317	124.77915851362933
34.26975270356342	109.72164842632982
79.3056435383162	119.87861356969474
66.87421695073314	359.0048613585871
296.6718231571419	34.401472267941074
235.2046321848962	385.4755334571434
237.96144348874046	412.678838589686
160.77491718431824	171.49986713714173
368.96804481849125	243.0783862746813
358.3096173738561	208.41427946175338
338.28644276730864	201.34341099623921
189.33475670036486	0.3632895492256428
168.92974161914165	346.41806623770833
207.44045278930253	313.9054912744805
355.7098202368508	21.138201336549784
94.49011916295264	280.4535330487826
267.24176667158287	238.14531345815615
108.02772550452649	417.01352147277385
251.63460700178226	125.58004745731945
294.0254976473157	191.58673705816236
180.68243223713776	79.89559998703442
356.6826258469304	381.57983447327274
15.723999752198976	208.11202939833004
28.44022505391207	370.49039613344064
262.6706533363824	33.191188331148716
340.76236126199785	281.5551953009503
20.259586159895044	124.78457487162284
5.75049703895149	62.4206763740419
274.819762041433	176.49879755916564
36.183376912530534	262.2021898941917
44.88671090376273	57.04798549380672
399.08296279485324	404.55946351710884
121.46274185285083	307.74233383675585
343.7447742803022	98.62394811263147
115.35601468158897	326.24614460585485
57.055148047720486	395.94190094625486
252.2174722557067	17.92328326598866
366.6060617762531	148.21914512189346
181.7651251673572	23.360711454986447
405.05714555724524	294.94793050810205
97.9845149797273	257.755740424146
101.60113860688578	378.6972618767915
47.73487911116996	146.5567094770822
153.41828558444755	7.323797333944893
16.012557154380815	230.7617495146911
14.680123611404916	105.71286909715148
227.18279786705557	322.5588848264506
301.83412900783605	309.7655178825232
281.97231021033775	23.064814751313158
311.75517286025087	327.77775980570897
385.9440584389522	298.15401152552084
233.19024181792759	212.6516204748089
295.32360477613184	132.44583656106155
118.69721095478513	152.53316850438546
107.8747578901586	397.96735443156564
316.2416757842618	151.60870599998788
199.14921861177996	267.2435089431671
112.48711633524162	170.398055682449
68.32733780240297	151.6564835980714
118.10609899385743	224.86090409997627
144.86244589320373	196.26491465770906
340.4642820268595	150.12277518249272
371.6066935879661	361.21604987684753
62.143773576560775	96.66578655261347
180.14682719939495	257.5889054548589
130.69839693049633	281.5600845120238
281.58630347212835	92.41204488745265
50.0175573523173	291.23572296322607
147.59562774278777	139.16720246683144
295.8402478216523	406.35622459657714
12.453133877876692	252.10298641794728
259.64837658332135	188.43817692392108
340.3008383378913	9.737791594786078
254.25709645496454	334.3748971692423
190.39913601894136	322.55669390587775
393.7735545862213	350.34280639400026
109.48707181113836	240.82101462575554
296.2728902082553	242.45433543452333
311.06380772637687	73.03761531954277
352.00447756400877	363.1289453322104
111.54892452111928	90.50361277390272
408.60210133352524	256.16617867442136
163.6876016503159	24.79805246672537
249.74232906560408	398.01141422695423
410.40187607900486	374.92704324345704
157.20839877745303	361.65587725149
125.90268909181944	105.49880656693585
304.5681438359783	373.3515214356038
198.20447032433637	170.40861883838505
193.2262086594944	301.5781610795565
338.351263590983	55.46436013456895
114.05531973130478	119.06588733195765
38.25677338427914	15.3734022770001
24.488099291205778	70.51228703180703
370.0777903008259	166.9311104285304
42.662701670709524	383.51306734687216
14.19643346114249	354.79659694078356
215.6211013457855	236.52035982199794
250.58153605908916	94.16470957178116
376.09168828135233	343.5259624532236
320.2426920022334	56.19753587932609
19.35577103668312	275.2306991295571
101.65535204714716	306.2425682337558
323.56904146966673	218.8658957310706
245.6395866165856	75.63449128433493
309.93742940768055	390.71183675753707
170.44851557002593	0.959886403094903
294.9983189832701	171.84458012598796
65.9032550157087	45.51144655802476
342.9048226781229	260.92870406174245
399.41248806652123	312.59462096347505
24.564080363511884	50.33917434024479
389.8189132220587	141.95940673385056
205.05553208261705	109.38577506368445
293.70748284733963	263.56706874883383
245.18197570830213	316.0058952992154
373.03614478336635	16.45725993189202
97.25506331568934	221.12649323477868
126.5472158713056	134.9758072129231
146.54362692336377	255.4986757887984
327.68141004800776	106.89959643237012
138.41516894735375	155.53321729632725
382.5782347701865	279.91595541513954
364.78981590574557	326.9402672192185
200.9140907896637	406.3784886360523
416.05830922940095	217.97509387442147
67.03301145735571	331.02356886921723
320.5528543849034	311.89343340619945
125.58973076812434	403.71045178117356
149.49965483434002	389.53762045341443
213.38252419398216	92.66136405692467
417.95065866084246	200.01595151470576
222.03295571966868	123.1985658691496
138.198308308755	39.774037769463796
229.35594709980995	17.67101731368186
271.99612141053586	124.67028997790761
159.6527647057671	329.50288040013595
155.0678786891232	227.63085976019497
252.21617736002935	57.10981315954363
377.27156746144897	96.9460987477051
52.08996420420058	188.08123850557263
45.46650211343596	363.2247782508236
370.0247060506537	309.28572593042765
162.22821825311655	190.72313522803813
77.76563663735361	256.99169592756215
387.92850156937266	27.25326682096776
113.39782191874386	363.3121046765448
104.25783536734045	47.539060150896326
203.38658920154327	188.17398006429733
87.87168158693045	237.58572432141267
412.5756474842082	349.3107014305903
172.1197862244151	388.78160219240084
179.93193882031431	172.41724267647683
190.54817855202592	125.54267340566612
301.10850081952293	224.4745940839793
287.847486657729	298.13268390032397
139.7888594130478	315.8262272384229
309.41533551784397	104.99876226959412
55.29144626551919	30.77905339266391
216.12220756679994	287.5305458069132
89.52402115781706	323.6556875634262
389.9790612861483	369.7416116985238
188.17356083528202	353.0573842114597
418.72695225218854	91.35044666636425
254.7975385264077	273.51316052864087
257.6606180078733	206.48832056134114
97.53703253456297	66.3322298675145
352.6341575708818	136.33913728376797
169.51237738136965	63.13748842034223
133.0172326805483	76.80266164879981
314.61348365446963	171.37972664962027
292.3971090253151	114.15448015865628
334.67090530867074	299.72283362129815
171.6910403916962	95.93058061749242
30.529826819995456	197.8397974237881
335.23071659920186	181.1269213730811
108.26573093961093	206.1038200494737
263.88371511417586	386.92153224614935
309.086216817391	205.6472204492212
101.14065342796695	143.16986226099348
293.10087619792216	57.1292704346291
375.525581583504	77.1419631175386
160.80362577867416	209.65003874457807
217.5656134560178	44.31796173122813
171.9642529548928	273.75335858109304
321.9634305144605	5.436721754226794
233.41162153234623	233.5472541857659
269.9906119633157	69.012138826463
136.95728216968965	235.5138173043856
288.88535897160426	5.523853861109224
235.22238231783606	36.00619929596722
95.33839926442944	104.89210050166068
87.96492338049123	178.52444034380096
228.47276011888766	250.97911226932854
140.29580164010957	370.254108086428
245.47391869310837	145.73144433394637
319.72568860557925	190.74887968421137
242.0051462573526	367.66489584052937
58.21486279510434	10.582654308885916
236.15767708077797	274.80098740933255
202.95455580696927	139.43590124900143
177.71121354071497	42.48371893120255
116.71607252849063	68.12307850168223
50.416943923107816	229.71816348011166
230.98508066518662	57.54210996565895
237.31587431014222	344.67514739213163
141.03463145259792	21.7073961453933
313.4230568420245	124.0150487599435
53.99448871704718	114.14059627798403
70.98346357203326	198.0319043188139
76.27948530968959	287.83679272255773
39.83321619543605	80.1200692471042
207.76483101197994	359.18148900205375
0.3507190161471554	15.107653518959296
404.57574304953545	105.13359204100576
345.9057193172088	225.57033772996124
396.48715123902116	204.00712297824523
387.5122198929505	63.16040051276122
126.00183449883775	183.9428019506355
187.69214214690678	61.732760612020684
80.91774198690702	93.94637835455511
401.61996535439795	125.76677409258897
9.064487154157053	372.76491299905
415.9059070909995	46.9425957131417
201.3199414174923	77.43760024269605
376.80587429916505	207.59816592997194
309.6086889207859	254.87021144450816
419.15453974732395	306.2776113457171
396.02876435714205	225.13374148094496
