287.0977907905974	341.5219628971942
187.26092617741287	388.43443888258344
62.683844366755444	406.0941061026024
272.07675075606767	319.3810803040855
267.64367404841346	271.8435127688795
111.53113181035695	266.6710574745638
252.44139456201583	285.39988222479786
335.52838227487894	12.186964743658542
158.99124430025537	10.52278255141794
388.77044583169567	71.48817150274476
59.11353693788925	107.08137770529639
214.64516147030645	294.5193774687485
314.1750012781583	289.27984356337413
0.6673364850454955	239.08779025277482
224.70248853536043	103.22725471043923
174.3479894729728	314.1089182425235
279.2887556302843	7.438494162906259
379.43431311593383	399.91368431125755
101.43515046699741	313.62016419380336
297.8600889912282	132.51431573496072
186.29514486448937	364.56662353487326
305.0660529457271	334.09540168123993
193.69335173486175	297.3330897663355
3.0241568268114447	327.5516815872471
243.43305001997473	110.68609090349764
282.63913365241444	407.7566206523596
311.0075364665338	199.94402899663592
406.98161903372363	382.82217993876776
80.24089542710894	391.5011579497515
7.008935644956707	87.17000701066142
232.74611579984906	316.9474456978518
70.59703738444603	373.02268989405377
39.07355861636164	405.6340318736627
92.80825465209504	64.19113771472655
81.4972206819712	23.84395953700833
321.6169544715489	344.4248535719545
7.054010030225475	16.965650061046123
270.3234185288306	138.14576699139243
238.56704065609242	222.77763744169232
180.51611179558415	255.0488603055198
350.1232330165107	191.78227810907
146.63154009134135	155.61015409085906
406.5485284314058	1.705309958011203
67.71950182195489	142.24772818668762
205.53514595233568	44.15222737428907
179.85154768797813	334.1610728039426
282.799282949909	240.62736323167127
256.6248815848994	306.1515772653965
118.23585746441651	87.02935063543084
75.37567278861029	249.39421111303994
331.34082797545904	387.85556075412194
171.1448303522361	226.01446351010108
64.10103796453646	87.58792029646129
272.13895667342274	178.0609186611636
402.9552744885213	325.3693647766773
9.172091397552087	174.63812352587888
381.25786896004536	136.4136217717481
150.8857010629215	89.86659747808203
368.8979851898041	378.299448557154
169.59322191696535	51.830152457910984
112.04953020105235	217.94601033121646
398.44632866509244	117.48988517620565
59.522766082181434	209.5288853786689
91.32097957867985	211.58284657330273
41.21751863891021	86.39200787013249
419.696943194655	148.73476685840095
26.913072134744613	184.97162166547318
75.20031807218274	223.9862064969739
262.69400678461113	100.53012843179563
135.57968939069815	101.58830033976207
145.34556867461183	205.32478081718816
236.09999751675508	248.77182675113497
189.1877827330753	55.30375075462637
350.0516190726839	328.6267312508483
231.8007172736588	153.01177617077926
84.26863539365264	177.81001828776945
105.36649573499702	338.83218452019673
98.76878342924343	281.0455963634071
185.98569497575286	87.97062972067363
250.64131562101196	326.6271687255673
386.98749022341696	176.92563727888898
6.140723537029382	416.98388134129397
27.316715373863545	325.0872614796335
229.85956336323773	394.99903624197714
213.80012187724495	162.19580530774516
400.0963245751436	19.938855017281764
122.99618596950214	349.70359112084196
24.282209996258892	95.77298703165714
371.58824326830654	314.0232874009004
36.77912357696625	250.0843726035721
346.84310449279013	163.5791991064234
136.07040613286847	122.49422859542904
169.26829609424266	98.47738425339378
217.08214156102707	240.5177845629713
360.5858272675471	224.81573858385426
352.3182176651982	394.6611861039301
80.80327936741018	268.9380084969484
116.55221350702942	187.6642410897196
49.573015328107175	290.5742111863482
396.6104433125239	271.4151857619941
331.42223109929614	198.0493118816044
319.33336932260084	25.94017000010634
0.591207213371562	267.4842961799769
113.29358077265029	67.44208913835584
104.15501347438035	28.06032236264149
168.61450425437883	270.59492409897996
53.05609740806426	51.70284559711562
239.81248350132222	91.30333185344399
235.35542081306957	297.4272590897826
219.97109141639987	84.08281955296663
175.89072665100997	148.7789761285819
368.6364628109942	121.42700359452371
182.13224672880744	8.905773758335236
366.1060533583214	4.830446301222611
381.69119809236474	105.44602864693017
387.1973307936395	250.95701545267835
351.8286196804422	306.97181231573904
294.22519446847235	41.51079409259231
79.48065063073655	126.37415679691408
278.30857424833124	220.31005799762127
224.29523084112174	189.6650872164236
51.92991893855984	312.8970255948396
235.08279164268745	18.743667781231437
77.55096092531073	196.23270760646437
399.27305967837214	234.0266791356023
187.3288427391136	193.64678558479173
329.93609088622964	122.304866551744
354.95432875929794	50.85929433459338
299.386859545936	66.96225157207805
51.61492550562752	191.42334560702562
347.3015251031272	374.4921693812575
151.93549077156445	282.28366336236525
368.62656093344145	182.54830611647938
88.1947534714331	327.93255012590015
381.1212906067061	16.913756618036057
386.7236741294504	417.70369294425046
144.86969741585568	41.48676757521985
302.7365265905362	252.52444711727657
292.40144596694205	318.31872886419546
298.25186519407174	214.53194199711197
302.560922483858	273.48672336875603
285.49988442884404	283.1523946613308
219.3197661093502	259.74127960460737
261.80300001857427	231.6609031401957
390.2251978116484	306.55266810357847
413.6237091175616	308.31409642424296
340.1965358317568	144.36943404282192
38.8319754684681	111.19556837745311
129.72242926969926	280.3666399289383
167.21317021125878	369.3053595755912
362.4791951434044	70.59571748002797
122.64505420957225	411.5854039187952
170.18896720735646	120.42213155789642
187.0114852779534	131.6536995790084
274.7452857953427	299.4892988190163
1.6427675860109268	127.98362133158469
39.80800593087882	270.1262406390785
92.14592416840287	373.80246366265214
170.9304352006048	183.15001926656575
103.14069735690398	403.6587028626197
281.5974560165355	78.89769148468565
261.58136362271176	79.65919981078466
173.29495264433322	70.63703509623495
269.53243971155865	158.31314995620772
246.83796810676898	140.07310038502422
326.5277210385295	364.41890804814585
4.628732809161564	287.39473712263
263.3493596686168	414.5721874774299
281.7385899274942	58.81551549248916
165.425316823813	204.75098954988437
220.60185207504432	412.5877408856527
402.1369984629248	57.43002062942186
129.78638723376955	368.9935501238134
97.65137131244892	230.8733698882196
325.9058243073076	91.26228746366927
138.15766649730972	336.9053930255233
401.0924460959186	403.2907702166761
90.48596286776325	44.327535436912065
210.68136474428871	139.5614018344039
29.870164447689607	204.21915069553253
339.74233120536246	31.955456181794894
342.09598080913906	216.9724490866873
206.0544915027433	373.19369367326595
67.74004791437117	5.330544582312871
286.68524724851017	148.68119782094732
203.8636562683205	222.17267527937497
73.89879094195602	69.58772718982888
221.8761091783244	57.803600555696626
349.15338427729944	87.48392160423329
153.52875323076327	110.57836887818245
341.2534853132221	105.41580899433066
204.72235836641838	119.29151793172205
115.49697451182111	299.6359641627119
161.1078444179439	30.04956697043743
377.2274315972393	55.79356059276799
410.9659331292197	343.72691477482977
97.423765768253	192.92798271763834
318.7577759635889	263.087866455165
330.39209931167005	301.54471047998743
307.45812614460937	231.66977975752118
41.10273830393087	226.50367742558456
292.2804132328773	167.7512803645346
96.99668341330852	8.872674270859369
255.68465580442196	250.1431491608783
128.45986846103486	55.69998159368992
116.56756268593524	151.34190136782613
238.37205098883388	202.83548120718328
149.4447431355355	261.3731829496036
202.84274064195986	70.88496497744572
32.520299045657694	67.8283472047666
366.0705064631483	206.26905283473948
281.88232408311626	26.600547785443936
19.942669782009215	269.8885149209866
125.82755533077449	12.433985545136322
180.92253912467731	31.736189749401657
248.33810121020406	402.2558575242096
355.24327929225996	265.15539965324444
31.47659195051935	129.54576621708202
23.391508752603972	28.829380785904746
196.10405404360665	153.12367531559835
228.773805624477	127.30911242079037
180.70437512834243	407.82547226529186
182.6274876010383	167.2978037149369
116.69641882754463	239.88114118429064
59.75701561626245	235.48119962355963
284.7096464233201	262.47248147810024
81.64104278074058	355.60911332090683
411.2627258639417	166.6296126945015
384.2096320937923	196.00596625798457
282.55176083213803	98.0774347474553
135.8923240190758	75.32805413590366
62.04155985370618	355.559784035336
156.3345687468661	304.1139998539951
25.4314632066976	288.99008814083425
95.00952046650066	151.42138928292266
131.0710729158531	226.21167878352435
342.89121289754917	69.02380354776668
53.41724178788054	71.04436221462389
206.87479599405665	395.4828224635505
30.528891828949345	384.83195701336217
206.62501964353314	276.4505885857647
399.5505479479855	359.3156293373465
379.19831026402596	356.3150742741076
98.90638349167392	124.38192804663875
282.96337118054197	387.8525979409925
279.85866508132574	118.39809202238673
332.1871512650617	321.5282746214856
104.9897559708485	168.43653201880633
311.87910956199846	50.34862039656677
186.07994513875383	212.91251698674324
410.9617514165196	75.86501209181469
215.7198532889091	11.415995327245158
85.08281385851375	303.02819150215856
368.17559179953327	339.51436235907255
255.10856339591953	212.48180592054462
83.6066091640641	86.5734966554782
222.7960771786814	35.83444644525523
237.92423985508464	71.80416310526097
200.76127950017522	253.47904987113125
391.84201891394036	155.6218713825946
323.4513857384693	71.1373542151467
322.3386758251683	162.09781325028123
305.7814944862161	152.10045664573573
126.86247828234134	391.3327692492033
55.58953875369529	254.4161408556619
0.7454453077157573	397.9471302874399
373.4663277025401	36.83604019178013
260.72061949490825	369.8416068182222
193.1821757484029	319.2191145902852
19.88325233534285	400.9834794224336
312.4551341974142	112.2166852601133
336.62430371665806	254.93031991128296
212.57035409157797	315.09938439971415
126.20855054792325	204.21763760663777
256.3295009526929	192.54732735257414
304.3529778759956	355.66930412575886
328.70985788111614	409.495210120364
0.7675324394686913	52.81294865831715
205.01268051545307	201.41132560200336
5.394978478035016	195.64790189610906
367.02534672900856	248.00615372677987
409.92694682321985	207.1736796200152
135.5890603396074	298.60464311212195
199.11658675648377	21.862979742270735
148.9749300239189	379.74301469683587
44.526049285456864	173.53792016920073
47.18873526613672	367.91428893005576
44.48627044560468	143.71630970608112
18.910865874784903	146.69544687311333
133.25566585397232	141.62949754185672
388.95430772588486	215.20963723631675
21.46827739894117	232.1034015032153
344.837845963895	283.29276947624015
388.187913391868	377.107680178295
111.51593958612659	46.41089486863399
418.6199156425966	105.66496906395822
104.04148537216749	358.32275627726733
151.42944208197625	62.94214848073439
12.618976567741374	68.05453288876247
383.7348704716713	286.9642685408145
85.68321005555269	412.6299883957085
158.53477510215845	138.4248293922387
358.02987961464623	23.28804912527047
244.883653065472	380.79912069862536
124.51571686118093	31.962142219107694
198.64115115376785	343.85198576133286
10.537368530972918	381.3367214098994
129.4230740777656	257.60687434958055
253.46650010913962	12.79942277599609
221.54816894686553	213.2878116838394
41.605956200832864	35.09237829017468
7.553796277184515	217.20692927140635
359.39343840098894	356.63897118253755
334.04233697705854	178.59917289446085
148.72631640074823	185.93244728591748
17.923983685932267	114.17259488643693
158.19003575116872	326.4250452282402
12.44907432017125	347.2233068547409
112.38149848218072	378.1632972383275
57.4592190942782	159.1888221231487
311.3917783912359	179.6855745923393
185.98718763669893	108.671471071438
159.87051009077166	411.35431919601587
295.96078809661213	299.22674337357023
313.13123289590663	380.22398130892475
349.2986266933884	240.49027478765845
376.66518855615476	267.5368180954085
50.889798907879616	335.91539106187963
416.4084589045011	33.37596974754561
379.16791115340993	232.65199521131643
347.3109736452423	416.29768299908443
360.14477924115437	142.92754557851038
187.0937389965292	277.25551204186064
204.4439123481285	180.52102746289205
79.15275006169472	105.35435469789837
293.36522303259744	371.41183725805485
20.51539816942396	49.73813348236589
364.4135048104811	282.70757260889997
269.85631464687896	42.92333515287812
70.326048499519	336.0369905649936
259.78299507893604	121.9633864420453
258.58087218213814	60.30141795913069
227.1555626961652	278.370359504176
321.9863136348038	215.65539577560628
238.59687708615573	419.7117451737764
77.15948378458224	158.96354569940937
199.5884002793601	419.46096367414174
370.7885038800645	161.63933836303195
117.52102311183302	109.88572400075235
70.31801515429828	41.65604669823085
142.6008282953134	0.43541898191560885
298.2463145335177	419.6506623316365
33.45392904832196	346.40842126395444
406.69888306341915	252.7584499742877
249.8786989974754	159.59029934770768
277.032280798738	359.333826389073
313.8056259809248	312.65338194521746
53.51637798313184	126.74312564822544
99.44418751770881	97.61544017113616
401.2943125176897	138.08993510489984
289.9081235146947	187.26597356030254
140.33040080512924	317.1875702600608
333.0003917246473	50.97769372279082
161.63745844747066	244.72434558758363
25.938622446160107	164.55809157309082
117.76255644578217	129.25702895976622
317.2997174847885	5.390064205258935
273.20263555141156	201.68652149480138
302.30298601151753	92.32258214449922
299.9731702984571	18.84502971311312
393.69876653288094	39.03094809936613
72.15935969787601	288.674079823719
118.6785835233259	324.83726614204136
243.50282751426886	360.576499936655
263.516713646941	390.3076760831756
349.5612616506545	123.87306517125435
167.39110732100448	388.4737893232682
71.47405811635531	316.6416294389858
328.367280897773	236.1370573552345
59.362104967854265	273.2888276432011
250.4817222312927	32.62201659964679
403.16981327113916	189.10999911044388
419.5485136847132	364.10240861782
244.83934401969458	266.08492663186564
168.69322853275537	349.9856541594913
13.83916589783477	310.1207104864686
99.86296877121048	250.68943072376632
172.72391293676515	292.021307697049
17.340558194504325	250.8553775020061
202.87702734452247	98.14564344780723
145.39192434350795	398.6052748610136
49.556446156648086	388.9508931153185
237.24020646695178	341.55454872720065
403.86350325909035	289.96338936339873
163.41867610385663	165.1466327709433
215.25458217487758	356.12893552209795
25.415568847480372	2.373385150163095
33.28922145048876	306.47885193849544
240.75781179624505	49.214541351431926
321.35907805959175	139.61356129924815
397.74830639023793	93.08405334413273
341.9726745635988	347.2271141489763
391.8544796647421	341.5991681707201
361.0585868101118	102.54693050224772
374.5166037597737	87.41150301409162
46.67889525997405	4.039265656867539
60.31651182510869	25.27156220795433
25.465109844277144	364.1958101072229
241.78296604612623	179.1440827646695
261.86281715446506	343.6573741000303
219.0462662740705	333.8543134131557
146.78499183175023	359.23020631998327
188.7513578650576	234.55991144421773
142.47032681667193	241.68770811172385
150.9538977111976	224.46462846265013
133.02114636626385	173.77637325947816
227.02440467444785	371.6529376993591
306.5745432724229	400.7282457921098
