122.33176724187719	384.620943494832
382.29610756845426	322.91777047686196
142.5392331394471	94.832258363811
315.8778023471616	363.1029860139435
62.49337772300948	132.46472095914004
253.93583641815607	258.36356391183944
125.95562431520906	6.308941433327155
280.3744859576528	358.3283251594222
226.5595882846209	139.54626749253194
213.0700350308261	218.82257756032251
298.695358593195	349.4068043638735
346.4983137069528	37.75720169550818
356.5008444063473	187.31062804479419
244.21209137274903	295.7208700222707
129.90785273622097	50.805137984431575
302.9950066278465	84.57877114073068
359.5263109223138	1.4994896471175476
355.8901883651328	295.28668742264585
174.8005794374647	292.90513695706704
418.1201029515532	117.59859904322832
144.64705234807968	214.3734744721906
171.27214055384985	133.273471857526
70.13379287249467	239.30412755585317
91.32300890137114	31.70727563885524
174.22049596553015	372.52579357694196
16.033362497963235	395.5247290500981
91.1073012382337	202.3912878106044
3.82722506573203	285.9798824091963
417.42047490711366	419.9222992023801
253.87118322727255	168.9072722728178
12.320995596926428	141.01938176408103
332.33121973278867	351.16500766250215
329.0914655112959	245.50981251942488
107.94928808872548	18.179693349131185
71.43160286311893	413.5622846669927
330.1858427985009	412.6614978810312
313.6474662850274	233.48298385429604
47.72245574609705	414.66709563920887
81.20265130222658	136.76646284121273
53.745085477170306	209.4766063215024
379.14883692069606	182.81729370963072
29.76825265282507	292.9869133898057
226.4048517653108	305.2721218304413
218.00437124148604	414.86223267728246
207.5427668703731	58.490513204619454
402.6093176937694	28.373089110448653
354.6884558159355	87.74306840654613
193.16303299703495	95.08565589214325
348.75552202833063	340.0587799824116
274.58703262477627	47.9349411741676
33.514166436578606	221.7175531814988
78.14050732771354	307.12024220558214
252.41814002270695	226.15312534116418
199.01502798900205	379.8498298998306
218.4294425683567	396.1556433419514
389.0392360329716	259.77882374533965
275.4392541304351	401.8020011393015
114.44952735702489	291.13929097214276
34.35468757738983	241.70667093989684
385.8466617469259	165.34068306970354
58.70644615040455	72.19022412484553
94.29930742632602	161.89461324433006
224.4813359027798	196.66889058102996
263.5804991264236	307.015019661354
18.60452026161369	416.4904465917791
40.1736973348751	311.80400985277385
320.6169000375929	270.06424024373473
35.239679236174794	34.85320573660394
419.1567755023596	325.7863171669116
387.4841690463036	387.9990588177767
11.312532300964051	34.11844150578382
281.0111214050384	252.1172914535624
222.68353792816993	372.7297416631314
89.34060687117298	406.2425873942646
82.11452526705811	8.647214721860932
234.8418002654901	107.45422974990323
155.42955073053287	278.84136774995835
4.941746291784579	265.65305417331933
343.7908561860386	115.6121656314723
22.404848303937435	317.23430423979636
332.2352037227064	130.88143125934516
288.8947341783242	384.488259915624
232.60011311839676	87.71566992119762
314.93993834911015	294.80685894205817
145.46976947391292	114.62319161115317
55.93957845802498	255.15882983367354
353.7614828031442	248.9647162537961
88.67320971605804	354.07164513880696
278.9219751480785	160.0590844678589
325.3063141940399	330.43068653816056
399.6687163530942	48.654897919364736
160.07629225981964	248.72791342766834
49.88935274485822	274.13075380673274
261.0824805658071	364.67938775900063
384.83604130294304	116.4409373256722
13.659340802901218	179.59279087567705
122.46031637138199	29.85910858319108
164.3583646429602	309.7845691203813
123.94082044481652	347.94560085319466
13.721793910612218	160.2721454229363
398.11608369048093	8.810716193954867
327.02612244080166	394.0266016653852
368.66767943872566	127.02863539574338
29.16583724412266	150.0386479449267
416.0103058065104	239.40934004615883
59.88169941522528	312.53060237087294
195.94592124642165	232.047352893737
221.3252697446047	72.77716929412719
184.59793657304493	191.21856349410842
19.838366035493483	15.033534090158348
198.02672932220523	250.63076193817236
278.40227761486966	225.19455636290394
63.022381337651694	377.6810407467342
338.291448278459	77.00046121703564
220.9593274387316	175.03155684230498
370.9432676352759	398.50589454082035
356.15519941736125	276.36258922068964
186.51525476483636	150.01131228451018
408.3754776279315	275.31126431827283
297.6584202677846	149.88938182349335
76.24024866534408	219.9297284700532
85.13183450500694	372.94533533717583
378.942797829731	223.3468559535383
166.65776749217653	152.8033835622215
118.75190835040284	268.73874429973097
236.1475030660611	161.71275065042266
57.241458251735104	347.60338264445943
401.1619500239068	333.03789466201147
31.765920682103733	173.60581764603302
365.73028008158997	37.10334107258847
145.28422903674522	63.192342442419
220.95463806851825	343.2334276143497
348.9357946298018	406.25010776462193
238.17262412790922	182.23229521180787
67.57774995860841	176.6146766179331
280.528506909124	325.18340943936005
140.31653468116517	176.87096613004564
212.59735053036235	152.8892797331333
35.20658350103216	340.5544817755918
371.0194757431544	265.0266630836984
268.3032643145506	144.83048985803921
213.57810106978928	265.8000665531834
197.0136832554746	207.43154956806657
260.96651698109366	413.97956493862046
349.90941279927944	316.11211013356484
129.55757231652007	203.1430947290723
51.05026445280672	166.55565371362826
363.23952078612575	108.77515471881586
23.940409891901744	85.83079934268898
88.8897091427824	50.69531303870048
103.7054355561549	188.05568747628203
16.31966128083962	335.363607438652
408.0829522426277	66.99272666873135
416.1155797745159	166.35921393081972
281.7097566293386	282.18768067732753
158.93458723692498	44.34005063767387
286.2415537514172	73.79387894293163
395.8875133810371	85.4631053769144
270.5145980442707	267.4229469872492
265.10079789086427	346.3603519165331
415.8951183378627	390.9273769774837
143.4831360496525	299.5720089994589
170.68399296667732	114.7371436902253
78.530495504611	390.96209867955986
147.53846358599637	405.6964156099701
347.3350671948418	163.8617650768348
206.59936718480137	17.095073069987837
142.56760530494068	344.4965749536561
398.6921679974527	181.23733241930313
278.06847395594815	200.73660450442472
181.32717486481124	217.85052340099043
35.31650228677428	399.3505780918455
311.4270029358689	412.5447903351928
43.62433147135762	128.60773583172966
265.0346751095296	107.13537771705022
336.0879796099453	373.71889914992636
79.6255442355598	72.10280045612834
158.76201767511427	78.08922600835905
366.39037369375137	55.7599528198752
50.20435061567627	329.6091027530281
390.77994006302066	239.35379849506307
72.2659091036221	27.017129107143813
197.3024759155659	38.40177847996802
309.07177912810283	24.627514380670885
327.47974292142226	33.18263252657419
175.0384393330678	236.52525176922123
385.5269564723751	413.8544801716839
411.8237469784803	143.77069177971435
127.41479441383258	251.28900702034835
97.85338956879478	124.97325647508956
37.66715307745315	110.9529584104008
80.22962514638995	114.2837893012354
71.20255776961119	360.7230817792723
295.2678916093861	37.00801700105222
235.82375562344006	386.168048792985
236.72294266345517	414.88662597218615
157.9850470324423	169.56632423004783
372.3820210527456	241.402941625384
360.5161703570189	206.45762551541102
336.9497038911436	200.8097933384475
191.1243603070053	1.5409602614773907
170.70426635380687	347.49725192812616
207.9312128026279	311.7776520366934
354.1599336376138	20.300812040274284
98.32412906922589	280.8206805852769
265.0287204730509	240.7738533840489
103.34066263199412	0.21742804876771837
256.19926220826346	123.66730642462598
294.4471113285302	187.87007786666135
179.39179676440338	78.21229433709027
361.80310114152377	382.23719327788314
16.249430630248767	209.0327773683463
27.85337869450715	371.6228591643596
259.6944010074119	32.618899345794894
338.0161067710915	281.23918487681215
24.529340258949446	125.49114086015871
8.909486146624658	65.86275739096239
276.850666168248	179.6184088753841
36.425532536453154	260.6327924868683
45.908436125071795	53.44764559249727
401.69265530022744	404.40222925015763
122.99046488580687	308.54977949788173
338.6845710791588	97.57685265053566
117.6168124718187	329.4469253021231
57.077016282521164	397.4033128333292
245.71489660297556	17.05353447993312
367.12731639882395	149.5899372571249
181.9199824974614	17.932172394620157
401.9458590777443	295.075038270799
101.92292803941993	260.79271068262807
103.10297670104886	379.6807431232033
51.37557796746294	147.37976882719505
156.21493421367205	5.219236018746077
15.771965792724052	228.255043570751
14.612392292646344	108.63882771298341
228.73341169150362	326.3805001317574
296.3389924712207	314.6519260537286
278.6034475778962	26.99025736162803
305.86950744122123	330.9315307378784
383.67497189140914	298.3984686226874
236.50908228196067	212.04124242425848
294.5744691239109	129.50939960826204
121.03456858552929	151.1761266837364
109.80828345071305	400.0559759718261
315.90201618611826	143.9061924620486
193.75728523034846	275.17265855046526
112.25691888635723	168.7467097203846
68.98790225883013	154.0966435915776
117.89706239748804	227.16198842776225
147.44007315201452	194.2690226586431
335.4015363249158	149.591167577932
367.5246124047651	363.76758873574397
62.1611729273731	93.6911258106916
178.51845591935486	254.72981351911722
133.18834448968948	282.99659457559807
274.44577923042885	90.69625396444012
48.51082120789624	292.90053614746085
152.97325242486733	139.569382828546
294.41175299868604	404.8284280957467
16.788457685105527	250.96194401501288
260.0369819831175	188.04931401738065
339.1839767345948	9.386626339368169
252.9912113371193	331.8516274111696
186.91776106702113	323.65326090884884
392.3719827936153	349.9291323525365
108.24177998108358	243.33059071941187
295.44748141043266	240.3688709628837
312.70230833582957	68.71660280174223
349.1902514790493	360.325552237102
115.61893631557236	86.95009577863155
407.8431017590097	256.0674948073826
160.16599324523543	23.577693036777816
249.51038700107017	398.94904050415454
407.45293156671585	371.0510310141671
155.3388722446012	359.7694601276099
125.04255072580727	103.8617553833288
297.3523376142944	367.87365634915284
195.23082217393485	166.56728986601763
192.25923684284504	300.60828890873364
338.96306476209645	55.062997882616486
115.9729663647567	121.12220460622376
39.120700274726254	11.591160945246427
29.8611606213231	66.6907962767992
365.6671118926804	168.45793949310615
44.75868712360464	381.59146650337414
16.087207466319636	356.3113383497426
213.86425217650583	238.73646600857487
253.3264364580128	91.00588678799545
372.13627740896857	345.18198369520144
318.0978938591171	49.92726726948684
21.0407610259801	275.94760886504554
103.5803592258118	306.91849565154286
323.06168381909447	216.06407543547883
245.09259976951287	71.38696102939335
307.6991626498794	385.9348856880521
172.4071218070029	415.1489678270763
298.20694686694264	169.4114225910516
68.69337489770068	52.11686499218036
339.16344117135617	261.8351150081344
398.90422916873337	314.0371884384656
21.16628344881501	50.01945572969153
385.26347330981423	145.1546050049027
205.46072554516041	110.0034836484876
292.80412021176824	266.9395030516649
245.40457045965348	314.37662293411427
374.86786125410947	17.52097095096137
96.01435838428478	220.72278838650902
132.967402376044	129.72430539743905
145.0794194174137	261.9566680088134
323.8191464241463	110.54312715301062
141.48863867643388	154.347545972346
383.0908818318951	279.34149700316203
364.0007194588514	328.4136737089397
201.35711695242904	404.48464046531274
418.34707939001504	217.60254511093999
71.93882488046773	334.4926489336615
316.96202521378626	313.3173528683756
128.4675714368356	404.2878759338727
152.15605581140505	386.75870830763915
211.9924035679906	90.51699367120429
2.225241160182376	195.69670678067857
221.4905392507218	120.76464842382059
141.5685977219887	36.12595836370183
224.83719495058938	20.581025809527517
274.92801790911324	124.11913517303303
161.5279568856676	331.0030307100342
156.4263860128924	229.73460440018746
250.42508691397305	52.543640081389896
378.19526975402573	97.35409948720417
53.63243469571721	190.1494134012648
42.70715204635336	360.3340318952984
368.23506113341847	310.35210186807467
165.92261044386632	188.47125850456678
80.80493223416204	256.02311111812867
384.326141365309	33.57010184139915
118.01203518677961	366.35708429092136
108.43016194390914	45.24042721315898
202.31323748131592	183.88664566240573
89.13746413008784	238.21267646806842
416.7337180141904	347.8224047486236
170.61795611961944	391.18055952528647
176.81306526418538	173.43926705258193
187.47366686117326	124.15105734990486
297.3155589104803	221.5118815676153
282.1481584805741	301.1195453937148
146.76719619084815	317.82816171102354
305.1892389658221	108.58087515547554
53.83370727349711	31.134955770031933
216.39191058922407	287.9661756585986
92.82471438733839	326.25236003985117
387.5582710585396	368.3283966784838
189.33717956532215	349.32143496836574
416.2143517541646	87.6369425822613
254.80516941248771	278.0065177258281
257.85102109451174	208.12243045185957
99.8635989538451	67.23991066095267
352.01062572022295	136.98002276822305
167.03873582391648	61.12686442774306
133.2713534948759	78.55792827943432
316.9434182585063	169.98784063173034
284.1465067296772	106.80963223082684
338.0848875795161	301.67704265407247
168.68342897086907	95.66553464339849
27.801559364100086	193.4577336492682
334.2308779314166	178.18120766693286
111.47979443327303	209.62686055570836
262.74494252066285	385.89011616235257
305.6554867904764	204.783405029575
101.57883150415479	144.40163672664886
292.8177763955682	55.73570579721851
373.178453342347	75.87173072902962
162.538905053594	207.11624996008445
218.16207107197312	42.886285515173455
174.41840307167416	273.71307128983386
319.84207582902235	9.354901675468817
233.21656131007444	234.52371373012022
264.3903634669221	65.44321552355237
136.49800305843584	231.9405779394733
289.9260030252936	7.065073983807876
238.57212774452907	37.94296258405358
98.2205745660404	104.82349899743589
86.08521225242714	179.1073960569219
227.3312154848352	252.196575493352
136.70543032278502	368.32515535075987
249.03975746246218	144.725372062803
320.64688237712596	191.03891599549428
242.4174857349039	368.5264935237505
58.99784502814101	12.374881608481022
235.0299913655202	274.3742384224654
200.55196004716436	137.61198700688027
177.76591262615892	40.69985785683091
119.31397226293545	65.996106168062
51.91119751135093	231.0401906031377
231.3396044527792	56.91751051095286
240.6790503502392	347.75608761247844
140.76527844382193	17.651473050602114
312.81863574870454	125.5045870860317
57.25309248603723	113.36620049575302
72.58753300582038	198.1503684032774
75.61926651189445	283.6440202395603
42.62889580545203	90.57801261101412
207.00825660070208	358.6490233458399
419.5556870167132	18.501951584129184
405.120178008391	104.14229086415111
341.5250196787666	221.48736023604818
402.32811692425673	200.47608067362415
389.1468728424273	65.44581246130645
122.45801006356622	184.64245819401484
188.66256303228607	57.51255497180286
80.98844969061773	91.60196953961419
401.0674562912921	125.55690070450599
9.633688411987514	376.6986479029199
0.27104713675420616	49.06520841776556
200.68342391738952	75.65968124626859
380.11722296008554	202.52732257246439
308.8303419777243	254.87515549837758
419.1626161029464	305.3104766382381
398.2087595541167	221.53774145369053
