287.6957057567298	338.2426006153189
187.02734216403576	386.29626464811025
60.06004461752691	405.7294912366593
272.8510193012029	320.5415916975991
267.72073623945596	269.90960361927046
110.78104198634082	269.4190424474151
250.5938300373557	285.0043853303836
341.5700571422302	13.163827198175099
163.10033439066686	8.863281828818826
389.9559325905536	75.45930344652815
64.45360559125865	108.46731634014216
216.59762376814902	296.76348134781114
314.5133086440207	289.45609218970804
2.373843374741548	238.1886091944464
223.63976388625014	105.03874770260373
170.91751966247213	313.262971566866
280.3569754382623	6.475968848831414
376.97129592055495	405.25257365721603
103.67271439468769	316.4486314001953
297.35078818796427	131.8406140903485
189.10231684490594	360.8889604203264
308.6474096090147	333.9339196386514
194.48893663151563	293.2645318408299
9.318866971162235	328.0296062535835
242.81080413461822	107.45627449193742
283.2034625754978	407.72370951007025
308.760004609907	196.8909893763081
406.37995709977764	381.3411608883149
76.22038209657373	390.9971034996155
7.160307896399088	87.76229920024758
232.08855583234273	316.48753260461115
68.15971001357582	371.65528755042794
41.3324848305411	404.1946003476939
91.57641831051694	67.53999270594133
84.49005178601261	22.31526755214384
324.2818025042862	346.4328308672674
7.699187408999463	18.08108031864993
270.19829654192137	134.60042262550945
242.41829578884165	227.84370428841743
179.78202934992848	255.92880838234768
345.42328366161684	189.10700141584556
149.6380146622033	160.18488461939893
408.34082946107543	3.332975745143355
62.82437929304287	141.88556287912343
205.49447900967166	40.00286005262295
179.43081844900857	330.57007716181846
281.628650478814	243.1083306384888
252.45929125118255	305.8625880504259
124.28109886546758	85.20902823341049
76.02058737325775	245.39834443342755
327.1087726022049	385.6816240206646
170.66427999643543	229.77103255915375
63.384051977147244	86.26346663018991
271.6293260483824	174.91246703068344
403.6963486263539	323.18273730715487
5.588034984505492	177.75402167526582
379.4239527783013	137.0065287747175
151.5396695507378	85.88367158254701
367.67008886155503	379.3268687825527
169.49738007744318	49.888268896034745
110.46797246401746	220.4067238023018
395.822682178984	123.18814580219737
62.65702206519904	213.76853929463178
94.48138019171279	207.17145918913926
42.64565488053556	87.14100374488132
1.5003864664482323	150.5828329043259
28.376408521448425	188.90013183434027
79.23365573863704	225.67939318506973
262.7801277705537	101.86241296530855
135.57877414928961	100.92258620137856
144.92374510341415	204.4946155337654
237.7403764552787	247.64019284355632
187.4408655128281	56.01237975710557
351.02896549731605	328.7831272113065
230.64058660098863	150.02644222731593
84.5557760664746	173.89591834050708
106.11802897598345	335.1780177243413
96.6770318758116	284.4924518688141
186.96224949210202	85.19456088169036
248.07469088332067	326.76244967104947
386.0841649027225	174.72876008847302
9.730078873088358	417.24288757868436
29.38773625429144	321.2528641318773
230.08288547179578	393.43310535093826
212.55655862783829	159.20133267402974
396.97275893100374	19.950359227159456
119.57447093739471	349.26263757587014
23.907951566123927	98.65018897085778
369.9627856500615	315.9879010701624
34.80060699428452	254.02657718171236
347.28991090516246	166.74059376922793
136.25443750630174	121.51653223125477
169.40112389702915	96.7900128896173
217.69882556079	240.11682181291377
360.2443055630132	222.21608426688695
355.6007712451748	395.3802219245976
80.02507168955445	266.4503924839898
117.33015286966183	189.73429596659378
53.0043723303214	290.6348634676757
395.36769011416544	272.36456062749403
327.641120129194	195.43694490040474
318.7596754835953	31.312892793765798
416.4897809342636	266.62353937509573
114.95876173196969	68.34966893124479
105.14687427615956	25.860392736904725
166.55756861364648	269.32328797359503
56.60871585028927	47.794631782932576
238.02020487554893	88.81345885433677
235.49343906515128	297.62383670503687
218.0324674035999	83.65718170398607
170.83217419864135	145.37460486212981
372.76902374085734	118.47877546013876
182.93727217024585	9.661196922254321
364.90359182440517	2.1757878309846106
384.70553367694254	102.64917236449145
386.5776511207171	249.91329700523468
347.96306581363905	307.80942834027695
295.5389942565144	42.202243572653245
81.59870196466441	130.61837840112452
281.88096277254516	222.67338134993807
223.6191640746549	195.37121644801798
54.04880972719342	318.36119971062965
231.47541046840107	20.690771495072255
75.86290150973721	191.93250029233715
401.64616767691234	231.19889643088146
189.88360195720952	192.51181973435746
333.69267825162717	126.01453666456214
355.1528182067494	48.48892338429812
297.57619748255536	68.82506263306085
54.589900884564976	196.56157125853767
342.6480384049062	367.73372981742335
153.25752216867767	283.2031965580567
368.97570605186263	182.9673121493072
88.40737899443299	328.93264477308156
378.1717576486224	20.276941231402127
389.53935040136554	2.01333238008771
142.24412795920833	38.879740002666686
303.4307139387847	253.6197777040656
294.4699378588063	317.98783666961145
299.66177399446633	214.95496548119527
301.7142764478093	273.38190326416196
284.64193234721336	283.0009942974765
221.4400333317063	261.3374786634648
262.67012949077514	229.6534750329802
388.16800271846466	308.38100536387924
413.607885874685	307.03061632412573
337.67583699068547	145.58558747273267
34.429008896857084	114.34208794925102
131.4925249640552	277.83573834625946
168.95666280264905	370.6746975851912
360.48162097184746	69.0686246788712
122.70280726494379	409.0980741292802
167.60615257266403	124.19320059933722
189.42815772268472	127.22854622449057
276.54306514607566	301.1184638956131
416.92864739170585	128.40204946588614
38.72593987747956	272.4714251265048
89.3540921378772	375.8719320859843
172.43587275961673	185.54402719427964
104.7721680846136	402.5711155835493
281.70139313938904	79.4480842860897
262.9349770867391	82.97940385327963
170.30831378818203	69.60417193646418
265.4822835434785	156.51621741922966
247.96572146004561	139.22747167411268
323.3613602356016	365.7611071915055
3.0768523838688506	284.76604368877736
263.5912156643211	415.76082371427344
281.3322055510229	58.785149688411984
166.17204251153663	206.08454616795547
221.12329417545538	412.94392169843263
402.5880460491371	57.675068761779514
130.9895082727392	365.49681262262123
96.49820525845868	233.7552301285491
323.157679145059	92.4799083771739
135.5700791304182	338.690195699169
398.8226418546464	402.92814529697534
92.09924553888513	42.411981128157905
213.22682370970958	138.54722070633892
27.380074017547123	212.55662156646696
340.71241757566423	33.69695551197504
341.71555809906044	209.538827172743
205.4313244094963	375.2343062834113
67.98664847488429	5.893391498664114
285.4718222556114	147.2515292560292
203.3613091770529	224.53762232060112
72.40983829326593	64.27490867986741
224.63605118665166	63.368032624472136
347.7454386265576	91.0445268785458
154.36694328600413	110.33083349372865
335.53670801137014	107.00999256119313
207.7372252077342	118.95712227300255
118.4432857494414	304.5773644761322
164.22895971677264	28.655026490874587
383.4636191803878	56.96746921163263
410.4239366192517	341.26819334002363
98.21370149501624	187.65492285457458
321.3740523323196	266.85028992009575
329.1480603316745	301.52254552202965
307.60221864188276	234.75909382787236
40.772721297282715	226.79569547047905
292.31143995710977	167.52646532707726
95.2540409979014	5.8019021993773
257.9085423721858	248.57095676539123
129.97304332060662	53.13612944096832
114.75175135532325	152.91037884437708
238.4214855014536	208.04733762493217
146.2917713483993	265.5165344602775
205.41633675874488	67.49526738206889
32.65033043352777	65.65342124557533
361.36906893114747	201.68297289148907
284.95551333159545	25.623210393324165
17.228908560488936	271.5161032844488
127.94071598859678	15.390410769324802
183.4831856238725	37.35480556976822
248.00308363463233	401.63326166943705
355.9294917157046	267.09628877697276
26.047438718834737	133.22295460539652
27.080159948785166	20.93107056948601
193.8184169434389	147.7256373648051
229.8740563761482	124.47458879426273
182.2640402948606	410.63470283131414
189.7764612056105	166.0719051788499
116.51021451863056	242.43550243441047
59.41684036581343	233.53565136451573
285.9579575762685	263.11806229127416
81.85335241587936	357.9921407057291
404.2639453335364	162.83018110737297
381.2853211047729	198.83723053254556
281.82106876136856	98.29283723452255
138.17293559916726	72.1902824498449
58.615837289377794	353.55709473996853
154.26212247247724	304.0921180288591
23.682726023918722	289.748112986907
92.09863794423792	149.7405901713843
131.54628675962067	226.14872454863288
340.1328107700785	72.92129803634798
52.79900780336906	67.12237131975527
208.26744753429205	395.30014519139434
33.44151937656039	381.64507885886434
207.7439039625493	274.4591865371014
400.37581679155545	357.298201647132
380.85596027585177	356.24529931897104
100.98220902803764	123.252164057906
286.0894117597975	388.73696631220724
281.47923027037666	119.24754578000379
331.6988770206912	323.3183927358674
111.39981346625066	171.88163432857021
313.48916249404726	50.558538771329204
184.37484341504035	212.07818172878203
413.3203530162882	74.77308840757314
214.7883947977761	10.633432711865156
88.93999026402639	302.98942718827305
368.6351843499611	336.6447373969307
257.48078650958934	210.1308505245098
82.28602775891704	89.19979558175633
224.4085760833986	39.52448652826512
245.34958675408458	70.15359908429558
201.09833379513648	255.0386990656306
385.13992030267536	155.12793203821948
317.56465722723624	68.96084388503417
322.4573650572161	158.72088380780272
303.87917321487924	151.01366447346766
127.75587717720819	389.99998747188033
53.98615955426925	252.99505395945113
417.5874904757158	399.17774328988685
375.04396481299216	39.00392732980905
262.8048952789022	370.17645630394924
193.45472254343582	316.94555562984135
22.070392881452673	401.4974491403624
312.90049901806384	120.35789601720376
337.30103325933374	253.17009866442598
212.69065791213762	316.1286090186994
126.00038596280572	206.96258606451102
259.68716997241535	191.23237454063917
305.84408808467515	355.056547844109
327.8004408854655	405.3036578093451
419.6850497636619	48.65193899488618
205.65135495151324	204.79486630206367
8.250312582086508	198.3798915658669
368.1344977562049	244.5495245693875
408.30712639503724	202.98605404421488
135.83974057376037	296.85015946743243
198.15078676758569	22.720239030189465
149.01940123455557	380.51448034715736
46.413584037462115	178.14466940376818
41.642343683960874	362.8622839194073
39.26744881704102	150.1822142244991
20.507000444894267	152.00399606085622
131.7076134252622	144.24735361079428
392.6943567999263	214.57776235182985
21.716178096145264	231.9641180906578
340.70024812160307	282.38068111189267
386.9543466966753	376.6230021593955
110.83741012492456	48.3636071541216
414.03492437577233	107.45320119529731
102.32743055423806	356.71739221226363
152.62181117227502	58.354132350757276
13.722346421523575	68.73858302927484
381.65442688278443	290.0801839428568
80.53025235076946	411.7157358106349
150.49426047183243	138.044917414366
358.7074612224613	22.281003662997986
246.4135614552462	382.21443338511494
123.87933883386883	34.19028606844847
196.54539495504264	343.39592681803
7.058516626103985	381.6429942915752
127.85047668542762	257.7126509877775
251.4493698383788	17.244311481741025
221.6636442171397	217.80046090135284
41.51184842238544	36.18556034345029
3.479357759864844	218.84691190946856
360.5437035299571	356.89564595883877
330.91493700740114	176.44208662694524
152.54322555289073	185.87615979800287
13.362453521270568	115.46374590439024
157.0707879975438	328.817381357044
10.116361639638678	347.5798959300049
111.11664436954611	377.95299636673474
54.6955197864756	161.2811293647821
311.8486783335242	177.98493878108332
189.07718841607107	107.88642228294505
162.72945531372247	408.2169840266118
297.6223875822341	297.9064494033605
308.95642979023546	378.7843616631939
349.9934539119074	238.34209025594078
374.662969329651	270.7885378837006
47.84416762048445	336.5833975490568
413.02525406533897	30.953251905203416
380.3139101741004	229.92845402523417
345.39653034608	413.3352606415191
357.0861896009081	146.14836663859492
185.46576907588963	275.56845603047094
207.8779664104727	183.0627611091777
85.91328021213386	110.14382004507691
291.3512101227088	370.35105410773195
20.291770264397325	49.891755946185754
361.3292351502525	290.93798589191925
269.5309089541874	37.84546135026539
70.66307925653979	337.76235058371265
256.1253777069654	121.34176462642952
259.54065392336884	54.60974473676452
230.03477658571705	279.38398118836966
318.8532478384937	215.61706754750068
241.20011663222616	0.1811711121620562
74.89814855712329	157.4415050383895
201.53821583244718	414.00328185672214
365.9161226560262	164.16978986169934
117.05544413164708	108.85530462066566
73.23411714525002	38.35772391083022
141.81835736625905	418.9716164550405
300.29530212249216	418.0193047276008
28.831762693723288	343.4697398440065
406.1154976213392	249.89260784901074
247.77460315355924	164.4949627309245
278.1257475083253	356.930889630984
312.90025761649486	311.2899337254078
50.852895838833035	127.13936946199819
104.82147701382469	91.08137910621721
404.3035868304792	143.0029209768832
291.0556102123615	190.27470675763126
140.1072894741088	318.6686276319944
332.1618374504282	54.67617010288648
161.25808099848788	250.16906897041227
26.911763852408196	170.12837756523678
118.91815543001596	129.91371334092022
318.46810761295046	6.891104677915314
276.22608329090485	202.8778780852734
302.5166659280429	96.20466020893232
302.5376330110581	18.53989111129763
394.64142547168933	40.35105464947086
73.9927170667168	287.4935820879747
122.22951857313225	324.7422153311658
244.42185501123453	362.5203321480954
266.9058924362097	389.4115884093317
352.7432363481339	120.47739251942996
168.0661535766846	389.4861115871017
73.02158838425201	316.70658307538696
332.25129672587974	230.36927237928822
59.84365887084086	271.2916219207587
250.56316121570416	36.136475714891105
406.1874877421262	182.6979383957898
418.90495509605717	363.494407884978
247.45867579569656	265.66868440252887
171.05093040908716	347.9236766054255
12.353353501903023	304.7848934380043
93.91726276129727	253.21845502112856
172.45548011229133	290.66762084691663
15.777573634279062	251.36557553192
205.66870336337257	97.78851328889341
144.37805648546976	398.7966413906916
51.97941193713016	384.7394417751248
237.19997656075157	344.96551303785105
401.50534560056707	292.6370851298944
168.9973020383262	165.94186530651302
214.41317016184237	355.5936934118063
29.462826368902288	1.723657419149289
38.45868380292019	304.7556273001365
240.10205798467433	51.73500674940461
318.72285557238564	138.36981542385647
400.65009640420294	91.31837346451857
343.42797481355785	348.84056922221095
389.6635367252205	337.8518733687187
363.7214668558445	101.7634437182914
373.4552670458224	85.13770926995993
47.433646895583394	7.235230677044168
57.06969747713442	25.148422451894422
20.7105011811078	364.94699576091335
239.7738694153243	182.818688053132
264.42301059294346	338.0474100351235
217.52820481196653	336.07478477285946
149.09024276953843	360.4147809906937
189.706597513411	239.75815978931502
144.14774402991574	240.5615882190656
153.20189403516395	222.62754230617543
131.32291937110548	166.81864830265624
224.31076886775153	375.4508103262915
305.84778944874756	398.79939227851895
