214.59355385045856	63.7992418764647
403.70569324266125	393.3430317510664
378.8321042492251	218.19559197692467
347.89394646527336	346.6703836879643
411.66543875243246	334.53975240095997
163.1246746219363	183.7773723585598
270.8953625031113	41.96377996776534
97.41355181149265	391.25075247564166
167.49500406827994	323.7277758094028
382.58678118793256	67.55647828732612
310.46694013310054	44.88582534805906
233.12239741947343	155.50924723582187
379.2883058147619	99.64012038188966
212.97129789089064	25.74133414611898
403.3464627608397	28.177988845578053
135.22642658626285	48.41763003771718
24.157661585616413	160.33478745887174
337.7372438131399	177.13327821603585
261.02397528105394	251.81341533648018
25.689662492151953	179.93419800144818
163.67851856724832	12.174805896063624
2.1644769487568474	22.867337495860387
115.72031187700281	237.11648113873898
129.3715532856491	131.5640336184716
301.1135164881101	147.876627735587
215.01938727915166	312.5716812110418
76.58842260777686	299.1729179327786
201.3381110434819	104.44189409973797
122.18365030829312	112.23906384559334
45.04648883571935	265.1767629121071
270.69734667914264	376.3539010950008
236.72907365350295	179.0136396090947
234.1412393239993	306.8118459306403
164.65869315793265	375.8647603522418
154.79639148273662	55.75184803008443
15.285059048068506	366.9058480466294
101.40259604593184	127.62883672274972
340.34504595134257	87.52346900236509
183.74994887650195	191.59524558950415
297.48242779766156	361.29559059661375
37.10421809414862	3.939534443163221
88.33219330159143	188.658919997843
22.905863016323817	404.5835817828032
207.61307189736198	340.4007713569878
52.077430717723246	93.37371226504759
159.93017975890857	98.61167440215642
130.90118159554677	336.2971090971704
244.12765377871057	133.4899220178971
235.8314957544328	58.82482761491457
259.55527766675425	177.65640305272157
372.5810682626448	296.11690874842094
165.8703866603911	233.5297299549696
288.3930914376212	404.74232563423084
142.41802101728564	20.60707289599368
80.26764748853101	280.1078123518972
176.36923817803924	42.91099273642689
414.8224306109665	374.87486271116273
368.29886823203884	235.26568730955566
49.10872922221501	360.62739417437217
414.41060689063005	83.17595366411157
40.900750133390744	289.5198843867577
101.70814892282844	222.30842855743663
201.7966033813618	358.46446597980645
236.94826487547923	12.816777427532983
274.2288899574969	205.4794802313781
176.17231136279293	62.722087907744296
334.84697712170527	215.23625572328717
329.984851425422	241.33221639902527
197.63282610067276	210.78366920846847
393.85474951465903	230.4742507968469
88.40017020289967	12.251314391034805
202.45231797740922	188.09333616550106
258.16436667646445	311.0325037831907
94.17617240185432	145.6435645512024
371.085842123348	371.68605485719326
343.6674139751157	66.23341725812297
36.223520968917406	35.04356859668574
409.26995233072535	247.837220427276
71.7459319470607	394.0193047784384
296.30111959366155	317.2756563843058
46.24766261950152	191.97242115606085
209.09761154719527	276.7621345729406
241.03750542685282	244.66848828127377
75.88737866650051	31.067839916120032
8.678639898840927	285.6687570758997
187.6547458402195	80.2409219761318
391.2698768906632	149.6630564108254
261.50844487295853	340.0419082704759
289.4767387827086	9.057118691252137
395.09225140011597	263.88296179876323
257.9914724551359	71.15351765866062
278.62928347136176	179.19148095308006
307.353186264083	413.3602851769234
396.98146723592896	189.5707404047802
375.23540267814263	193.3512972226178
382.045047231431	174.42415523619198
284.5528930025355	279.15578693707073
307.16287868193103	392.3134551983928
233.51816491815998	368.51016390371086
17.198127470159132	235.92352616852997
154.15126604540527	151.98085912982785
306.6765934526186	122.77898017779641
384.04157013996445	30.106196932857664
66.88900179667326	265.3030865848168
57.2295919683474	303.5789687554083
268.50814197710685	229.2571203766072
89.19465052058443	315.0577110458669
196.73370066743763	55.259491668047794
323.27748458948486	402.5472892243453
359.55642703936644	102.7885296021554
231.95830473863418	277.6767165259931
120.1779516928262	24.644159436384875
257.50934552357074	10.8061331850049
350.447469018846	46.788046556695804
219.51294543259502	293.7557962320788
265.7381861918091	273.6725704315971
195.53396566072303	34.984803675050706
293.0931781306741	201.70804137024456
324.05104243432146	71.99521000101807
270.0755383874366	293.4004015742109
13.29226872196556	138.8212846816436
166.72093982889544	349.9575918013786
165.41072579724695	283.5621380902281
238.27617328147758	114.24296353729652
118.36190628160581	404.9980026855424
414.29920812302373	124.96118751630908
418.7978417578742	356.01258608527223
369.5443969954972	259.13130848804906
259.9970157969763	100.73259392300089
217.62407451048864	381.38081137165125
169.53141718372967	116.70766132927318
349.0800243407734	7.090427932701612
200.22983065704295	231.55876545309988
166.4643547289291	410.87071176838003
3.240704765109176	65.13823136487282
29.39112141771243	354.25162698168293
307.2190480516499	215.140107262929
22.51393304030055	323.5906783350907
107.25656848410277	63.95381664639837
288.9227145629636	381.84267325747857
75.99137746225202	246.13504898315156
365.7854625563198	411.09900864683226
133.35759789040563	157.48015879761292
241.20956743392324	347.15892444051923
146.68993203856138	193.9192765320523
381.765601241358	390.18829175950964
322.64573257276004	30.023926011371135
196.21310051556347	315.38765095988634
355.8779871749672	276.6119163846886
275.67924704455714	319.37218710353164
116.11603836696435	385.92080935633
343.485515625903	156.6990892028306
417.3125030885072	44.800221293805045
137.65063759211802	396.2048134284188
416.68344140290793	228.64868029774317
17.047593956240036	43.95852662222744
115.49248385225134	44.942625932400446
153.34696800949078	248.76772602770419
222.49168401443458	352.38776318777633
145.6044947669468	287.9818471925145
406.1236834459082	280.56738322416226
146.4169603257688	74.7289230999603
276.97762076656585	23.9528367168213
44.089329853713316	52.880762043581335
307.3758693650459	334.00236838629337
399.0747866634985	353.89333056590544
113.73844422489333	83.25219736282635
342.07351209284144	321.2878919354578
30.22467254250738	104.70615945699721
222.1881690528295	98.92011913592131
231.0182287699556	35.261909851053495
86.97096820980555	111.45182913462999
128.69279129787256	272.8202612414636
67.61212510590427	82.32974428528208
81.7182168880194	227.92029044742634
211.06401048282004	400.17542476364724
157.77895620302513	393.6949721650972
375.93674833871137	277.0941974714346
296.3775589901158	166.98677304863793
414.1557178373306	300.51035446118595
72.95060903508724	50.527355402813356
144.56341049378454	173.96843987461952
177.80975942784823	300.19368088700895
93.91412699808416	50.42087481709452
279.1631657291521	97.76306632713691
134.2544029554112	253.79744334798954
35.41526200442433	209.4369388774631
4.669123860475499	163.9897633199018
341.4316609119709	111.44138666737844
272.48205782390596	418.7199325317899
45.69553060501274	171.83973594104984
361.7331155089646	121.83800719436196
24.494079095474593	19.711777567811133
84.9298905655014	165.7698138647621
194.4699018633814	376.3960193353129
323.90179342885176	197.56219162808944
402.2432707141658	108.3474039305619
148.7697408133608	218.79211900376598
223.33719153347104	259.21714054194075
363.6566574451486	62.723384738886644
108.93581791485084	347.0873751082092
83.7085263918095	68.22534168686825
108.578593652861	259.14291607025336
389.4678677718012	334.7523262620447
17.2331659995215	303.3462049840627
307.2905366109884	188.10524192471198
50.28887677635251	21.097771979281582
254.22373753043803	51.55292794176595
168.15387945572067	81.34673833606166
325.5506254237056	126.94346283537625
345.82268826581657	132.2462979778831
393.26043429720363	84.78949937962932
122.83248244381673	310.11492048679514
71.52836372908608	322.19369670073183
329.55619815364804	52.79704185342453
173.98092273967424	136.76975513606243
188.13763304993336	122.96200466348697
301.50024917215916	62.31863958876211
59.467322297779845	65.23471595988568
321.25848450439526	261.6888657512657
359.7373112463348	216.0242688730733
384.5622408285767	120.56538225451645
347.19199458134386	198.6559989991452
413.8194792226631	144.12844059635333
318.1136735666381	168.0700380774478
287.52666653972716	78.47540611433624
65.50605799287364	170.360495702991
212.94315592883655	44.91821657632171
277.83262918265166	358.4130422013303
384.4250266990065	247.2685231273968
172.40576396125655	261.2775386355769
417.8216164729164	265.15404197223666
307.1277284639083	82.73364054273424
127.01535707708187	4.1892503397670335
231.0477554275261	328.9205617813035
340.92809562808674	409.53047523256095
88.72309332097744	261.02333504759264
3.4872185246649217	402.86600307571564
72.20039161521692	147.64595160468548
107.69500321885991	7.55969698676337
206.01122699838535	133.6030460163885
51.74833185188605	245.87511847586933
124.8648738969475	365.3873131463524
221.60327356150003	237.2175755947184
184.1907893431144	243.4534850398899
419.6675408205199	187.2368391323539
270.57852175804294	395.9762592132152
224.56878909440272	137.57239841300836
43.20023451684766	398.32795945869304
287.97773523280557	119.44751193008064
17.704102224901746	197.3808404414665
151.13921713642947	337.80493113824684
3.172428207350791	319.033704277325
215.64415697514642	172.59877758589434
185.7810902575418	3.5682854012706
84.39854789286174	91.63249422907631
308.3000810591455	234.36245383652428
67.92231008373773	108.67838934303442
312.58585141158636	283.7652385008137
371.26213480085545	45.201109068426
14.990572277281222	255.75209143879576
149.26367701758514	268.96952628258776
358.0004799362752	181.73050542864124
197.7937691002943	292.0027144631791
196.15007332301622	169.10373301343955
96.65583528847691	243.6821233714049
16.687697873204097	386.21800706574874
101.75107040118215	29.336313684996444
176.1357527995798	157.3591067525972
186.449987943035	332.8742022335264
260.21113846483837	158.1258013757483
288.2370070244837	298.97984329717195
360.53975221253523	29.26429450499342
191.67513598912123	146.14465699538292
49.69656409589608	114.75184707115318
288.2965344109025	336.9545783554079
13.365590625312379	216.59326709678624
219.03356324551902	118.468395945402
180.31713797601512	220.81748194768724
348.5923320801335	235.18162165433992
68.61774582850826	10.25945509154724
11.869105191446666	341.24929109064453
57.26111247474288	38.95306343169407
181.7674145098836	361.82577971827857
124.30167797650115	174.99789076484504
282.1777037170566	258.7735934003584
369.66111221631724	9.707153627128541
67.33447988242048	189.54289849962916
249.14237594613832	381.79512080062824
34.21906829228684	378.1249933471651
226.74663513107032	415.94667179473606
34.76217917586038	130.869355703078
1.8992132631066732	100.86399514258113
37.932605774031586	309.4837497700621
350.0818216121182	255.49495560763214
51.36964766555625	151.991884041614
268.3074177674901	119.2385008475832
143.76523572834256	376.5450783216532
207.17893145429724	81.97164439851859
335.857124506954	273.74052915092506
250.3329869218143	31.41114247112011
346.14566673493505	296.9452360038474
6.744403568944066	2.6157888177519233
336.69865384426186	389.08918103186505
377.90836068236075	351.7871699205045
301.59139377108346	257.8614756106831
145.93828014885227	417.91650159984977
298.3753884657531	101.05126283770969
114.69251316182803	145.53185765092888
58.92501393443074	133.2187354982046
370.7656651303464	139.2854198962324
389.36439930984	11.230498403082372
179.36534588762999	391.22335537037253
312.49517266343855	13.738816645453216
52.47345421749715	322.5949293285705
122.45855101967452	217.56431404728542
246.7811014366673	264.51707780342485
316.7153554649616	374.9390303907351
24.479079863936484	275.0235993561273
232.22481746083315	395.99354900406416
298.9925543008787	27.008547559436032
254.29095741261992	362.04354513344686
401.36510194316304	64.57290484891665
288.21274507218163	239.47051260207257
228.9030816584236	77.84342845237732
286.6300990761874	220.2533246436227
40.37269006278931	75.19188094633282
256.6251933149523	213.01809575598844
308.3422139426831	302.39410861075766
142.68275579150117	356.53752684240226
138.61861036323415	234.8549081851257
33.022201396121005	249.99433278223052
129.0676626547745	66.59320357195975
250.6144100778134	292.7293007453646
393.6802045982482	296.3536707465474
363.6829839451121	330.46496147104006
88.31383489476826	336.09860264600593
203.13108007913968	258.4948621958746
37.80253368070223	337.28978685162474
341.81439864046706	24.664029858143774
98.87982379242892	410.27389262277796
326.7642181934363	297.7088817521229
264.3773203378715	138.50662851687554
80.80907832858392	376.0748435551973
362.42329620976466	163.22819755527922
389.59428259486043	411.1401493175126
60.55569997828506	377.860974860761
394.0740342886523	47.07932930275838
149.06207167623305	133.31137078833834
406.2722995419046	2.1553176365032383
24.006079950175767	86.54879283363425
334.2978974619301	360.18595553305573
291.3241630009894	45.33878130375311
105.50338187723082	100.98759551977994
57.02228975928545	341.4814480653242
206.1789313572942	418.6689433908563
158.19578260164093	302.1764547864994
322.75925551325173	319.9645444132532
126.76377173238652	196.85452229203577
241.51754079327944	224.5793973846133
328.457649779387	338.72761727350166
82.26815331216933	208.1750008751788
61.72915953671916	229.15243456755084
210.40246963138975	153.76664970339326
58.49681477711187	282.343371029831
279.3471877337285	157.85363519438184
246.9214131549568	195.16330201574078
24.705421825155778	64.24645384899316
82.0561849235086	130.0521319880354
243.18159687004547	90.63088343310773
319.62634090440906	101.86493708929235
142.60509277507705	108.5453645149731
40.38360671455127	230.29866819144948
142.58897385192648	318.71527011670526
78.3741027049994	412.5572825366833
104.36005036839744	303.52460150020624
117.98839367982058	288.7682777044207
102.24170234634893	371.0447854632972
217.8499339427492	214.65279887332
107.18934483534781	184.476841875927
192.28610781393417	405.3006706242204
105.75820053935276	326.5741933062615
275.14793798956276	62.85896715744716
315.8008752752241	355.84294571673985
394.8511670560811	375.5779745767565
169.1466125488921	204.36925805731758
189.3975869226315	272.27592038120474
283.3496848243371	138.83031468248916
360.94328551343125	392.64525866558563
70.69207753764715	359.6968668716984
59.372448274521766	207.84592959968177
405.33710890558785	163.45493556517152
329.8229120994655	6.058289720886186
359.14363218036834	311.89724939343046
364.5960234979973	83.34063699538916
397.055546300912	209.68506765964165
101.81709794002275	202.73895804068428
104.93286071124221	164.81600707250232
99.63880343443317	282.2461710175068
180.15418285786413	22.662528923033232
54.224075489472966	414.99261095051395
132.53832108583046	89.36803297705124
383.7268584543497	314.3130002700808
321.31217597012204	147.77013619649736
416.0513056003317	207.8788729377857
14.69013244019096	117.9271393874113
402.8455349458849	317.74434792202567
351.3491202885764	368.7993022321738
251.24185353829063	405.9709571491192
182.36005669110025	99.97059706899303
223.53096116020347	195.51374708065714
89.32593574086705	355.9439644889755
153.686584739999	36.14992584364409
