125.90347433524482	386.78678710635893
384.85334541892234	319.9828946910989
149.19002878702753	98.30166860056151
316.2293764604579	370.6547746081589
68.22941207186216	125.73477688239436
247.43089554528075	254.54922818923376
125.09267854400561	5.2880671446547565
272.49981230076884	365.14365705052944
230.7542458719341	142.13364586735977
221.7024139793818	219.81466295085758
283.65602632226586	346.94384065542505
344.2004884349731	36.81981760062655
356.5981276776202	194.29454117363164
242.57760857789899	297.7329093973445
129.65072414718787	48.660749920985204
314.159263460893	86.45679202183335
355.6625331738417	2.5682048682769385
347.93372236784927	294.1206886695683
171.03761457404278	300.5114505286108
419.85516668859225	117.17929493486896
145.6617030579396	211.7495237965158
178.13972318912144	134.92406738244046
70.68613536523209	239.58193038502088
93.2175922406005	32.16501704050342
174.6095746539787	368.53585920931164
16.35944706469185	391.09139251972425
90.08540179116835	205.41802626457923
6.749459110103078	285.74860354735705
5.783233969092148	1.1483238603202754
255.12203944248242	167.34807237410087
419.5857022942619	137.10721276889805
326.21694752561774	353.1858232394926
332.1214690541447	243.8007216546918
110.60016928977835	19.81067563985537
73.66749365205956	413.3114711708098
332.61358093215495	414.44048785257706
317.1273661536608	228.37709919968884
52.05446223701568	417.0979649026486
80.00417499072019	141.42693074605756
55.43770119156204	209.26796981177608
381.3007562269769	182.1882313134631
28.447758416896654	297.00807860690844
222.12367801898435	309.04179191417614
216.51293042027436	419.57877100930347
207.46540401430082	54.255205384077755
402.81420591190016	29.335212949796745
350.5480769723509	85.9563390606755
189.84201131055855	97.03612238312918
349.88297560728927	339.06726872733844
271.4555613668987	48.253833585024516
35.75908455447678	213.56816678622874
85.81602572874783	304.4340806381405
251.93447486495944	226.97302916059857
193.7692289560476	378.06163827531293
213.81059217806416	400.18501130939825
388.3472409075231	261.6730757366739
271.9356562486026	403.00570523181153
114.14225001920744	295.39754411114825
36.42478724957461	239.06936761334876
389.15919287472417	163.144929582564
59.7342425946191	69.36174410196678
90.94779720259098	158.4166438712808
222.4147687032634	197.55132797603622
260.36143815017414	307.84429870623933
26.06958805530702	415.8295393191832
38.68617490008337	317.7627218711
309.00067710548456	278.9392639858524
35.092944108441145	33.51635336555609
0.3360597333345273	325.8455081686987
386.06280570242757	396.1257555935022
15.12919157844376	35.92595171992522
281.9801981577923	249.2752721593271
215.89268965248297	377.6711528626811
93.19792773873097	404.73322785841776
88.38996412224664	13.223720026917034
241.711657367406	109.57686432379239
157.43961688183586	284.33207782213833
4.4868816406277645	264.30968794549057
347.0892212686093	108.22462194407515
18.96100557225096	313.97815072535184
332.8147843747489	125.2804004472151
281.5707436201198	383.21255066851836
230.80557151331232	91.40748678617257
307.20779898911695	299.56520432405887
142.43498880405318	117.10591174766974
57.44662676425318	258.0268852297304
350.2112994705392	251.30472166037265
99.74635655833266	352.1936407217174
275.00860424577075	160.8752941972146
329.2494455086648	333.87357399157213
404.8772619069954	48.9471750235939
154.12238699226384	249.6155642330979
48.966764545087656	277.2880496536601
251.63761412113476	362.44893221000507
384.6050027751257	115.96741032683398
6.694598224756863	178.27824404480492
127.75148721411479	28.797430576367997
163.06475947631984	319.07073406844074
122.54093894616406	348.66762816688953
17.063030581135546	147.27314814537172
403.6046322035478	9.95494510473909
325.14481369767617	396.042760528015
365.06023714946707	123.04295346770517
39.29279470332776	143.16167391750324
414.981119633045	233.3780252525606
66.72937627296685	308.44214390322594
198.74236061963123	230.53058616517663
218.75668583702318	71.76910674760735
185.97763351270254	198.4111827660882
19.87768075393821	16.73490906060163
194.13495244212876	253.87013132672294
271.9576826462009	225.006937010634
63.337103469031746	367.57687315663895
330.02593649976154	74.49898615628506
219.52951889797762	176.05303173919404
368.92437664835603	406.5517631652433
351.81771493618066	274.5274725606019
191.71941950893603	149.51143260312887
405.837481636108	271.71664599193525
291.367176600885	142.22669965366228
74.80501593339002	220.60929013507672
87.44681751494619	375.26729418793815
381.6650807505382	223.44324000411999
166.00301944452505	151.08443595609012
120.7675889647095	273.81179519010243
235.17613362350636	161.1340430674351
58.47911183487109	348.6901057650275
401.32248635959826	333.71062052629424
28.618422850979044	162.8614855202624
366.58435530843803	42.86078708499299
148.89004863557776	56.35773777140969
217.90274677587522	350.55917325501696
346.61954785270206	399.34710408429544
241.0190133808294	181.82207554762206
61.446477598792285	180.58368698926859
274.4972718386303	328.811441147521
137.50886956811084	174.4977744146764
211.74868755619485	151.47448685753656
36.771820473225496	339.0969737350503
367.18513711238774	261.45957200049065
269.1100629960137	140.25459362306114
208.84939289901888	267.21567691304693
204.17109691810677	207.36039660956234
261.4759664357214	8.797683009578714
345.0155236246375	319.24272508636824
129.05658610477394	199.6990244759658
50.78512233357286	163.5904502372132
364.98013680966477	99.95757167038062
29.1025477043284	88.2607399231643
90.09566680943044	53.74270103598066
99.43848712936332	186.71085590726912
17.366743538602073	335.83686836715407
412.4534816216212	68.08240486816011
416.73278797814163	161.19840993968984
282.4250557150175	281.77625821040607
165.03808514780303	42.46543470295828
290.7310040928355	80.01833422842459
400.2581767173645	83.43244059651262
268.98351408655105	267.3663625377355
264.26208129827666	347.3729649322636
415.43044383063466	392.56905477787205
149.63798073369657	303.1622836430902
164.00101277109607	114.72793006339256
77.79129736141415	392.6647913586224
156.42139105194659	403.01816485108026
346.6562520402354	156.76592995420626
202.9453646101241	17.088295011447883
143.3796766265415	344.99939945753204
402.25834915300203	178.4558597560415
280.4990179438798	206.49529666909004
181.60489959033364	219.2506956979152
35.74606644240763	395.50468789297474
311.2755788142567	410.90015267073886
48.49190464316631	126.03165886871787
260.88190094090663	105.44587550828996
335.5228327979513	375.1895702643192
80.75363270620866	70.87129667447212
156.06117894675594	78.9340798221563
355.4556474411152	65.72262286099146
58.21991032650496	326.19334474119023
393.04862761717607	239.25045423669067
73.40204743392741	31.205644699718302
198.72031727298443	36.767015725323546
303.7419263201907	22.030918898281108
323.37717879673903	30.89132443619929
176.36769008879534	239.97659988414316
384.81710073290924	418.42861815862005
402.76956057375827	147.40627150622345
131.10041415999171	249.56371081576168
91.3381903291361	125.64394872720992
37.21247908062517	107.7290391897157
80.509679757973	107.35127244573141
80.70315728185358	356.75657849663884
288.0786557268299	37.91130931196031
233.4674115705919	386.54511615219957
233.29700850003442	406.1238079982474
156.56417865204736	169.65318038525757
367.15034266595814	240.35188109293512
361.73909582124656	214.82136435245857
337.6334553728224	199.96209598545352
194.44006398326087	417.6307686433108
180.54805866869648	349.7891194855372
205.47869608248698	319.9433568780474
363.43177235037496	22.43698189792711
92.71680459092943	283.92296807611126
263.80248977745083	242.57805838033306
105.03722776690066	0.6078100077082101
254.2653100481404	126.59643160654835
301.7154119317428	182.37610537311463
179.2288015978269	78.31451584865071
359.3384781247575	384.57612409114347
16.64786816182315	202.47621183547156
27.42576660352194	374.1380299979827
260.356622336826	32.22054040448514
328.7836563095084	284.9718993745892
20.96931764144304	123.34692172222232
13.7961528995475	72.35623700683799
279.2727957010901	181.97927484252804
37.75736501100582	258.6398989714522
49.48929222556027	49.75912744740002
407.35265991898314	410.71365413009363
126.92213023535487	310.16306918323073
332.9563663980745	94.14916528931657
114.08707704049725	330.3061373549223
58.104171248075495	396.94764860403825
242.33529360787193	4.7143865048960105
368.1392217014216	151.68069545970997
178.21666963974374	10.503698152875089
403.4554530685334	291.3187674331242
101.96516852379	266.3037810524531
103.00894632694632	387.9856893338498
59.28871140282015	143.4127903887436
160.11201444772064	2.640519431921375
19.853181282596417	226.49238823057854
15.862974388391908	104.60210083118362
224.68576140804987	332.29963328623603
295.09205682751343	316.4942969149982
277.71640203218624	20.253587673958666
304.32313439058055	341.5859210246719
385.4241582758205	300.4669187662799
238.41700296379486	208.5876051074536
293.599145122492	122.86640380819314
122.21420258104735	149.8614358945458
114.85264810615546	403.5647750984148
310.03473269963854	149.62847114521313
197.26648146907087	284.56553154550613
109.93966084553469	165.50174729160483
70.33494649043729	159.52962205174774
118.41607219899824	228.22634467399433
147.09559491289903	191.61275862804047
330.8916339413199	144.98839704524553
363.6820190437928	364.56269710688997
72.00139561722047	89.78698067921432
174.8757045274732	259.4449185634334
135.4821209601192	286.53501639303715
269.9339051257314	83.5346663080048
47.981642553175426	300.0525829605726
155.02481367976534	132.71683879640986
291.2978412768468	403.00427275281555
19.325920455404095	249.9849983537132
260.1242239757771	188.94628141866042
340.38668844259956	16.834687811990147
254.14749170232156	330.7440571823881
182.49992839363225	325.75656555449586
396.90869787930797	354.12437392214866
110.21167879738378	247.91001211034975
300.9829156968021	242.1551617877739
310.3921848931227	63.704910180172924
345.36293970974253	358.2644516689099
111.89993628628656	86.96092359396727
408.48048567714443	251.84367792894946
162.33024821333103	22.429205149967903
252.92297206914088	406.65996027195246
403.00175652542424	376.776656985078
154.91556110635187	361.84130718885
130.85879703608904	92.05777408485103
294.85744142163844	365.1768212323476
199.11302961732395	168.81252133038555
191.32860858077203	303.73759993126765
335.1374060202435	55.07985974401612
122.47269719191686	119.36414888310604
42.01537913379869	14.011186964780531
39.14597795448747	69.88766822452172
363.35677760268806	174.23801418782327
48.43014090014453	379.98855304981566
20.737787164910223	354.9738250229372
213.5118760496514	243.21224378443594
250.05618762215187	88.56835345785461
374.33745894520064	347.1857484561472
307.8722962171343	43.50538562841337
25.140396319321873	275.93722128165473
105.0672044984561	312.9062249867576
320.2806768134067	208.9360742153968
238.3763301469854	71.33948435901046
306.88415520955635	388.17504370854846
175.67507599378717	410.7750527680812
295.13762110315463	162.59646870401664
69.15850232860619	51.14885556243594
334.87799567635136	264.9398933866099
403.66449762740353	311.59917679826145
25.175554713845493	54.81469235677956
382.8794910412734	137.06714087268006
207.83917611325344	109.56398060163131
294.22867170452116	266.1942263882661
240.0576293749751	317.3400828288519
383.3103251167675	20.09676556522691
98.31993706652565	226.3235457557451
134.98608044733083	135.02844853351434
145.21246455137825	269.297068321025
320.3685955552194	109.77594766824976
142.94311012659583	155.68224649981872
382.80137861339915	280.8773420709222
366.79470060994805	327.4741849938342
193.9086513544584	397.85842287812926
0.5453809610976016	214.38604541329457
74.35109423850281	337.30139198352214
316.24060641631525	319.12198699024054
135.88669498406935	405.74845414882697
148.34742090488277	383.21811442569344
210.9837179113501	90.04827594540573
414.96857320544405	193.99992234992177
225.16696995705047	122.32703899174297
145.81070311826005	36.69655652866452
226.7332869243023	17.62703384819729
274.1626156909879	119.645849625637
164.44840205112362	338.57102820116216
160.08402699187792	226.0224901907948
247.52320249184717	50.088559156765314
385.06301407717615	96.22356662639606
45.820856121847825	192.31564761714583
41.45515353289935	360.388576292711
362.3625700943406	307.65694181725115
167.56571240190453	186.33925402898828
77.37032392257171	258.76193098372903
386.4473765612651	39.820374571194115
114.91694166122505	369.3918566350059
109.34542919382915	43.98259331806066
203.94484320788058	187.65158890320797
90.04942087116696	244.03641186663995
416.32930464323	350.98146000704753
174.68356142058363	389.1112197386613
178.45329080189333	168.96460073866092
187.22239031739863	117.3472413047713
293.1606919796153	223.53689969572338
280.49705648633517	303.23155719111037
143.36725418515186	325.55301510304884
300.73589784006793	104.78296302356335
54.09239099210688	29.78185662197742
216.95840990907155	288.79976594161553
93.57829188584537	328.99781816778085
383.8235230558934	372.27213493236513
197.51934785682067	338.04344464948196
1.7413319637306752	90.17201994385044
254.31850179756717	280.65922975683736
260.03061916272054	208.9361924272614
100.45924128659568	70.90196068039167
351.75588854960034	138.08940549201316
168.30115237377618	62.139223925291574
136.4804349109891	73.03006141794575
322.89936606147245	169.23152206148802
280.8378072066078	100.3812852201138
331.33341211433157	304.7897118382429
169.52216163942313	95.10480711211038
26.305249841850042	183.5593977442417
341.961352706275	175.7864578446118
109.82547905554391	208.58148894856134
258.6528453993456	381.87486882084505
301.00744119736817	205.39861285694226
103.6070641210694	141.0960941726246
290.9872982343999	58.27802813271541
371.66498012427525	77.02884370439412
165.80631004904362	207.02466246455708
218.65111708077632	35.909022965825535
177.91360995123355	282.19967342656946
321.63313415632757	11.57907094863301
235.71341514491326	238.7071346465297
260.7916157485332	65.12551800651299
140.34528369188126	230.7398457741435
291.3380241950363	3.205161947957524
240.87760248757957	31.531081422672433
102.67644907651339	108.85622718473071
81.08728830375613	179.40341508992447
228.01304740596493	257.3764682773995
135.03555156347846	366.7177584805605
250.38699737947522	147.94131918209675
320.08593019085095	188.49114688710048
232.71374531691396	366.9360233291881
68.30164423755	12.388390191443444
234.46982343453647	275.8524001627031
202.33072830025677	132.36029450741322
180.292674562147	30.277335642021143
118.88102187067902	64.75321923553966
53.70670519693979	229.79674348240553
227.23907337851398	53.587002448261806
238.995193911935	345.35552257016593
143.80554318444368	15.485699214246447
312.7965827590887	128.2154051364046
57.83356270031916	108.0980075030233
71.64762947726223	198.57023002983195
72.37559482205022	287.8682904965564
52.304087836816215	89.21758104576185
200.07011002036074	358.69649856902595
1.0096108904006753	21.921409615259176
403.10183472026495	104.84473508563352
341.66590117962613	223.14181267044384
395.6053337744069	197.6717817794719
383.40892597419935	59.43662425659411
119.21489752192556	182.54460548262787
186.75899670082248	54.2253439063611
92.54531844879946	90.13303783435482
401.3748693130128	125.93359344263314
5.0166779559248775	369.60525813865945
5.627015752761674	53.64389840645191
198.17668822530652	73.40531473750015
376.2348163647567	201.78943600806
316.7021666818623	257.60871225563557
1.698292767823318	304.4803016984657
400.49321326158	218.19280283554568
