284.86060430692226	340.9741994202151
187.60063946639062	384.88182237306546
65.15316227215905	406.11930501822377
268.66394065693373	321.6964904841908
264.301655294307	269.2931335843321
111.19027915064437	269.6114440861398
251.86356016547614	284.37143324844504
334.515612346705	12.080734021318408
158.6874880176278	11.18236085296107
385.53974093795443	71.36340080509606
59.38105127363013	104.1981011586833
213.01463607914246	293.07715301879824
315.2221662399511	287.40996691627674
2.376465731281312	234.37385442227804
225.03764867903604	104.01861970720252
177.40243799928186	313.7157725298593
276.068742983147	6.824478480745184
377.67824505569564	397.5839735705637
103.81883371372257	313.85174068886397
299.8060345164703	132.1463666462617
185.13260863070659	363.6457177339814
306.0262867792264	334.0416335017518
194.94588964101484	302.151181068356
2.689169249101314	329.0821359692854
244.14652099028422	110.12660011422231
281.65100099420005	406.67226970654696
310.24133752314555	200.47788816861947
408.2829415376224	378.72135730412384
81.56098723415423	392.17479209971634
4.431081071326461	86.95773140162235
233.156271277747	318.52065910082064
70.08256587894662	374.19898405731266
38.66552851224629	403.5429350676582
95.32186526770258	64.36920927237685
80.10366339242309	26.232356730146897
321.9729901554071	345.52831654589295
6.7096791726906195	15.6992103929058
270.5282383758449	139.43925362202927
240.4377102259656	222.92914650145835
181.76398026216646	253.99957470899918
352.0172112385312	191.90370014870962
144.79712587418302	155.46931035264893
406.0257449394489	0.26895241860736885
65.48691825190268	143.49380143088723
202.77306287393858	44.432341138687136
180.44154182059063	336.0558007943044
283.0657398765416	239.5628511729528
253.98266442985167	306.6281608089923
116.08910024670206	88.77802347208663
78.3772483414259	250.0823257933565
334.8748725792119	390.4446695429991
171.4128220139326	225.20843816698135
67.6676558998656	85.19668550432112
272.84493221658977	179.00223909841367
397.0784870364202	324.21517872667965
10.369285737934613	173.32809794705017
382.42396510805185	138.074037793175
151.87787176752843	87.10464633291666
367.0393113885807	377.4080127004467
167.3508775998166	48.56394799913715
111.02435423099458	218.0681646437636
400.57549585483986	115.77091513789014
56.96610552639818	211.0696691299399
91.70135272467388	212.45364906436663
44.76627814679059	89.68037686444606
418.88248380553176	153.06029835025493
25.27908041641217	185.99092653831923
74.9335566259781	225.48992960463906
262.68266854261094	101.21981611989547
135.7057441039512	99.31297893332138
144.8180463708763	206.16538405337587
236.73922506592106	247.48886444638111
187.53261359440754	56.65325816853967
352.5541901205239	327.2078778104499
231.93451911134022	150.97203673962332
81.90810606708315	178.74744525968697
104.9100994525916	340.057786912473
97.66373074761307	283.7206996139861
183.93371281932875	85.81396168495351
250.245614384728	328.1622042623823
389.35075261493535	174.35148054508852
4.762724315434365	414.9489344882775
27.803000592387406	329.39853687189554
225.48221852146688	393.25302274730944
217.52507457681975	165.24020364176155
402.4605050310551	19.729903741115034
125.38593899767184	346.8730466570236
24.9301242771444	95.18191207154318
374.5597656962211	314.36840581935706
37.15429247976678	247.16253636246887
349.6584017185816	164.05638091283433
135.8378677918154	120.0334672572701
168.61788601792335	99.01325312500822
217.46329737766044	240.11198619653575
359.93188717433526	223.80607043760608
354.3366624802264	394.1335391078554
81.73517237200677	270.0766101772183
114.7653341269481	186.03745663852447
47.886185411455685	293.6394483984033
396.12298811644473	270.0249325137734
333.7831235793761	199.56245923512517
320.07201685625034	26.03631445472883
0.8496402947251217	269.7919920494921
115.12495950828962	68.8864161289312
103.36786209830834	28.967809854803768
166.48700429862726	270.8385532597713
50.280926208077105	50.68765699586376
243.08334464640012	87.54159152835925
234.3861276511512	298.08399906759695
221.54742128130886	84.41434131137248
175.52027400220504	150.29787587553477
368.14967103265775	122.50463509302625
178.2718852306194	8.956105505861585
366.93264704552917	1.933686991888831
381.3405176394413	107.86866472737239
387.8873677441197	251.3257373067296
350.8805269060604	306.78312022198986
293.7333407648299	38.996850225414605
75.21134435788696	122.80928520294023
277.76603753355084	220.5717506081313
223.81055963160327	183.99142772085617
53.471295239238515	313.03439319869767
237.06605154288533	21.90381720862732
75.84809763688894	199.65963730676535
402.560964729324	233.5975965073376
185.88636149034357	193.83243274811153
327.0180387695551	119.91869964829466
355.18173670152447	48.22416973278324
301.1417554459453	66.43184276194974
52.34566462121222	190.77607559817892
347.5576431204089	375.5734419379409
149.30738938872145	282.33420101321354
367.77850143510716	179.99419909418688
88.83708440098601	327.5228300618976
382.2606214183902	17.55924717726037
385.8318565412932	415.2899858599317
146.63979953122168	45.80502761427083
299.51902674007255	250.84857293479314
290.49555752456155	320.25161167497885
296.31697511530626	214.8108009371712
300.50204315326613	273.22046137184327
281.8117453212117	284.07294875381837
222.17917871101756	260.2575822610631
260.0657531162359	229.80427432519718
391.860955283485	305.52515836044074
410.97712560511786	310.1871289000901
341.87892541291257	145.9531440127658
39.691955384228976	110.26518650865756
128.14999045449707	279.51130839652626
165.74001793402303	371.0038119883729
362.19555391497533	69.8812689221344
122.0073491302213	411.86820305206516
169.82255804157356	120.87000731553017
185.544586521203	132.2663032129924
276.85413498372975	303.2176107507867
1.6905608045544043	124.62537595091406
41.06674999660217	267.00041710184246
90.57114353152556	374.3194002969705
169.2974569973817	183.7596431498652
102.79044385401346	401.93028559268936
282.181541405867	80.31747972873377
262.44645789782624	81.3437292088335
172.4411614256228	69.38216875904831
271.3861142080919	159.5443004102279
247.64587237148254	137.8072681057473
328.8298337275116	366.8424043087642
5.722556017369529	289.7272741995902
260.6235325030813	412.74994671852494
282.63856655229574	60.09542958695155
164.46215001127067	206.00027592012887
219.837220121913	411.86615218955285
398.0745256333218	56.17107772827594
128.21574225065413	372.40569403838174
92.92032540320089	232.9511209842977
330.3916300221431	89.35092960684781
142.5204760507653	337.40197836032684
399.36306569874006	399.5259265959934
89.45870011231244	44.57755316610299
210.8624036701666	138.42456007631398
34.249621399119334	203.95124737660805
338.8409823178256	31.342525565447982
339.64037620361705	220.09383899638618
205.75808779175108	375.5696135026289
70.27177073155957	6.680915202692618
288.3031991099585	148.53933570300046
205.82949995513786	224.1563157676617
71.94512124183618	63.37215858151857
221.15177479421249	55.5289336917305
350.2135417372877	85.3778426266502
152.9867974569497	110.88210713459858
341.598992968742	105.66662022062954
206.19513698021854	119.42053392935492
113.12922597662576	295.62737686509297
159.23135210954536	30.750150654335446
374.91987191489636	54.73379443807383
409.5083581940618	343.4880323108827
96.7132402438843	193.06976238034048
318.1649059693748	263.9301032233412
331.74172764834697	301.1403166870989
305.7739563962375	232.19831444147283
40.45237726474384	222.60366621273445
290.39996329105617	168.21876050748435
100.88959441719706	9.533129659768074
259.23236365898083	250.41639769110026
130.8070496430319	57.31244389629369
117.76548165220676	155.1863630031097
237.9414327387466	198.56860618790088
148.87125826526088	260.4371603996552
200.9202891785834	72.63450506080271
34.32598189947769	66.44377929611555
368.60936980855007	204.81148654101324
278.46580649088787	26.14703291943915
20.615304543897235	271.78420703809246
121.85238122946191	11.46310946606451
179.31203038710697	33.02748690285545
243.80067077052612	401.36478298639156
355.5727871244865	266.61122227311324
33.52568876007203	129.91044838907527
21.141462865804854	29.956595521455228
199.5047430682548	154.936309228712
229.0478779162175	126.82229388303573
181.3014463907061	409.1416649770386
183.64604741394805	168.55889896713558
116.18668981431837	238.14243926371674
57.00713236509505	234.06824748378838
282.87977390437544	263.11088948565606
83.88453325561385	353.0366333187242
410.2072632955618	171.0305681138369
384.1193265052217	193.04966700787003
285.7718531790529	99.41557118857925
133.65320006076976	79.42038218497801
63.09573369241382	355.99764353317084
154.63862879207122	301.33702986011696
27.49088673211849	290.59840829133213
96.35753441566362	145.9637652643523
132.14875587550694	222.20132570260643
342.3019816348131	66.7580961682238
53.642009994750765	71.57584116212013
205.40932218134043	395.6155961481421
31.33142535878019	384.9799415771001
205.94656195274067	273.4266917344511
398.17210530597595	361.09031023534413
378.23046457540244	359.64716949971233
96.65003215769896	121.79979987861968
283.90329094149376	387.3659093117525
282.28425117953543	120.5927809144694
331.9137234147483	322.4122075611008
101.81848658754174	168.37376298767236
310.9743982032065	49.42732158867319
188.44292784064973	214.93312816561266
407.6190196514943	75.7432919917478
216.88461763396583	14.006798264629332
88.8586343402441	301.2371264725753
370.60163034389495	335.28393802857175
256.42935108648567	210.25736692428782
87.57249458364615	82.14352992817577
223.0901147844564	36.18117959327659
234.9723049519149	69.3256396181655
201.272275815051	254.01325711102712
398.1220364607211	154.7962540596606
322.95058954540497	69.10872532446474
327.09825961066537	160.47894795276682
306.5101499594331	156.41837662415088
126.57037386023363	392.08305062418884
58.06173400624201	256.8371903378381
418.50746593030016	395.42549494050917
372.0267925808561	34.513571402169724
261.0955349487666	368.71714704571724
194.97985738654486	322.80350142014856
17.890421879980394	400.4601570341169
308.25519302715895	113.15635258756535
336.67753323820347	256.8436581455101
212.1292063495825	313.76487876617426
124.28693291955877	203.48117617462108
256.90125327809255	190.80295868365428
304.68748487470884	354.2860413603283
329.4561243582733	409.7704569504134
0.6884279407823466	54.41847244502059
206.67197873859098	201.65859012273293
5.6110855043677805	195.8537940824707
367.8647148701497	249.80868371298754
407.9589739194237	209.93877405351904
134.9202174589083	299.2243662877738
198.66037393725028	24.065646992839174
147.8471471673656	380.34945510133997
41.51384613214105	173.86256639923764
48.514759900038236	370.206998179963
45.61244343364647	145.3355172953055
16.505878609028077	139.43905761197698
131.95199340083292	139.50309930358318
386.6979663386631	215.4700296524131
22.045157753116364	232.65383546152202
341.9364912961896	284.20486879465693
387.67257425916677	380.053137712696
108.48011090113319	48.38567294935279
416.9122347225712	104.92118485763888
104.44779830332061	360.58657430196706
150.93968586822945	66.43794443673328
13.969590283286552	70.07752803425946
384.4173553013829	287.5453517998716
84.0800925320594	412.06982867421806
157.89245516066967	139.99496804101636
355.07248311504225	20.707104804239872
244.12267539007155	381.94584022139804
127.92761293735339	31.873288418723845
200.13102532678556	343.5848247974247
10.549471448772904	378.6885005417719
128.85307244444988	257.86426305130277
257.43547372193365	12.995608296926966
222.92685237904405	212.72468991942324
40.30417543827621	32.82763697379011
8.799987612634244	215.1374593569306
358.0654349350207	359.086958992707
336.39189933140693	178.2106461009139
149.53134047759218	183.59182467548382
20.667574929725507	114.23888615099335
161.3960806257528	328.15873267329806
16.67774784223759	345.7895247775366
109.74193269928523	381.39405731687776
58.37838935396267	161.6127064678542
310.43042028684806	178.27972206599114
186.43994708981876	109.8662094653203
160.57631958918307	411.7498681706617
296.02775515019823	300.29818935799835
315.70639954351634	381.38371751464985
347.3614792660258	240.03328404863203
375.2702314876397	270.1064780359065
52.266490068664496	334.2017894197732
417.327208873445	34.165713273780696
378.37170002780323	233.40700101645254
348.3034169835341	414.9974608639165
362.123175320421	141.3336847406267
185.51488872047486	274.85983386341684
200.86731528120043	180.87840906714405
79.35484252411071	101.9844733848522
295.6242243604284	371.57823011163174
20.539890728467174	50.98414334698941
362.7999542538294	285.42223567237295
270.7404042868474	44.14493971961208
71.44521026181114	337.44279604619
260.36595819375697	121.88242888103214
256.5644309812383	58.42272685620152
227.7041833125607	279.88835207880095
319.91791928229827	217.5025289927652
239.09030970342275	0.2673515936506239
80.46488961718262	159.41072457974965
198.40650019460654	0.3914567446030989
373.323746470886	159.342954047046
118.25956820948103	108.11616361853164
69.33046083680313	44.04565918276065
141.903517859798	0.8241109642363766
296.5066762645529	419.56157076767045
38.081733651843535	349.2240628557871
408.1264823513086	253.58661316510174
251.71677020031257	158.26257733394462
278.62032432491253	359.9288344921599
314.4057747419745	313.2218735988894
53.971720369749214	126.94247093999917
99.82843878106479	99.91816245995591
404.92352630297853	135.86194865126006
291.97204392399567	188.26702797077928
143.27402411321148	317.48746718575046
330.992668957371	49.09052457043023
163.2427121819473	245.43203896095403
25.555982694716832	158.0242187822909
116.46023432936265	127.70579202215623
315.1419333486235	6.858742888205665
275.48901607553927	198.6120046226256
302.8986495412439	87.13055738921791
298.18410866125475	19.346660568329337
392.13438622940623	37.52602231837943
70.69454948067249	292.86543200302845
121.77222771900476	323.52100695976515
243.45692333049138	360.71910741011084
262.47847245229514	388.6050585195468
346.0425889103243	126.43013906148174
168.4278672881667	392.8997687453992
72.86604759771235	314.9703560561491
325.2114480224214	236.69817608267144
58.77227183258765	276.61605312231836
254.56511807027658	33.14625388721426
403.31802309529394	190.4737071386911
418.76154296273086	360.6534294690316
245.16108243664937	266.19718316497824
167.99065399700848	351.3405556218149
12.632251370899459	311.4710100475498
98.19184369793848	251.9170011526618
171.54016375359598	291.86626027330595
16.58157022275809	251.53414655306273
203.34968942303541	97.10478681917134
144.24189510123495	401.1215545919082
53.75196071570232	390.1693516424578
236.24496093480465	342.3364375081068
406.09419152237115	289.44997340510093
162.65370798947623	165.27792025013258
217.67218476256573	354.21865737416636
29.188849767856347	4.483642185263871
34.05689448614064	310.6399293805218
239.21308236980073	48.40019520780622
322.4146279350947	139.06838829830937
397.27091127088033	93.96304651898089
341.53951060838614	346.8387841839862
389.6577952173136	343.25744062579827
361.5012615251348	103.2859372540814
375.3291546747092	88.40067850177282
48.70763526453455	4.297102371111778
60.12624480649041	24.48149055259215
25.27437471891151	365.93111845415524
242.79176174143555	177.1797938543643
260.67136163337295	346.5296772567987
218.29641853975426	333.9224301686441
146.4594922095119	359.7163012379457
188.49367828300484	234.97451549075004
142.28467932380988	241.9243260543996
151.9123447801937	224.55805298587032
132.11694294210116	172.37600597426248
227.01384915693606	371.31140780960044
304.93917140792297	401.52059680583113
