121.70354445968492	379.506215735626
386.81379659627146	320.35043689664826
143.84824245130764	92.25108411975927
319.85183917696776	361.1842781111221
62.610030886951144	135.19217746383782
252.1312509737671	245.67174633799337
122.28693272851339	10.769611913751138
291.7322293868506	355.2435509081772
226.1128451272737	142.51445888984975
214.53395566941953	214.36483916398583
309.54718363413207	345.5665941616672
344.11640113920396	41.73557826941144
356.1755395251159	184.8816798418739
240.465100350197	294.2846768214915
119.92222285196952	57.439127557845886
299.844497295507	90.39174590500507
359.0250538124242	1.558349460446274
361.5675312285288	293.0045031530236
180.97819184083636	288.23902294611145
418.9071765386809	122.26493859072993
138.756587052768	217.9923458745277
178.41894260399275	136.75742211230616
71.30699829449743	240.81669742793227
83.0135950356837	36.35456463369603
173.49348535335474	369.98164623418205
15.919805492654355	389.229053056531
88.40630678248462	203.7686644049353
3.37390628128082	288.71989749458965
417.01749021601245	413.1646065148154
258.422060612715	168.9106439042844
13.879574724797914	148.66371661778615
341.72834774300844	347.1148792705176
330.42599166216513	249.4649031145182
91.44977391006444	16.38494124093448
63.37395314389092	410.9461895553749
333.3399648626328	409.87652124091306
317.110249997799	237.02116148170117
44.43865576481243	417.67580434608857
83.25755037932983	142.6312326252292
55.82565110052142	213.11072445910804
382.2713614058768	189.60605449256332
20.95229016085371	291.19627465955995
223.47946457610135	303.08178069017396
222.02808682831932	417.77901177850185
206.84651889705472	59.77180263155278
410.8158920534572	28.049331000345063
361.7690342190194	87.79226134306451
193.00328236072588	94.2053744316267
359.4983840084734	341.28680382880304
280.9434560224669	46.010952386823085
32.22864064920683	219.38735136713626
82.18302796425263	305.55197361909114
250.9828071658135	224.0250993554946
194.28321047216556	373.4773584348114
216.73509067779509	394.8400951046073
393.6878513947098	258.94198424617423
272.11947164472156	407.0973427575097
112.14554827438506	285.14934248270663
33.54196288586933	245.14641803322755
395.3958356201815	166.16440198070737
60.150197965464464	80.99548563984958
92.90306410240173	160.08121585353064
217.52909617014836	194.1358016546459
261.75226198511655	308.960155114507
15.499996273032156	412.5405561634852
35.14950286739791	306.1313078655618
325.0157285288098	269.5179423196334
35.332976790363126	32.16876967471715
419.6301432640028	325.09203783895083
392.0608366324638	392.51392988452784
15.797410171246796	29.241216521803317
281.036310418392	251.3133384458442
223.5213877496811	372.8662088353285
89.56510832274124	407.5733547929891
79.30489178705696	1.6165342732092942
237.1738663463757	112.77839511875902
150.0764036102917	274.4181734698706
1.7794724000296902	268.725479496789
344.08794014957743	119.90053663132969
17.85369244046308	308.9410403054983
328.544808436249	139.8512949748264
289.8633761969008	384.5405541384978
231.64463688464437	88.40939954042636
308.9605981068157	277.8250473669208
154.77869019772888	121.59775338440531
56.78710389366224	253.0210304556945
350.23325658266543	242.78394281824626
79.63454360968498	347.1362424171951
278.34975151133085	159.89704983687076
335.146324045145	326.1891472885124
396.89259385105834	42.378009335444794
165.9936023130129	246.63943472911538
56.098483571972366	271.73551658037445
264.7756970600414	366.37043128618814
386.27461061195226	113.20737988167286
7.348518644793265	184.47093752610235
107.50551389001103	25.199303434422934
167.66289634885865	302.6294586140384
115.67174928564651	341.7511749212214
12.204014686422763	166.83322321113522
395.30109863394154	5.32483193946889
332.3632152827913	387.4231640113025
380.5061606682258	130.913723727774
30.75176759698075	157.00970407070204
419.4641072774509	237.99260548089444
63.44529360963763	311.3343808565513
195.62493661583937	227.02727785721865
218.8903471341125	75.35018214152156
177.5525447114431	191.76704833830362
20.87181838629307	11.142201448707642
198.60032488023884	249.28145639516384
284.7112782895065	228.69526618887784
61.95639333437305	376.9240190437303
348.1831048926655	74.9659533541706
222.83785920817044	174.66506490753434
365.910859488168	396.7091751343599
360.852739417166	272.38752910842953
187.89130146256704	155.67578292831496
404.4399364334847	278.5619056202963
293.5338183569956	151.20944748684806
73.93922007272464	216.54457082548961
85.84396329952874	364.22668120469444
376.7605061474359	226.4896192055561
166.4955704388893	155.006173265771
109.04855707966446	264.89567241323925
233.59574369419875	158.55981525705772
51.34620022829112	342.8534743116874
405.13813289900764	335.58045306655066
38.36745738271456	177.36574805613745
373.44205017755695	32.711963962996506
148.461324872666	63.35588503690472
216.07664006995898	337.38222694255404
347.9175902884055	399.69873397729157
241.3025302418777	188.6480377646032
67.07312073531101	175.5520732116267
278.9510703312746	318.9982987389218
145.11586016149	179.0714933864186
212.7991331368576	154.64512991480007
32.304981701058104	343.0379851299088
374.9431864690217	261.3547454097506
269.8400371668859	142.06546416128185
218.79464082248995	268.9759969773858
197.77145383814366	208.63845048744477
261.0235305725856	1.535617158818448
348.6010815666623	310.5934623288579
126.3014339794868	205.743039185264
51.6770553676668	164.60579257085908
360.9935471766678	111.09274518484511
16.07400378630803	82.27694869904789
81.50107120371953	55.81103894081135
103.51789548605775	188.1083993618674
16.7634954088498	329.20468666742863
401.9076532955798	75.0678489577708
413.80346860547695	169.03406045583645
290.79805291324453	279.9634931931895
155.17437571627863	44.34600708004916
290.4432748876937	74.83601619047481
395.7193629012429	91.32281542192452
274.7423700056815	269.8433537437245
274.6242980766725	351.51564809691666
413.8388953346185	393.9261704108755
137.4147693052987	297.99064962548016
170.3325356945176	113.87441127533256
79.66859576097517	390.1337900335196
142.29105655951497	407.99459642665647
352.3698727979975	167.45115666710504
211.48792591148614	17.445335458253595
136.58637515427694	345.5416509439331
400.70087604000634	185.64515608396172
284.2023837183013	208.60314939195285
179.38732783850767	213.98896982440777
32.87278989718993	399.47130490977185
314.5073908463879	408.3903772887601
42.27182861706008	128.83964902597836
262.966132093261	105.80222852860986
338.6953363962676	367.73580496259
76.01638477072864	73.08581853584282
158.2156028346128	80.75096737122473
364.03303405583176	51.34688636032182
44.640095775815055	324.58669168720377
387.13757185275625	240.42056683514116
71.317839364318	22.63231949998872
198.73680667363425	38.89130599686415
313.2117412361786	24.926063215738125
328.1005719567374	34.707387212874806
179.3760676239435	235.458203802952
379.7416928877671	409.84315214818594
414.4853293911221	143.4961098036647
123.86315286735915	253.9040712540507
95.54535016632067	122.677933958013
34.91529616082286	109.65667880549901
77.54334271167963	122.82398264597396
66.79730014127009	359.045160310044
296.67030179032207	33.8729412371604
233.48034372093224	387.78730377466155
238.351489904996	411.2453558843179
162.41868598178644	173.91760609532616
369.637653373867	242.7369353597105
356.74874190486776	206.26811707244505
339.7274096657761	201.91863581765017
190.0232232981206	0.35037815681432205
167.38262450106026	346.50498374628984
206.56619407915704	313.47767504597545
356.4878708270199	26.723105036534154
89.88987710360325	279.2154642490471
266.4677238750631	234.27625184094967
106.46635285661735	413.35770450846303
248.66053664347044	127.59067428149096
295.45221804762286	193.21588962119364
182.57768694137434	78.3051100349315
354.01403410895784	383.07652971764304
12.162110637193114	207.8037956490183
25.62817329442311	363.8494549972765
262.5168936070931	35.4441928420024
341.54678155930054	280.2190237119895
21.865140459458445	127.75284810546509
9.348372358617977	60.07199148106581
273.92618397103	177.865019819457
35.827623440089255	264.06240082780073
47.01081149755439	58.37389928944906
400.1518237828717	408.4013531540781
120.61294584518875	306.2136200763108
348.0221017020832	99.00790570601578
115.01992108590797	323.8612356480772
57.07434034888774	394.3596961705819
255.45668795831023	18.203540575692795
368.7208952114478	150.0199396719245
182.3334497065848	28.070182121421073
404.23141362663307	296.3575456366748
92.40973511175677	256.4056886086772
102.2868839480415	376.41015970152955
45.449270745075985	145.93381180892476
152.46860709023167	7.433493970657504
17.000494444129497	230.14163072021293
11.443265259050134	103.37463857187599
227.85351191446435	321.1199743577547
304.2734148361797	309.9649244758351
282.856466267342	22.64087701438564
314.1483479372808	328.3659764340746
385.83389247004027	298.17574112264043
234.8313546893909	213.78244062827767
295.8427738801839	133.9672973060508
114.13477631197202	153.07993303433784
103.49372503459851	395.2736868830505
311.53315602455945	150.88479495220258
199.29672973695415	271.4734885288437
112.03528789172185	171.29075387592312
65.68336272778335	152.6282898762467
120.17292945453117	223.572918518405
141.7243605883151	197.02116156342507
341.2758893210618	152.38609082910173
374.7457489217007	364.38758784005523
60.087701791028174	98.74726156634041
179.27060641201692	260.3733409606858
131.60531675674525	276.5144239408758
277.20539747947475	95.09852641780667
49.00068520383272	287.65910199984336
148.28489576610957	139.28387990935346
294.60130990159917	405.254868170433
14.342721968802667	253.33325945401035
259.5623214432344	187.7273430113632
344.25515468495246	11.236515440776232
252.13085915740353	333.87954989961537
188.75908260435162	324.1755944933223
393.45554203332136	352.0698057153587
106.46841385711176	238.16374163435324
296.906587043146	241.073905942069
310.9129388095061	76.0967871526289
355.57846850709774	358.36147857732794
108.92326644319974	94.62179842631046
410.9997325641699	254.86765174470364
161.04556570487242	27.765044971139417
249.80240985104808	397.03352172926
409.38755204473733	374.54509551672845
157.62977669141225	361.40425070653794
130.77866204155674	103.70280934578315
304.2396428503184	371.9040009059264
200.514879089121	168.98506577022516
192.88033559288525	301.7790045476031
338.6515444574935	60.202234107805715
116.81134327271968	114.01662923378574
39.18089962839846	14.914086696615028
28.08964707830718	67.72030898865023
373.8897089640598	170.71253994964056
39.92020706634064	382.8222667100585
13.773921903425203	350.3485070546554
212.54662057958546	233.17881483908207
247.25051366204832	97.19627209767079
376.7993186818085	344.64319545380846
319.74975289381626	57.78783379866876
19.328291336308347	273.4870129991336
99.87812383875453	313.3163097849439
325.07864706397436	218.6168862737198
250.2223344746678	77.74726835563766
308.3123864047584	391.0443450171438
172.80282932454102	4.201271657978194
292.9633051180644	174.6866790323682
65.7746576397664	44.143107641699295
342.86081915657735	262.6966080753572
403.7430833118671	314.64546236661033
27.432929133311003	49.64080672329032
393.4859014144461	146.62062382871733
203.95441308505616	110.65341748586724
295.19537392178916	261.83979832880925
245.7596728311015	317.3913320538599
373.91768404622763	14.65757009892026
97.72106321196712	221.85024000856998
121.05682943659136	135.3863104178796
147.76581728371178	256.2483576011116
327.6106027879523	107.07766908630838
139.96946961957642	155.21360655160834
380.44608430875655	280.65441878459757
370.94559862166346	327.8003466972706
200.6243110860371	404.8041334636425
416.73420576598073	218.09986145966516
62.72424826867466	329.6242838637229
324.83656177691535	312.18488955035986
123.4715817245947	405.7697075041037
147.5558143702093	390.42118275774345
211.97130982267703	93.3666053471872
414.8213186035308	198.13683637229835
222.4475933215484	124.52451530466014
136.2751229810938	40.20360904428798
233.85889284186968	12.875050191704164
271.8617732992992	120.87975760545866
153.3149813075575	322.7948504427593
153.65731317211834	228.17208088429172
255.03722082182048	59.14939050775735
376.9709014799024	96.5079968672905
51.66820694881148	190.78109058122723
47.23858427426926	362.9288051869488
370.90876070717235	309.05474653326087
158.6135585599672	191.05877052443432
72.8612529727731	259.55655166941773
392.7465528813023	23.687465353392056
109.22253492297604	359.0292527431868
97.06961265042904	47.100130316816
199.88106481008958	190.1663689786905
88.59100746897661	238.90353538619914
415.2009148432588	352.84843285673793
178.03799075563296	390.4984533859954
183.31754246303908	172.9108217427532
191.49136167633236	125.16054278771067
302.4863815540688	222.76886333909115
288.5264878316767	298.69680108899996
135.82754673118433	316.34181211422583
308.31782233639353	105.97486007443484
53.084365909736185	27.33848019316497
215.83147529690052	287.0609490835325
84.73039460392846	326.99224625835285
392.12574165749004	369.3894334891918
189.62813050299212	350.46604647986726
413.23281643572176	90.36164543988848
256.62148801790306	267.71679173162886
249.661847048776	204.5000649166708
94.09552247206676	67.76847526543015
354.0918258542731	134.49781408354124
169.8431948193488	61.238194895166025
134.21251930707774	74.00848660506135
310.1939387783135	178.1495947872463
291.72673742861514	116.36356988689208
336.0855840707194	297.51168256082633
169.53836972477538	94.37107717596778
28.78614770470213	201.1647905056969
337.6799326374383	184.07956207229932
108.55843491229967	204.98125699327898
267.39413333879475	390.26128330403446
311.08676517740673	207.37060793286045
100.59130368665664	141.46760308346666
299.7405108328446	58.89088623113496
372.87700363218926	69.3006463896649
155.5045770399676	209.38462118826317
216.52323597712856	43.764474715231486
169.3878203380723	275.0255216475138
326.0566729560416	6.880046272465868
236.73184851256684	236.2489532243693
269.45996233883324	72.46985314989395
135.05117762002672	237.0624650630489
287.5460538289593	3.4035794407321944
237.77850487663602	31.591885828687953
94.18901306961041	105.2041497054412
85.43302419475842	179.1641480708786
222.90485680134316	250.88057749054119
136.97774168511074	368.54118563368536
243.74486835214344	144.37399299560423
323.5387757896362	195.0636481089318
242.79365694275066	364.99173987306114
59.30958566249896	9.678639355902021
236.35326648524858	275.7435535230993
206.44450717798853	138.10727283021808
176.67448714974	44.85231226250509
111.28080640821065	72.93938270119044
47.338329082720946	230.1881160884338
231.94434903724252	57.5020041697238
234.6909691899218	338.296639540915
140.66197344913232	23.398207503308367
313.38546295211853	124.87818858003709
51.992707155950214	114.28241055753219
71.15288981351152	198.34259830752177
72.30301796763014	283.2329936272009
43.147773772149144	76.78659819390799
211.50453109829417	359.2927817449944
419.5160251865241	11.264609369217256
405.3311144608195	107.52185182914744
345.8227642871205	225.1843510012507
394.92835085482375	206.06094913917832
387.15166698539736	58.31878802822392
127.79320231137477	183.39240237007814
188.43823352500982	58.89170214083898
78.96829179336113	96.40686965988203
401.29873750265347	130.0167121032644
7.208492898222221	373.307695315877
415.2143550382836	45.07634622377114
200.56792045676798	78.08377183812681
374.0697993102693	208.94285154465908
312.75952838664557	255.67286577246276
419.3543562347687	306.0073013206234
396.60108997085115	224.7166164059956
