218.5319932453667	64.988833468437
407.8307919810704	398.1792974619426
369.8547349324988	225.0326500816686
354.69426208456804	331.08621723641
403.93088555359384	343.88265336859865
158.5558188122445	196.4059229723315
265.34241780984286	42.12888449593104
104.952385412022	378.3679156878064
180.4005456495962	325.10125317642223
382.37990464480015	72.02454078905986
316.5909749138579	55.68356345344568
232.63911711715434	158.95272257246154
379.7359308965919	102.98713133769989
219.39920658867462	21.27900558777924
396.7780024320361	20.625905838686734
132.96216168732698	51.061053730084936
34.95673391484619	141.3181278244442
338.1749774849402	179.33328451994652
249.74133823772314	235.3133799338609
16.46700730272717	171.65394979957435
162.92778962972255	21.235555406642373
4.3196161275325515	29.974038769517673
105.63954740536317	232.0980377241405
120.93077299505516	137.8465469596783
297.4240910063523	156.64498067914226
217.3501107663229	317.8546979950148
83.78050132185994	307.33077802325505
215.06800438247495	91.59848454543975
125.37429199804492	118.56968813441158
55.38947530746898	269.47488144098804
260.46189324883983	375.1112748964464
227.39776959948153	180.7676217833531
232.65688464183626	296.65048334334887
165.9139711820701	390.62031282154385
151.3328961714251	61.47924181808499
22.59013297402934	382.7866752227368
102.02401581792047	124.0094497466265
345.2534772889798	87.13318368968069
176.54217678685984	189.79933953480239
295.56844570037316	362.16034089650594
37.49279862880394	6.586643808485819
75.93888983339352	184.32359479504933
23.01149483720852	417.28122934572406
197.12874428390637	331.94941242063317
45.91198847966499	90.44730404496913
157.42927127378138	101.20884758959548
135.40948443166084	331.1063554591347
251.35107535353535	140.23726200987727
237.27892033822954	53.45266751872588
246.51020584148355	174.72609123057532
373.58706347309595	295.0945192466298
163.74562152855407	243.41258776237757
297.4761852355949	414.391903607084
139.91395344926798	23.14505021825668
88.4238145944102	287.2511397348393
175.41333422623228	50.949594945096436
2.3603056194598575	385.7632505819128
367.3044608880119	241.9869405647652
45.46458317444329	357.818638992851
415.52020893790245	90.26267587234051
51.31158368170803	287.7518092493921
88.7332930106326	235.0436845241652
207.83019223555402	346.94197580710454
243.9922362000874	12.621428961052406
276.78058031586664	195.7934562125941
163.61521199179793	73.90058490452296
330.6636291954377	216.0644071165656
327.5790123155242	248.88527224237495
191.8504778794932	206.52360848798688
402.04682222735516	222.90360911502304
82.06553822757152	11.741605874741369
207.92785596178993	187.3557502500426
254.1685855945081	301.7122174343844
85.28306330329576	135.61874095101513
378.06871373648784	371.2863192264285
340.9511023175833	70.61344507925361
25.966000767789595	28.945156817611853
406.0232241919461	241.97793452712375
77.88382573506084	392.1716439994612
297.90489286496563	335.1419110218805
37.477051041873935	182.42708990005738
206.66806335237877	270.9338640050717
229.66648481276437	239.93241650936122
76.77906541446283	28.226578625427656
11.741480460430637	280.0108748441401
184.78888577429205	71.409371663096
395.95344590884713	139.33019230995424
249.824684370727	321.1383790464605
294.22069887608967	12.497432308434401
397.23845957057995	259.72507292883444
257.3602040201769	76.33395495311238
266.0279942086067	181.83749836273165
315.3947721599691	415.4362521210358
396.9673455844848	181.87618213792442
372.11005926182435	205.83366322525637
391.28264395617265	161.93209346439883
298.32959605503885	281.29623138476035
315.25641693670485	398.0696690782122
243.85845727786466	394.1716142098692
21.729957228144233	232.07379581061
162.17774980106353	157.7115759769826
324.8991696106758	127.63528512953165
385.15496353400215	37.779373140500944
77.63838335353554	260.57980587387954
65.82186220453188	300.32672617703156
268.2663226265958	215.7485168977506
98.85600534670517	317.53445234890813
191.93341129663665	44.79369648481264
332.72728688421694	411.3501237068786
360.8975231869676	106.41871528181508
225.2868397062361	277.7433966033543
119.13992018941035	23.647736689950033
259.93757287687095	20.339378575757078
360.8309783921099	44.303127423137404
213.83013059103217	297.59238992081055
253.9841172450918	252.65988265569277
200.3821215508878	15.805862072951795
294.50601735659467	198.88926232436913
319.9394966888595	80.26116743646517
264.97030212046207	271.7255089213756
16.960455987571546	138.02249219958188
163.09837376878497	350.29584283728764
181.37437697905574	284.0099403168979
241.8517822517526	122.68625336009413
110.7349032388133	408.84927194043075
416.46019326858834	132.6232771538242
419.2159723812762	355.4217339630914
380.0265087342099	260.47681729432185
255.8126109797977	112.15028241792993
209.97117510990972	383.17059425100274
182.14053783661052	107.70340802030005
351.7897894771458	1.6153756448414633
185.67456681068634	223.35322306854158
171.06410843780324	406.9631114435008
417.54845772218084	67.48439341235616
16.074315644820093	367.04379012998106
313.4391053055946	219.22794113194715
24.56779221581893	323.235315780565
114.55521440422625	66.90651307077908
283.78697413571325	390.3350881358544
72.76387889181296	243.24598474388716
369.4741069659069	408.3911490237915
135.35074817256574	150.78628912707904
244.91921777122346	337.5638060405423
141.48709818673044	190.70327063080398
384.4230309007166	390.4166902261243
319.7619003673269	31.620617966792782
195.28907605159037	314.23841069352846
361.02751076497776	277.2337369032525
273.557669011174	319.27713092859506
123.55037990034597	377.68138584407393
353.6068847323208	155.79201111737368
408.5560155277524	37.53772246002659
130.30266809204113	408.8488978024431
2.917544808820757	236.08124029037603
18.478313679973724	48.537295303849675
114.75342352610747	48.52086006785513
154.53518678646137	265.6183890170566
230.12353886744242	381.4946400460769
145.34955360582242	290.8570290924604
411.38064979773424	275.63424509522446
147.85864486571398	85.93375430030792
277.6030615526098	22.03458516756194
43.022927058273005	56.37771461344432
314.07157944571213	343.2092008725755
399.7390469079413	362.86396530154707
117.13956665235546	92.9680243270063
336.9930325865132	324.51575147047276
24.732515160485512	99.84649224011832
232.19610632617506	106.07712358125654
230.4969167139629	34.44999689760739
89.65053951342047	109.89808072969332
136.1851896212361	270.443133338043
65.11490126649534	86.0766368525151
79.76901207362668	220.57074153471055
195.3717968258936	395.0436955234243
149.76216468207306	406.4648808088224
381.80438443760886	277.66817576425717
295.3057161876345	177.9713731276672
415.56512885118644	292.49755052493134
75.92428683035551	46.03566786919901
142.407040206602	168.15872266082795
176.532656091391	303.7550344579327
94.18602245011856	41.64629112399293
266.6615327567407	95.7515695919144
135.6779276898818	250.57878616676288
30.528124503076214	200.99122148132733
10.846648586802251	155.03033099668514
331.51042081730753	98.94086031126223
271.8215937671903	413.426101401765
31.15810226933003	162.765496367111
355.9680304603308	124.71664851243645
16.832572530075126	13.32902194652216
82.99256565886303	164.72575456355466
196.02229666162378	372.01876213125934
333.6939692797409	197.39294326201386
403.3439086315273	119.24317965628279
127.54092494018937	222.74581813680436
217.79826990376216	254.48820554959636
365.60431022312474	67.88340850822428
106.80084101440309	343.10724491993534
83.06794167599776	71.34412379330304
116.2047802240548	266.20694607272003
402.63519510532643	326.8447960721582
30.930321071498618	289.0301011733589
318.2109517967918	186.32866300906463
48.16728425279142	21.300715844584975
256.58199448380344	58.199098959731195
176.46929087912463	90.61832633049396
342.0972068018881	114.83409663792446
334.73396707963957	145.24904127802452
395.11439818193514	95.6917042718179
122.29367425485565	302.5202948901085
72.61926297798324	325.8831722337631
341.91635773122874	50.06264305336354
171.7032840921682	142.1127529762632
192.91325719546407	126.18800078611369
298.7860764029355	69.85846527213073
63.33734519236755	66.13215682929402
340.4147010868453	262.2989562843793
354.01440084217717	213.40900355851343
380.6508744087595	128.62227340257832
358.12363002733645	188.6155654028979
411.01568146385705	154.1892061390123
313.48802065318614	169.6099560043819
279.01736646626694	83.75894739408282
60.81378927424057	170.43313176744266
212.2475339622152	38.49339979480123
258.7949450680068	357.1087389204589
384.0998718376136	238.17625295364945
173.58450581286095	261.1652463884529
417.8090697997922	256.76107000699307
298.4224959335095	87.86844163698072
127.80615283569706	7.155793549516397
227.97328223209664	333.8010103820138
348.71758491212785	398.36287737693857
93.5035558247782	269.9502471360947
4.132973117676201	410.66043805749933
68.71660664817513	144.76379454838886
102.67524056643309	4.688244348568766
210.79407636787292	142.2479188426753
56.827100550515055	251.59858979772451
129.5440178619344	351.1421054606702
212.87178853913989	229.94963588064692
183.3311276887102	243.3172732382827
417.1485097002173	189.04888498868826
267.05641144722995	396.72061896066054
228.56880773717637	138.87855418194735
59.2368081757645	387.96559359951465
297.49753842592435	104.8583014595482
14.591618343059858	194.2744493256707
154.34440367013013	327.578987849673
13.383153468004368	301.39682574105746
216.78373017283138	167.43478863451628
173.49603045065103	6.0497212604382
88.28194699600257	89.12675648188616
305.6676076062255	235.97143634813395
72.08461378346348	105.13966087428659
322.0698482160985	284.1614443144892
375.0693920289408	53.69776411804713
18.637470526237863	258.7199315324771
162.83511654865333	285.69082902199716
372.70890639005546	177.9969307418306
195.79660066106518	294.02108799030015
191.43287011517134	178.1965788623325
94.46893952882945	252.40786144820638
17.99991395643395	400.5348326311604
98.92597808557272	24.761507457632018
164.69539301984076	177.01644269248197
180.8494643916207	342.1806605270823
252.8852352739478	157.36463069624264
290.0474626630883	307.1666360769345
360.87623995626325	23.766384817181223
185.40735758719208	152.1890763187579
51.93070742608256	108.71011358397512
282.81352593482444	345.3147783542048
9.185227321530054	215.33293782100222
204.48978578229978	109.08831291240503
172.5347945443632	207.34392424626324
343.32856838307714	231.55826426041364
63.2074293725678	6.127416738277667
17.422670557859796	346.56526707270154
54.540685596090384	43.43134508808217
179.4833576820873	360.91184565410856
122.60095517969326	173.37850597808463
284.9264100388173	266.6224488849964
369.8401310506057	8.565887703440717
56.1745953925879	187.80246971917703
230.49096533130023	406.87318690763516
43.872732356399595	398.6786663035832
221.91720520875208	4.427573055179313
37.012808415067	123.35731632059866
1.9549317635320171	110.08304904947542
42.040053326298306	311.0226251972275
361.4206919312963	259.48762229567456
48.4319376143828	157.19371675847205
263.9141347221345	128.7365141470236
151.00434838750974	378.96236236761627
203.78594988722367	78.4897626808449
339.9323339379426	282.2447810344207
248.01265857129516	34.265915287193245
354.021410557367	292.75304517237527
418.7548800786565	6.984025589956202
348.38553834503006	376.15298360577737
382.0006021880379	346.3865627070582
300.03879270538624	257.0356371576776
151.6293529927502	5.424088712041989
301.494803194956	132.17429006132673
103.23208498403233	141.52139608897656
53.74992475254894	127.35590704103866
363.954770581409	140.619140598292
388.0879409110873	5.975510634234673
179.44876323779926	378.2861989957388
318.25726712455844	13.445079834804332
49.38294305513911	327.03452068936565
110.32225176168858	210.29559989089879
235.51105383763024	256.30523108906635
302.6287228693323	380.10205648384346
37.75565126008576	273.05580616979313
213.2150097194034	400.9641230020942
301.56079349413636	46.28785763287872
238.47374700254997	360.353148257585
402.46927483396394	75.50010439261227
281.82880272946596	238.19490407821309
236.72481371295945	76.10124545336505
294.91502964146383	222.29305294759175
36.688545661163225	74.37162701769975
249.96796720220144	209.788894550956
306.98230718722675	304.95087435065136
146.17672280442991	355.35576559830974
142.79156978340637	231.38393045909396
39.38046098763707	246.41599150374896
130.49527326724515	76.20396891764625
248.9809153801291	284.3835616768489
392.9890117647752	294.14176797726094
371.80493630465196	327.14017938870234
92.0979213209051	334.3802005680799
203.3269683836782	244.67688776524312
37.162432028752775	341.9081195812556
342.7405263608938	31.821005085664257
96.39274463820728	398.6195236815665
337.86397009675744	303.2742903365718
269.2651301096435	147.7160968636781
85.41368396193542	370.6846243282947
376.9342844386983	152.71739689217907
387.1981354114366	407.91317587038594
40.31306215334521	374.3646534727823
397.38726663991645	52.52294559514649
147.06463289389572	138.36230883359974
404.6891540344974	415.7901792278336
12.94484911355615	86.44237209651764
336.9359982651025	361.0650833178954
285.901314006778	55.3672585105453
106.62867192605336	107.02409789683577
61.42886436271511	340.10504326903384
205.65373745153462	416.6615345019537
160.5948152997914	310.76955659117215
318.1307957022347	324.9066698882722
119.27253533003355	194.1898188646243
229.04054952464358	221.10796656248795
335.6563631815866	342.8603487733905
68.15904397092173	200.84156529069563
60.00311188205938	231.67946619883995
201.25732731723184	158.85545291411506
71.76196597137749	283.40672734615833
281.48226203503606	163.47133002349688
249.65993398438806	192.2300158786551
19.280263383403454	65.96059094799965
72.15036988954155	123.29237790968395
246.77902690707296	90.92507300709258
314.7128631529555	101.915414285283
143.98313820684425	121.21364731883835
36.911956124598376	218.57185424327764
139.58965070340176	312.8009383127154
67.23084908032963	408.7949193651218
101.07088869977939	299.87615263716873
125.10873072160236	285.2843869646185
103.67134512558994	360.08420791590964
208.7347933044675	211.23247394631386
100.33958801642194	182.12404409637168
188.8998557707311	412.5237587989884
119.16384418960762	319.36281195886505
272.3796620448064	66.03095406672608
316.42338014963605	362.9012887427978
406.71725608821066	378.4159117388294
155.62423601052217	213.32093459836358
193.76084917510764	259.5836022562532
283.67638706730276	130.49532036185417
365.49822692757243	384.9123291495349
66.34984636653793	367.69080942746854
49.58704278113141	205.61241017148592
414.615246241164	171.8284988848681
337.20084994277966	11.224051746605292
359.8558875045303	310.72701642526266
366.4140269232302	87.21784948635383
391.061195705139	209.87659691777307
94.50688228709949	202.89603218194657
106.16190851461116	164.14185892121193
107.50419911958993	283.35543373336304
186.14301680130322	26.869946186215515
50.19919845601003	414.83029308785484
137.00007821393913	104.69862535891919
385.82475190250517	310.2770020171409
316.66011105712244	145.39967340466808
411.7786677613673	208.6972706248975
20.630979201866104	116.92159946630694
407.9374653192015	310.26914970452304
361.75903692105373	355.0015066420722
254.38175757283125	408.46605278489665
193.63016976936538	92.26544445690597
229.45257394091988	202.43980340984572
85.04242742709656	352.1227674622795
155.24861298766342	39.681596647274105
