198.0494165258323	70.6022344336619
396.85467553661715	403.2284797216063
380.8224567632329	224.97643955160106
367.7910672310397	341.8997981189314
386.380966320851	355.50403437317914
175.04849317834572	186.7688312666169
279.92503242678663	29.711260828907093
121.42924862288851	383.29912802203467
156.98674093616916	325.93889645418386
377.6137133645361	98.1471759962989
321.4812804345178	78.60120560735126
244.59258662429502	146.59616132367958
382.0980005595769	112.93888263783535
202.34489950159136	18.502014053368
380.3347097876304	16.74176002642261
107.05524827700407	53.662706382877076
42.26125369680951	109.73378854273459
333.8509932884103	172.71242276456067
236.90409171816512	209.94883270484902
10.588081019158391	171.94572500818418
128.8364625773371	44.41219786555624
408.84371108520196	36.623327469029455
98.52647164454078	247.44395592153285
113.97481076601575	135.92946729356368
307.6260460023605	184.19965385870123
207.3202806170567	315.1604854007897
92.37842655282655	321.8659658934719
183.0537590688282	79.01791852365639
153.3984772016923	132.71022243785862
54.169287864236395	265.22770046018394
286.7797115577242	401.0434667281117
216.78732726476505	180.00018067417278
233.86435354363024	287.2915735095602
155.8003241015681	406.3515975421774
124.29494433965222	60.06780524254216
35.00381085081883	378.84941789648826
122.98803870886462	126.60375298624717
341.86679962277964	92.83821694032581
180.58516296958794	198.02375691614705
311.71581272723984	380.20458477486267
52.69749854325885	31.120895102327275
72.73774047632209	162.0652943228934
39.04444086528064	12.939202512530915
200.99117103105334	325.844054649665
52.69509412266772	76.01814695034021
129.78650826791034	73.849401243041
137.57789144007378	319.85505455706226
274.2455163129754	149.9612804358215
255.9372334468003	97.42626165507741
239.77569693117948	164.2816227731359
374.6752587436872	300.90084976297993
135.88822514007424	236.86963010221143
301.76750057238144	411.0709776729089
111.85643083273449	26.93270538555438
92.73683750665768	296.0006580996873
153.35137828676156	54.0366002850477
9.158421042394224	402.6727082062324
383.7379012786847	254.62377383998108
54.67841689212877	359.27466530127606
410.33540634198414	76.57449415955247
77.26559152648872	265.4294300216139
90.27370863575194	230.27633360472598
235.17521923195875	337.6213100820749
255.9324528654302	36.382790401253864
279.9658042999617	194.5062010307783
157.22481773903348	100.29126325883526
315.0444898347246	219.84588419838954
348.42605777711447	260.8438179651814
168.50667044760442	214.93602921855435
387.7063561913845	211.28135458921653
65.26633401992305	409.6170721988304
181.72336681923827	210.48547494712068
245.9224365594995	291.3730015439669
82.47508529691585	149.60754621404863
365.8005681249119	370.0986256757215
339.1871528659601	75.433090982521
26.809596276237023	17.405923489995395
393.40764623513326	226.5090407379498
60.9290830655978	378.2207736701958
289.2640232019312	341.29245812169944
23.281683167432764	175.8356972979792
177.77039985015696	249.22889946638375
267.3197877736815	245.11062565923578
76.66361596162986	26.562233586578184
419.4972444875386	269.22408173600144
174.36349328516803	47.21586377203379
4.278868193689548	126.03995787709943
228.9121931615663	301.77336034380386
309.89260594475223	8.786300218268288
414.0569178622176	243.4018893323677
286.3337540018168	90.89564628636103
272.90530849822574	184.9654741986426
311.990443858296	393.37423575039725
382.0281336444402	183.99584297244306
380.6301822878577	195.5259696707474
388.55145825238276	159.170517978001
286.43992242061165	270.92864902943
345.98218833268623	384.76243852420794
285.24802755242195	380.191751385355
21.75280634847422	223.79778995366084
139.99270313505374	147.78542006307046
312.5764836108193	116.68993557065258
394.01010080833595	32.124364938574324
91.50490077782433	258.4181149851134
79.90467051492747	295.9932027857991
261.13518272473584	215.4394764608059
100.04133208805656	331.5867115280859
186.6022657439602	30.25096992691991
337.71709774894725	404.68396282797283
377.4226445599753	132.12781617510004
200.4079486113522	271.5509101910938
106.91920950066013	39.21765427956419
274.20992805089287	4.552655241879175
365.562369085139	22.330407485116428
215.23916452051134	292.76959543927194
287.70282890286694	210.8068657551469
183.40063508619653	419.87930538949314
301.26134405792715	194.6067689113496
329.1416191415992	96.3318859574738
264.6410430656162	278.58137790880323
17.7914725763524	132.6043858681841
151.83072866050716	337.5832022873328
183.668412968481	290.4214426097987
241.16436337183347	113.59174976677689
96.01460746560166	413.97219083875706
20.374241817339623	117.47758564841673
417.3463977253683	340.27747555841995
401.4781897162506	273.3244468291356
282.51846805342444	109.14241311162311
205.68452617669092	369.6191283869206
167.25651362824232	107.98237394492327
347.50893107276636	413.1489096001711
152.07096766606685	227.24946666745967
139.09648576690867	5.786640822218066
3.2362711098290227	63.632545136295846
1.6249885904410408	376.3155554466226
318.2140608417012	191.15787227623778
11.389984033064081	312.7620777583527
90.39121040832461	62.922330767321355
297.8482140576741	391.690931510718
69.12679401424174	245.87273646050014
404.7494517966026	415.6221296929417
112.64266687926752	157.68070275488995
244.5402869347248	329.04144304715993
137.03692817592463	187.12074446838247
396.0424414885967	374.96175930827116
327.30776760010957	60.37295994266043
187.01313044295833	325.90097880975253
387.2388381095148	286.7995730102309
259.9150254148752	352.8638135061852
94.83083130429308	400.1852257431091
361.2935425773954	152.56740820591997
403.9277676883341	24.313931931263877
120.51555018814982	3.118392938976435
2.5100278138963965	234.75082979794902
10.019205950702538	51.98836844814985
118.18991182311876	49.66931287543815
153.75536703241826	277.0259021466656
217.10081247341742	403.6446306644876
140.2733293182001	278.1538268136188
416.291624921755	255.43050713080268
95.52713755072864	77.82433250377686
296.21846092674605	52.280288540334716
31.7903513831718	29.60370178383409
316.73015892902725	349.48556730955784
384.51987114529686	373.47207233151227
122.84924816817075	112.88639168551802
350.27141500429616	324.2408053735467
45.57994588525021	93.34278926084217
219.74213366896683	113.41126130712915
224.8954812783804	24.257574689514403
110.43303775824181	122.63926093184112
122.1185473167836	237.38747681508772
68.4047016058993	76.89358004665769
77.26519109810488	208.6650729157285
181.62892008812204	393.41999257170363
116.07334597877109	15.40109084289268
403.0251288591219	287.22845531931887
294.703747880605	181.06571020239437
15.895907807944221	292.06707547561916
82.33245439231679	72.77100465666106
148.68698083749237	178.29369738308102
189.34689918849077	305.38697502243434
91.32654979175085	33.59802505173902
289.690655355897	118.4764984972103
109.22474137939862	237.57447156534388
46.143306516832816	206.58105192564227
418.60193162925447	146.49363428714233
336.3482890377284	115.5008898427889
285.51567137708673	13.256839007444615
20.48556194801746	163.3687812575154
369.0500327471408	142.4287751794272
13.702001389948984	14.334216411722638
69.13037618734893	144.3027578020596
224.340527918793	357.46956377643573
322.5182988886752	162.224809019888
4.072026634066581	111.62967159218054
111.44200026291445	218.97762500666013
217.042653873071	254.73258651287833
373.7563706203374	76.85894223752524
100.95180663698756	345.68221814756265
96.27067433349943	46.89857242668821
118.8726760942995	271.8652668354988
14.017862994468445	334.4895056294492
10.8416951540844	274.94600179792127
300.411328988689	167.85817199563473
77.53745544135528	44.59539232334792
269.0256596988375	80.4361114865055
172.7274603030809	87.40306642829408
365.0180297926856	118.14221991842878
334.5026560346506	130.9922288475942
396.5717986952421	102.24598151897457
123.1514094460634	311.18124404849414
70.25358829694366	324.44193033882704
369.068381443648	57.07493629051398
172.42654659833536	140.1383754102498
190.74589184421555	126.97401579190915
308.2323944802209	76.48088316857297
50.67027475921363	59.783304656027966
363.26125349265834	266.18451456496666
347.5004366694783	182.9541338326756
413.5771534330158	133.2667769427087
351.2225612650425	162.03519011222565
404.9376514820412	162.6856300287683
328.60454114867224	152.12457350761878
296.43622831844243	80.9428947472016
26.10551949493739	143.99511924151957
215.0019955559344	36.085503166970106
238.5606433072103	391.89008049172577
389.9469824176346	239.63879527327023
143.33410533372535	266.9471457389637
10.070566482799206	247.35067015214926
306.13477745391816	101.21364136214089
99.79896109604789	16.675622211742915
257.7641125633879	327.0664410204359
383.45657799563264	413.0911681189665
104.89991577778602	283.4393854129689
42.71878781634055	418.696966362927
41.93076639764814	131.1815121699676
84.77646078125427	3.3150578575105247
200.18037599189736	148.26126019425115
49.757468315527404	248.66091481439554
112.21844781897569	350.4457848122423
201.68978918744696	249.45265413830978
145.81914189200396	249.04170653913815
410.052663136573	216.2285613693834
277.69754291066084	413.28629735468706
228.2746996282169	145.26025324500438
22.507591789103092	405.4856170111119
293.9620187340467	106.29465854029084
1.4481154146196649	184.4929754254344
164.30227682952545	347.00488127738674
53.15677525221947	279.52411991225364
229.18557541759145	171.38782324098312
167.42003941767155	24.663734662661422
98.34635806357551	98.92187402875174
294.96884711890516	238.015773307812
67.40607652915348	111.4433102606377
326.1599557840636	285.5372867746349
386.2597227186515	72.36633101363695
21.532451832855514	267.7623510743703
157.15800443318932	296.59884350173286
373.5234625436786	176.20183105665427
204.19670305506602	283.8297474652271
192.42153150155806	184.16113357287605
102.87774559272752	263.7876455860418
52.6859772436564	410.2796981231544
83.74026675219876	16.832750477384646
166.4036519054057	165.04118052850654
199.3874835328105	346.1530871305422
268.1778496100818	161.67790279727046
271.33799200759734	326.7958499749053
370.8265918203529	8.986153832820376
183.74937275466723	171.94797419300292
55.89313191212394	119.61716295935136
268.3345547653049	378.1521497067782
31.646389663473038	203.4681063947236
200.76239373108706	121.02035496627887
149.37722359799685	194.20127809757832
364.772680793285	241.2615050653456
72.0680392283116	4.848892639477368
6.363576897760695	356.36416010876724
54.035075429966184	43.960436677797176
159.26052549082183	378.27188428254385
124.55756412774917	181.42244702966198
261.08401080458634	302.9783260872668
396.26716903090187	12.964723795876722
60.46134906051969	186.84874411346425
212.01539616294076	9.912679165105972
14.780615103260702	377.636680334916
242.65135524844982	417.78251932908
27.479428011113104	106.67041670730235
417.18885367635534	99.60489550212317
75.06072998554706	277.08188716487456
391.55415812273174	265.7814595065748
31.94131961656563	186.84993480234047
272.4605757534152	115.97530636413637
132.56667695129815	389.6980591454128
172.10106344695564	69.79881890524253
347.24979924336935	286.42093120284454
268.19250560816414	44.28132049440949
361.2524734055031	298.37150431656835
18.385651316498024	32.42200198904222
358.4626107988624	383.37437107509925
376.0105098074546	362.4500224843855
331.4361589077702	236.86933228891436
147.9311051469122	25.017584578285884
302.0444202115305	140.2292285857293
92.6086232187097	115.4212491609704
54.764107961020635	102.30940447364966
341.3219740673617	154.6471315353924
408.1638770631325	9.569854931005077
187.4987929332708	364.4202734975927
320.4988781604861	49.95700374653185
44.578943722780224	320.23407529287624
100.02298612515011	222.77047324759482
226.41445914837908	269.6932717289062
333.1105171377175	383.6230177660717
42.70398160334581	271.10093562205947
205.736357220203	407.0861058667602
302.7096340103125	26.476741643716906
246.7004560284387	352.8539949874439
405.6537421548459	65.8194365842284
279.8021453548603	255.87013585012377
242.8690141119207	82.15733786588893
298.2142547490873	226.42262936270714
37.32241501114051	75.38783994449466
257.8608561010226	189.51086941480403
333.48340124455405	323.74021008440855
132.98096563044012	358.43794775254037
131.0179555587535	215.879363249825
32.853038683724755	259.68644955554083
105.6121503653128	109.88243913509378
255.1065626598808	261.30660862965493
419.88918028382	288.1815859703957
408.6070030617034	329.90782693118837
89.86081844493135	352.1012828208129
176.48334269428042	233.09727302003947
20.303433840335426	346.09199248575675
337.4009097748162	35.844883242599145
80.88124577949095	383.8213087273834
344.68137516216626	308.98436096402145
290.1776122074572	145.10836571290426
75.63247736225095	353.9995400104308
401.5138642027289	139.19101272156792
382.0962358916106	392.5026453287492
37.36419679031729	352.9048023107623
411.7432522863612	47.870687194876986
136.36738268462426	167.3737232557972
1.0433934185457348	10.857063483129902
12.405864778675797	82.4128509391158
345.09488380142386	371.5927365838281
312.60754798884096	64.02606292297024
80.70982312395759	111.71404262827602
46.14061463732087	335.3108474131158
191.16683837133317	409.46578335056495
152.41661062504087	307.9015646974447
330.0958744360351	356.76120883993747
109.01531008963852	189.8832058414063
199.85600114797447	207.40388285482982
346.2737034058631	352.34505242154665
80.20930997967638	187.0159453988764
51.783935990335515	225.43924873421736
202.711499977434	171.96296249442224
89.15743102097154	273.33527324712026
282.47878069004963	171.03499693547857
224.4079505627444	196.68161951410397
15.010652023106472	67.77345024153932
67.59298275245582	128.8274829698247
221.86712100628267	91.18377992763727
322.56981553905564	109.92424324251009
163.72580552551864	125.0421710857774
36.571420449194775	236.41419430363834
131.98436826488575	290.67700239809113
61.53026356103146	396.6232670581384
111.4208956972248	299.33611320415343
130.97579753391676	270.4039764140111
85.60824009473411	372.22638025815655
193.49285774300972	233.15671568100635
100.47735376206626	172.3446587067187
174.09159791585566	411.30085590550925
125.71107770099856	332.33837442900517
282.04008543417694	70.64150485889759
324.2313477002939	372.1352935237379
408.036844739113	365.9359160678888
138.16477013368925	200.57836190165216
186.0093132608389	272.2997867483929
299.88224992654557	124.09082824279432
365.10291103856946	401.08705580345656
43.938214446538446	395.3691066439083
58.81694010604922	204.28516006299486
407.3525701684836	181.95141883111012
333.334814954343	417.70194499289954
386.04389053412575	338.2487872817586
368.69461058389527	105.5716002392476
403.3381977605655	201.09429637550716
105.05967928602591	207.3631597453794
94.46037984430659	159.60883187461658
117.5572889278408	283.5920835518479
162.29964067636743	35.93036709942735
55.30558566367478	19.790617943821918
137.4588344443521	96.45652389212525
390.1224356932046	323.0707301219407
313.84576219528935	146.13608327516917
4.934994089153491	205.1774049608732
9.124332280933139	94.08293823758262
0.6588093885765404	307.1419088088743
356.238974482998	363.6682605250407
258.06814085683203	4.86173739303251
184.8456613869017	99.68341465893965
205.71467214420716	193.06546393164734
75.3418864197479	337.26201201562566
139.56240533721265	50.46082584546697
