287.44891239977915	339.2254075954897
187.88730841753238	387.3422798157176
61.100385013929674	406.4487581832514
273.15698543990203	318.9472469997732
267.7459868763592	268.62414796666053
111.66669326372264	268.4298754911656
250.55875231956867	285.32591493013894
341.2148741263477	13.612675174455363
162.31622786620116	9.223472223192093
390.38712048853773	75.33527721311332
63.306966484237684	107.85503368792982
216.42531161898765	295.97908697221067
314.8166727575615	290.188840878677
3.1024924072444673	236.51198653888108
223.51045679709827	105.75186167095924
170.2629504950046	313.3578741499149
280.27616616687203	7.02757190384359
377.46185900380465	404.18921850744465
102.72066350403118	315.2840009746895
296.46878289446545	131.34983879999868
188.52109185762524	361.475174817272
308.8979418710788	333.1949985237895
194.1794891034078	294.6167256903236
8.550172497996007	328.11737285577146
242.86787291836276	106.64396844044072
283.2224580693021	407.91009861387136
309.1765899480113	198.62061694081862
405.9867670256922	382.02287591870106
76.28542660280046	390.920837717061
7.420579969086678	87.70274938402207
233.824987823207	316.4030963873573
67.39180519014947	372.523137436484
40.78218921438397	404.45918262758573
91.63546606674406	66.55809371225891
84.66573579866184	23.87909555323019
323.32251810794776	345.59958928484207
6.984342831577	18.859096310658465
270.5279944877603	134.85349578267437
241.16889932849972	228.70787287881012
179.73219992440704	256.16209497622475
345.8810518114227	189.81638708886746
148.58354064704878	160.28816882472546
408.459123493815	2.5649297664885427
62.028038218262466	142.5497204513841
205.3535879241604	41.10759673651625
177.96734364285695	330.6445612128196
282.0046861701647	242.1848847890912
253.61872448725606	304.9440213998749
123.93169149226101	85.67770963956896
75.70109460775848	246.4904875264432
327.12926072576266	385.9688478446717
170.33954947141848	228.6740704382192
63.01280467265373	86.02771631400005
271.2970096362048	175.38361625889505
404.2285619731094	324.58877090980883
4.936491316516893	178.5015909977253
380.0847825612283	137.6141369424422
151.21783850314387	87.1893917172373
368.1749612322951	379.8579584191077
171.174289169042	50.39003648262258
110.79609140867173	220.28798094399812
397.74406098453505	123.22879616866155
61.87168578236793	213.85618079047057
93.53910209437838	208.05386960255984
42.162681223106006	86.85155463406134
0.6190337120477575	151.0927597430521
27.993857094166298	187.49554335911557
80.14356980299632	226.47980175059743
261.8361695817339	101.39332338841938
136.2209537545044	102.14045262975719
146.5853153184973	205.2609803255821
236.33474834581364	247.5640818298931
188.9849691055219	56.66139116679749
350.48868872347293	328.96807700683286
231.14777712501035	150.76168037911802
84.40439608293997	175.1026602934973
105.65998515146275	335.96048703246595
97.43098536851744	283.4452969552487
187.1182676515537	85.97288640273251
249.01868872382033	327.85217501474307
386.38059980159517	174.2432185448701
9.666060793498923	417.0193684068287
27.87714979956546	322.1919994454249
230.15336618034942	394.64484920304267
213.10617287781838	159.8743532880828
397.50183035243606	20.216264971365728
120.06398285224685	349.3794041033015
22.903143955951073	98.48701818256502
370.55111077066215	316.8785154881684
35.22288491814707	253.16874774707708
346.77303788898223	166.40497423096878
137.38317600767542	122.35252107893591
169.47201708885882	97.19023300665877
218.17622015146145	240.7405437113789
361.5626549558162	223.19670013701935
355.74497079928847	394.3204363645818
80.38790608403417	267.2137194113774
118.18790748016755	188.6408761041891
52.612996675015154	290.10646053833915
394.8905771567511	273.1040470198296
328.3442466998347	196.9818124447709
318.87393900519487	30.242798981977657
417.41794654062545	266.7037141881373
114.53567048734095	67.81422007578924
105.81544877519147	26.441486555134198
165.68281047328236	268.7784157357616
56.224549458318855	48.69563440699322
236.8551375252348	88.7561547676055
235.28212827174147	297.3737727445581
219.30032532632256	81.6726564221423
170.48645329498927	143.78835237005077
372.1777076208674	119.46429780550356
183.10140900796503	9.61284887624272
365.1874079978116	2.7277817316810564
384.5655207615496	102.45859403082773
386.794607870297	248.55630256158528
348.4050131927594	305.53020695896197
294.81494865578145	43.74067881756038
81.17242124919117	129.41869174440075
282.35848824533247	223.13684045385259
223.65607130860562	194.5559381738215
53.07362473481542	317.05556614749077
231.53846823287284	19.963248097654734
75.12069806669794	192.11366786260814
401.6535305161893	231.161776588459
190.55323842868583	192.68679026057964
332.70578589124466	125.59053896032782
356.06930980807374	48.38610550471024
298.4867729529968	68.83117052289803
54.804451665970056	194.45673866691288
343.24851803491833	369.20304685884815
153.4440580850292	284.0113743711464
369.2570861491485	183.81928913456923
88.05979913195908	327.65907643654174
378.0463520653206	20.077868800711244
388.1580092690542	1.4194867896056451
142.8456746284627	40.06759104085084
302.61321995647074	253.37298152866114
294.9170150112367	317.99594163446613
299.962691797206	215.1254289766285
302.10016580370774	272.4959744120559
285.1335851999059	282.5068768693838
222.5061012781098	260.7309806658177
262.12664986102976	230.68396845593273
387.7545324359779	307.8653800074811
413.9529295100256	306.7432565294179
337.9495120442726	144.42939962029254
35.1098237412377	113.44924165539238
131.71324450990429	276.5397351470531
167.9416585732537	369.83164454165046
361.1801003809583	69.8859379025498
122.53941929987673	409.9659604100572
167.57506592827198	124.38109981394373
188.60599476166126	128.16828368603896
276.5597046627539	300.2975590335508
417.0132745752275	128.08638563801884
38.43115761605831	272.7079698267293
89.91014579896374	375.4597527425586
171.28948352417163	185.1239625390619
104.67450399267817	402.8738533358238
281.23887069233837	78.18167335555322
262.2833547218763	82.44220871358765
169.578353659285	69.32543710260548
266.5621313996901	157.0766768518661
247.57657512584555	139.14217610709423
323.94325391998564	364.7453134454187
4.453037327322592	286.18815119607206
263.4611902950339	415.4741633904358
281.1346164475641	58.63747051864765
166.29619281083865	205.22393319701428
220.83172237653193	412.06264733824963
403.18310780554845	58.90144060603011
130.35650677412704	365.8353012427704
97.63890862391655	234.23325903271598
322.5254232833869	91.0787248164426
135.935640719244	338.4197280940591
399.6993574389012	402.8795058793495
91.34219240223462	41.82709032069298
212.6095208624738	138.8229035559886
26.230956557782957	212.5842896727349
339.80969585193924	34.95732138413231
343.05890590448786	209.56782677389293
205.7359423421775	376.6282500529034
67.42308971511208	5.0662704735955675
285.082533770325	146.89420432569563
202.87567006253616	223.85678227291882
72.78593241520485	65.4121625226154
224.5647097503378	63.191050310432836
347.36722317780357	90.05525830709406
153.79276010501334	110.66692300289496
336.98743482291906	106.62860980744429
208.14903053130797	118.29623571706323
118.21477942820677	304.06671461290307
163.21267403773325	28.955295859487105
382.99526012134925	57.817962396335304
411.6183800941761	342.211685417534
98.9480013834385	187.44945577915192
320.22453447447856	266.25587027169166
329.6855020731635	301.8341953588509
307.10917606549185	234.4700365660354
40.9117000776134	227.03199673762293
293.85969418252955	167.66249493072095
94.90595773306305	6.269778689714755
257.6232738978471	249.37121977254787
129.79907350123952	53.974746339263966
114.52919591338892	151.96610669714394
238.2269184128591	207.3463730413607
146.64462217132467	264.9562333319654
205.7520654121255	67.93993913694646
33.463073018133535	65.74955022390816
360.9075552161165	202.87107224262618
284.13450729696484	25.68499672609442
17.47500794458294	270.9139656523464
127.43951847448358	14.425145637525398
183.52131563843196	35.57809543725803
248.13785354634777	402.392383532595
356.52747065811207	266.9980496789448
26.51620265465012	132.7188786548342
25.748662268445614	21.90423850619586
193.97053762936986	148.47281575931495
229.07969539846843	124.76027068058153
181.55068532023986	410.05064595290105
188.47908741964582	168.0060843706385
115.69640705644849	242.7831970311801
60.84387138542758	233.05737236441806
285.5352323815024	262.11527319399295
82.94809039881672	357.67769464475197
407.5110892129329	164.65632688451157
382.2424660535837	197.89014938508123
282.0696909609524	98.55421171763821
138.03282705499024	72.10109235226676
59.727941462738016	354.24514945696785
153.61166059330603	303.4898683027596
23.898263830137804	289.1873459331146
92.81074107837328	150.35149601484704
131.88601422504874	225.3613802319246
340.49974840932697	72.24181829385772
52.360973246799105	67.9517350002411
207.79647813252316	395.6482809601121
31.991682474285284	382.9549042246191
207.10614168246772	275.70605380925866
400.874616339226	357.7263030391925
380.0240649664395	356.0456296838146
100.98448967503359	123.69114951031538
285.77888904923725	388.0079382154274
281.7478400378606	118.632686163263
331.4644678230167	324.08765794386335
109.42961613496155	171.77927146250894
313.07915089450825	51.06330953350515
184.35261981457668	210.79971705571157
412.6435988368316	75.78129387892015
215.20632402107609	10.144619513757046
87.57967440911689	302.64416371417275
370.089293355951	336.02766125051306
257.89256745081957	211.37365766326533
82.13760098096704	89.20251956331983
224.03052944895504	38.26179452714328
245.78150573134033	71.8767962178233
200.80338563638207	254.7431749559035
388.0045620118521	154.9458882587006
317.30785153107286	70.38964986524067
321.7718209987697	159.78198128082653
304.2742761625355	151.11161689131094
127.51775721027278	390.2091820248113
54.172142253365834	252.57917515759843
418.5390589728639	398.84476507289855
376.0970134100953	38.933344583119776
262.202482096858	369.6689281507682
193.41617584231238	316.4897841300366
21.222422056450267	401.7392936382836
313.3021519267228	117.45956336240606
337.24597936399294	253.62160559310948
213.23659867066647	315.1921861743167
126.03976540615108	206.2177651257246
258.8040104378505	191.25099877531653
305.5619598040411	355.7790034873973
327.1048362604351	404.9744332000957
0.7136545030044577	49.290883889348926
206.6154744391054	202.73909389000846
8.02827326372731	197.1710025949016
367.75348884279765	244.88645524301552
407.7949927315644	202.77221523030354
135.7242735982626	296.4869350685805
197.68123338966598	22.916831474446212
149.08294516871908	379.3947561332856
45.66833318222592	177.5020337199034
43.289646579995754	364.0605147581341
39.161870093119056	149.11526349720938
19.722725989505214	151.14320586506378
132.73482007256783	142.988070462954
392.51632581343694	214.1280310003102
21.475222252278364	230.9413353071844
341.0403792124281	283.3884966064523
386.982815578856	376.43362487760794
109.91387662109669	48.056344940014455
415.05581592735905	106.22920447361781
101.87173643607538	357.3572512126763
152.97469363830237	59.23851586065439
13.437025279429294	69.18330464636074
381.80828865478236	289.8571037301269
81.47848801572313	412.47823219837306
151.53824594633042	136.19891307685128
358.5050097716056	21.39626391795496
245.46384636878173	381.7991773909007
123.9307919271843	34.52763890230468
196.8881640049735	343.65821212197994
7.698065355640749	380.9750178033398
128.49321906648566	256.9149193997143
250.85257293988795	16.907088117385374
221.03920150054455	215.93728306439252
41.73405800260926	36.3215614637524
4.187279466742784	216.70459118448932
360.6584043569653	356.6317374642707
330.730364355799	176.5823100296347
152.16110022827854	186.12939607913157
11.515554466753965	115.80935256754636
157.1228306918381	328.2598614196522
9.8573622754343	347.4009455935116
111.65823964309621	377.27574016920113
55.40550322934039	160.807523776104
311.6293829603353	177.9060978741384
187.52888246011182	108.98025022473047
162.66796011121792	408.8739556403518
297.6752578282777	298.0870320570659
309.10555821938357	379.5330816593533
349.1272556598999	238.5046570034089
375.29859706673926	270.16302895359854
47.33220993143621	335.7807469491562
412.9797620617303	31.52819269850915
380.7415309460585	229.29556803913275
346.61036205447556	414.4133126520633
357.6953738027602	145.50687054478172
186.46401526036047	274.8312750285722
207.41070917011257	182.07977450169324
84.49586942324329	109.25923226964007
292.5005802264583	369.94260144769186
20.205804378532957	50.6203986086668
360.5328847443653	290.7111422803349
269.4861840158109	39.26064676198414
71.10065870804515	338.2113415673516
256.9588583347069	121.5913242283221
259.1216612527514	55.756681812980794
230.52325727872145	278.51545123522544
319.1322689396485	216.15332855010115
240.5805645760446	0.29022555010820966
74.91330120347729	157.78717860009994
200.63052795555646	414.08151609955075
367.0520363726098	165.0237740033828
117.42797917662632	109.87251909434526
72.49460908761446	38.58354715369413
142.0366538662568	419.2309818531917
300.10250462707165	418.3713068788337
28.482254323521342	342.90260415155905
405.5831675075957	250.12800134843928
247.67554692870374	164.77121452303928
277.37511736043047	356.5614725772452
313.86573693470774	312.20924527346233
50.831187588397356	126.77079825892574
104.46531793913431	92.60862890194215
403.89486729915654	142.0273214970198
289.8601991419459	190.70244715060332
140.47165923261235	318.30250892474663
332.8589159714508	54.25976595207869
160.71442184907556	250.07751581231975
26.981802860372365	168.64846128599564
119.2448582999512	129.71498821126337
317.6922686645004	6.793063987710346
275.0455189504955	202.8769347810033
302.8266570937741	96.10454693982692
302.26466345464564	18.37005849326752
395.70695839065957	40.48410152417857
74.59466259075356	286.4942020917417
121.28317910331212	324.21777710164764
244.64322005694095	362.53759835748133
265.95018437640454	389.5732397950746
353.2673389473677	120.89216544160907
168.07078586408653	389.26409530478793
72.36141933745408	316.9522263239325
331.6097613905375	230.68176687949008
61.11398992674026	272.7452824538401
250.3539658565166	35.81263501090245
406.1152255065032	183.84478997963225
419.89514234024074	363.5646238150138
246.55676497204757	265.58674215084915
170.27030130001486	348.3001838566545
13.98600191289413	305.85943477016207
93.93541526702766	253.05109264603675
172.46726665475256	291.83461346307894
15.848124659850948	251.02651897847275
205.08475605537893	97.55668297346423
145.4142801986098	398.28445040961907
52.24651703549518	383.82323022213706
237.57580599716357	344.7014386906292
402.19145836826436	291.46871992209293
167.83996415175088	165.68212314725187
214.71755009372654	355.06071097797525
28.10934891735925	2.13262448932363
37.741189271989214	305.7969201343358
240.07095409760038	51.837405888087005
318.75070369194117	138.69018031934573
400.74646627251354	91.65799366988477
342.3187138504122	348.284293515105
388.9972332475038	338.6427280273208
362.71944073945974	101.94761449424465
374.07788955102404	85.90327733963437
47.67829691491266	7.550239033553654
58.64708408006468	24.32269530011367
22.33588038187333	364.3398781190384
239.13775210089005	183.23636752957518
263.8332095654507	339.6961451803268
217.642079398894	335.34456995330584
148.89005453923482	359.9939580428811
188.60647241421248	239.2664470510633
143.42371060014864	242.44657130273308
151.9358233366142	223.5044992901724
131.69163444752556	169.33780727868378
224.93276205548904	374.5661292040169
306.98998861432517	398.4372676001064
