251.3351621701481	194.4245343643299
18.174532783073314	384.6554435727437
5.733021754218318	328.4301916838839
352.9662068913621	280.1455897234742
45.085593567620855	388.81467758555993
218.85860891069296	284.97225031470117
281.75243716878015	168.20536471479525
366.74397062577657	30.72012973954956
344.64623029713294	115.0210055423019
296.7496267331249	225.278668522338
311.5350342272602	190.29456996726353
265.18340779907976	336.89559682619864
213.23424505620977	125.41327866038156
184.84885550188721	162.21892133570418
66.20327477243805	188.05917454535575
341.8486662605197	178.6507042259638
5.994840503290283	237.7473314285265
382.52584561903376	354.19269743785077
192.88248002540138	400.82111820991685
101.53433467927327	184.6702888641961
330.9250997082607	37.2066487814682
300.69713897386924	72.02048693793502
230.99720576266978	115.22098954556212
205.30636798142103	259.65781590677653
