281.2312441629162	354.8489202549986
181.1067783840441	410.9522416536539
58.029163559362274	381.96208414316703
270.3582634153691	340.16269647305575
254.93141278628403	286.23130735818614
119.4120641698268	289.72290272034945
263.99359840596924	310.54568349220585
357.36108294055146	415.10144318883897
163.99906102080092	2.004191187164185
392.91198827409795	79.97671635356123
92.2830552863976	103.10809086271843
225.45827626960036	311.64680328307026
325.36045902254546	315.20316388344304
412.3589103849828	255.56949752738336
213.85413223879922	90.40567571398955
172.90390955532368	308.7224356753915
268.5043689418074	418.59614003726716
369.31384987704934	398.2483672327661
96.41108126578007	319.59437049621863
299.6253763139644	109.12431139623658
200.53034187496615	357.39111379148403
309.1466173481108	340.9014898079107
192.97057164001072	291.53983933552007
26.430363711605796	324.567890658159
232.40315041078156	96.8352037083589
272.36537876822825	396.2114727882518
299.0318099548134	177.3352457801163
389.4529289725814	391.87371423361276
72.3279680856009	388.98266296414965
7.482413072609862	69.4693782894416
207.77932138571288	322.6933113721681
76.86266263922963	358.85639480602504
36.04655059028905	399.82503911235074
91.62904406623555	45.64468435392245
80.8498632528358	22.72172929784188
328.30726061171447	352.4874574469779
21.60542635570125	419.55231468538636
258.8459847853051	113.39083375431217
268.742421851003	209.74376971198905
171.63241701246275	261.32688160236324
347.51707951302114	183.97666989409905
183.87171200150237	159.7705494680934
414.11839409788706	9.28961270702761
73.55703441497721	157.36679027540714
213.35112891168143	52.91509388319276
179.8468725082032	338.8884772696601
300.8140229215033	236.43940324831507
257.0147377106917	331.60497047101825
135.79316360455587	86.77251967810311
82.9125737309771	253.6845584513155
331.95623584404433	380.22534694698084
172.52375546714447	249.784413305275
80.70725251069294	92.94380878963308
264.11028589857375	141.36076996280755
390.7436353398083	345.347690086686
17.116698237675184	152.68851322130234
367.18965929653103	142.93970980175487
152.62698254747227	58.5185271416004
377.54260049583075	366.18934643372
183.47650711077742	46.704292694600575
91.81122278314022	236.73350762715432
376.81174954749116	112.79091280901214
62.62263882082487	228.50383599647782
78.00488499350854	215.9378635034021
18.6968003411956	67.92834532532746
414.97550309487985	129.35307485638168
42.075399533131076	210.45484132186118
73.91193705659389	228.71049031164085
264.10912058919126	83.9435875531362
156.58064833968004	77.78576535559667
181.47093425287417	215.78753595981485
230.069990949082	241.5313937859143
199.05284984766584	56.07156910752423
366.2671576622833	335.03690886663446
240.1516001520475	140.3006261970674
100.7351355798437	145.11588056459038
93.4709183044287	338.8603570586182
95.96013669766982	289.00451181279544
201.4889163221987	70.52836260221592
247.80886364610535	339.2822417138226
380.9822008209573	172.93459544884757
7.608198982888412	407.15927611689756
45.829162864367376	326.78313105007607
244.82256908348464	386.547138239448
218.4746995756358	147.81540071875074
398.1908937647287	415.8233696008361
134.20290425815844	345.2592115995327
23.133479523757163	106.33689630058431
389.7524871441879	331.37130722902253
28.46837181369063	268.9333371904168
344.96967159748823	170.78420555705247
146.80610420668114	111.97597535351717
181.81921306132125	83.51355238565883
214.44642728105075	257.06843014847493
368.65639771547575	222.84167011191929
358.1120952841565	403.8662612363804
86.50001225898542	275.0214065330394
130.65500462145846	198.3520534905895
66.62108920362112	313.9175523786577
404.57661947903796	278.0282354933404
310.8324855945213	188.2550387922476
296.97483952920396	42.902086326542204
405.3217852676252	266.3227892088271
116.12418723772389	47.90769029508444
98.6783495379778	418.1000220601469
168.19888631091064	271.9915306140867
47.01416571773916	30.279409813060788
252.9034243349756	86.58607243022962
242.93937412993117	302.2064903685575
246.85165300471874	76.34446593239517
196.826767486473	135.2550587458482
354.3208654170168	107.08324149679709
192.46700698843205	4.779260639395244
365.5033539355499	8.443909453424801
365.5405141100755	104.78366581689272
384.9745500430028	276.9690337110932
358.1053117391391	319.39477034469553
280.4159081110873	28.364284062705046
88.61882300503123	126.93135918536642
288.89450404717485	202.58609367323544
202.73742711836059	197.26537209846845
55.48417716831482	331.7251508138743
241.471322983461	43.54242052048338
74.49298401692836	201.85324466044727
409.489188881348	237.5774701194537
185.32959028147874	174.70998868281217
343.52561469027444	111.05935789304164
341.4496839275984	68.69348826451478
306.22428101566516	64.25671960687002
48.47939130976773	232.49292514558363
336.9043448373873	369.88213795310566
149.27361491531278	299.3679077173697
367.1319553088927	165.69266045481652
82.90098702624172	335.045619800475
377.4980347392188	28.320938503796427
385.5402105380188	409.4104854379914
166.70010098614665	21.060982689572302
292.4476155391833	271.7428811524368
291.2986624344408	347.24340358473006
299.58197307121407	200.77870792818302
291.74329171232296	305.74371447537095
284.321770055207	320.96697424735976
231.04702027627974	258.62962747688306
263.9993974800042	241.05008587078294
385.7280568649427	314.5206851587543
407.4892856252058	317.92035447555764
339.5279686048964	147.59980101163987
21.88628949991602	117.58253815059126
128.8731473646913	304.25212904337747
173.12284081839815	384.75973981811677
332.2550299370577	78.94835404359773
122.49515349723066	414.8090709296541
184.14294133998263	132.223126767834
195.9305965669766	101.25234850153299
268.308966720002	329.3319019492763
401.7464670379738	97.88281033065635
35.82621405930889	277.2226714438938
99.83912280205708	379.0008144660893
166.3406007653597	170.0494009512462
86.32815700686746	390.9274940349575
293.2610822552982	79.09250901483608
270.99929119747816	72.83219145472411
180.6135601669794	61.87230220190014
258.1151622753614	132.34751425841057
244.6218645468952	124.50792038776213
316.42871150619385	360.398412812291
0.10277230549333702	292.5431940920232
281.50749808129217	414.05359152556167
287.10330118064667	57.40434931553998
187.53676533550333	205.07489012200728
220.99736808957567	0.7729600700287741
397.4381103158863	42.96538147420926
110.9421536318427	344.6151661294767
100.23444163221866	268.4892592197633
316.2801278042071	92.43088322900441
144.20232188852447	349.69449173204964
371.2588156420174	385.7102169575238
87.73979970748945	34.24730233606501
217.18852311356562	130.3021156776508
28.08428690207656	234.22426160894878
315.94381951747033	40.952784054707
321.501228556411	213.07375911613647
223.24744170929677	373.8996593550161
54.556157628997525	0.9583152484538666
286.85904819176136	134.72282044379358
199.69091942474768	238.25294945227682
38.64992157762745	69.79142525714134
226.00671113626032	63.928895619577915
327.00039149950226	92.21361429836567
184.94274597783388	99.75796921666128
327.73654123350855	108.2040204515482
225.77736907551116	108.53067643942757
108.81586290429662	307.9302550270385
178.81442012801804	35.80846949301793
371.6097831101554	55.06977102237192
401.31920411475005	358.59651331575026
94.3642655457551	197.52435471869657
330.902797128236	273.9480305244936
345.24215379089685	332.8339424419776
311.45356181763873	246.6231330443353
31.600372782861353	249.8622670187505
300.32501158359094	146.26150412364098
101.38821507466456	399.93280836779513
271.1866649608951	261.70810306687247
150.7433225152235	41.14221658833299
118.99996091811423	164.50738418832088
261.0206080331924	187.8018496938415
138.79029247722926	277.40951581872247
213.97398916066757	71.21992713278135
37.87334535141775	37.614836431316796
337.00911659364255	208.7407684415828
285.3178166600935	17.74872784261055
21.781022861494264	281.58829587876556
131.93462283719936	6.237298464570115
183.07152616911466	21.27645788739144
253.3850339769012	412.3432652284622
375.0155042803942	266.17559517062125
7.156961496408827	103.8490647221231
25.00193353531248	10.615096001439289
196.20462593794187	120.76798451312156
235.65424118894708	116.16455901946014
181.52503453696244	4.7652081025095905
206.92123033943108	175.83260244143517
119.70518687423483	263.6454750451219
56.51635725724463	245.03772834417038
288.7443218850849	258.59654206253657
82.7648894736084	348.72106002624867
415.029925779211	163.0468099227717
365.7412816670638	181.69401421637895
290.2537571778727	96.78866123271628
138.5788265715073	72.95030890932772
50.13209490837532	350.6674821089825
140.0659773270905	311.17387578419755
25.269928549450377	292.8560680368689
110.33675102068538	137.50742812245548
132.9562086082892	243.32142970395313
318.5733002297184	81.29165107260211
46.62475722670926	53.33722993760201
208.93639836227908	407.70160230067205
41.35431379228613	360.23684314083465
200.48554495094024	283.27102774620033
392.0726343153004	378.34335927120264
382.510139524081	355.73554413751475
115.59024214831088	118.8050421359254
288.35160804206953	391.80853336394864
266.70623696445944	97.48714440001542
330.8464769199611	330.85005731338754
115.48892349419607	196.030885785865
302.5331576377098	52.554076682179904
184.37225803532417	231.14662712506026
404.3709092622147	58.72841419262548
235.13766004718883	21.55817291197391
79.98144722772474	313.8403958444377
367.3018552292204	359.44885679632625
265.62000443848666	175.8595983892719
104.48909286761277	73.15307192587171
227.05421571388166	38.55006351364788
247.8174680781179	64.52798629727673
180.10667911600507	274.63536874476773
399.8998904812571	165.08947622568633
308.54238184796714	74.79893078261868
317.43744299172306	141.26638966338982
304.07483984211353	123.86172824551015
129.20779496875437	396.91255952991986
41.71242922875556	259.9834448232085
400.6008177662283	401.3386438155359
361.3851900770273	18.55373483665838
278.98473465636414	385.08138734001005
192.2478768586863	316.8664333783105
15.068801001843353	380.3930900916489
315.2877216854259	103.2714784070533
336.3760182400094	258.0634360011636
208.2857692653641	340.9525043872596
137.2581207522814	207.78777585205063
264.36650841697946	163.18660605223283
305.8308318960292	353.41513086748057
349.5409067572544	397.2906471375935
411.8101100091411	44.542334232613506
193.71189399627872	224.24602158721484
9.569389602238903	215.82814073042192
388.15241202512163	264.06723863961383
405.0928945746658	221.85418436659194
129.43115649713042	317.55245169902327
200.3482924477913	12.744447918997679
144.69311975446834	386.5614235375423
69.49637611865934	173.3361323741394
9.713612105987163	351.632732785933
39.26895250388209	143.64843659575703
24.497527285849166	138.46314779810209
123.24711169962116	139.05156324018213
373.15220329309204	212.48034420121164
10.458511457170808	244.60310587793006
325.1394332570912	302.1870713897083
380.12511797138495	379.4616547798739
129.68453264578656	38.20086062715149
384.40872852753836	89.70442653030412
99.5704823466393	358.84407093236973
166.14706674989262	36.673050247629284
15.189592477712992	38.375864778007184
388.8870462544622	291.55613115763464
63.81750697589842	414.3405536881659
169.57432824528252	108.56068233334412
350.4724250499263	42.188114392429334
234.06889084261087	379.8979345121565
145.5615662784514	29.541182086812697
188.69751904637565	345.7868699037883
413.292748756059	399.3166929249617
126.70466216607632	280.17354322605
257.1207177940436	13.669655663114053
219.24895497014438	235.17446267979687
36.79951619686169	26.783140898374626
12.214830735992209	226.83564292433493
359.60218247236116	382.3456254751651
312.2222298839007	166.05042720368266
138.12724489707156	190.37270091346997
414.9273916745024	94.70936291035665
148.81010644071773	332.2884632651757
2.262466806609882	364.4270579408447
110.60439335824422	369.62458368027876
40.80628904123492	154.43650147518935
299.65144886962366	158.19253121709465
206.44886675297934	82.58606837586163
162.76343577648694	409.8791059632122
299.22037750311875	318.40553203761834
317.69793192691327	382.6275717388982
358.0208299310544	251.69362510520247
367.7037631414778	309.68529286411115
36.490845195105514	337.13646443798325
3.392470013162797	22.022605451261438
395.2902919696567	243.9191874200825
345.69351362952114	379.139329884345
350.50043449269043	126.59604391134513
173.91827664327784	283.68988507675374
237.84412461404128	182.4047898917253
107.54248063886378	107.02657008989492
304.60364820107156	370.8369939549878
16.345207458816848	25.900266430265265
381.1255819737518	303.9668257704345
265.03769072329465	38.00950693629181
65.94121593468644	336.5221866077329
253.56415687652054	97.96958918344835
258.2248687536317	59.94654320783506
219.31909869978006	279.4891072966551
314.70513725517213	223.92457987020134
243.99880025707657	9.794354847933569
80.50247422833087	138.81976549640632
212.61757029094764	10.378469315251143
350.2712154664398	156.61912031765146
124.24374582684797	96.20176859594469
54.22121175024938	18.587911398352585
135.50064260872261	409.9456873364903
289.18788346097574	5.826387113299164
400.8889901346248	337.8051958873642
397.97266554245755	255.09417283814827
249.62380129223644	151.77518735842526
285.34333023050425	369.4497198589446
319.85551281373654	324.8596284878246
46.310683168647216	132.12595207831018
137.22004445000374	52.35531226231868
375.05523548402994	132.99794284119153
283.04405593705064	168.48269421421708
140.24569529311214	324.627112271498
317.78057909989525	61.50229533939128
155.01933924318382	275.39457680540903
24.229556760278243	162.89665028783102
125.14368438594663	111.54932647525425
312.7176554456667	418.8330644466112
280.5056240597706	184.85544492738035
302.23600855352333	92.33050237861261
311.2415266524991	9.557308761978687
395.54303136873443	30.51341602423988
62.59191717606927	301.0760849653631
112.5111833409898	332.29291187719525
251.93191915185375	351.0069535438226
264.2420886272622	403.67331508175675
337.36497478033584	98.73993974248968
151.05387633305082	368.6538081589837
77.76110059859978	325.18381081480703
343.07468821130794	238.51552684377404
48.301453762436	292.36282184999084
252.46201361902757	35.52891742688536
410.109957046317	188.42206960936085
409.66314745136646	375.5484427476497
248.00878778812913	265.77609350773884
162.322119796565	359.4769453357954
413.88727590800306	307.5972811603489
110.92796388001904	277.6161228560864
156.26287122077272	315.6290412585464
21.989487714745653	257.5778927874919
226.72908437859857	83.25455430617288
115.93723457110785	406.223384956225
65.55714480369006	368.7940546066226
269.31504433371737	352.12145580574315
400.35616559496253	287.98394641797717
203.99955615835285	155.33666335144957
217.40668008972384	358.54216454049885
21.574967125327213	399.7231174627097
47.767972905501296	310.85012296012025
238.5530707471083	55.61763957930948
323.7192946719973	129.8455927913691
404.56874318872576	86.6998303679775
343.06882884535503	346.04491718833606
373.0510475991259	350.0222289531207
354.2678056240623	84.18091667393662
387.4192984151243	66.89819272641147
58.72699762726474	400.4239414541277
39.86349309902435	10.093156289174077
3.972604543164906	387.7240105593935
248.66617932784038	162.47847899115533
254.21516685079604	362.52765627547547
235.40251310291958	346.05203124564736
128.1012471625728	361.63370855042604
188.3255265177056	249.2472666356455
140.2249956450419	253.2117124443739
151.81261155031262	249.6020481234545
148.9645153182477	174.5213144292938
224.2119961860379	388.7800136155148
292.50465280175496	409.6064652666206
