122.27043253798243	382.6574653794908
382.61458091803024	325.57685020958036
142.91958744861887	92.62947737975827
319.4238645950888	359.6807463542467
61.77082736034052	133.06409629329787
248.350869934642	252.10938861457254
124.43262977569776	8.362081417178432
285.2751675443201	355.9046719973305
222.39682654642561	141.23167456280868
212.52710502148406	213.85138054534883
304.2530074378185	347.42556428129444
346.2702734463675	37.125199835051724
356.5185088377318	183.1765179483136
244.4601638339821	294.68104546100915
124.60396801755348	49.57812972382034
300.1107947917867	87.42546656406728
363.7351629962672	0.03488833116008406
358.7101341807073	293.3817480570013
175.43438396779968	293.0892426268166
419.8546484167598	117.96947935494296
141.3406045895053	216.0730192760196
171.98662822252672	133.55779022480968
68.38719441378093	238.48252851605068
88.7520393809408	32.66271515478844
175.7934158156834	367.68445349813885
13.750119213859103	391.83914429231925
91.19966650766023	202.05026963916055
2.7634914855217265	287.19310874386514
417.83836026060914	416.42086237956903
255.69292948443842	169.06095206714315
15.90588565517125	142.05249073310452
335.2347187503908	350.55328585223356
332.53056527664535	245.83880552639675
100.59197375390336	18.5088432169276
69.03101253538236	409.9264934284326
333.158132018041	410.60849503428267
315.17958066052483	236.2588057009427
45.7466057841568	416.71892518222216
80.17426144850462	136.71115942647575
52.816035260415916	210.2232595305154
376.78755378499403	184.9364698281076
28.245141013905133	293.99769558711876
225.87673995808916	304.1981166448494
219.65304940988906	419.4868105663057
205.97953310203116	58.36137298726467
406.25839397867867	29.941530821250623
359.4413776043375	89.36435068575346
193.14775691923194	94.805903087487
350.98130648611567	340.9993502039212
277.15509349265267	44.088175494036896
35.907277942190426	217.64593739459485
82.07231551297517	305.1999411535425
251.65437673305118	225.7528349150622
201.77741841927073	379.17983836741416
214.41843039439755	392.7483165307249
390.4248324320808	261.90084671206574
276.9960177968515	401.22384043710326
113.21972420834497	288.8058301086328
37.1096790658833	242.3128389764798
388.33598207229346	165.29525848888034
58.668838549033275	74.82258253204438
94.84077184921985	161.9885380685216
220.95397245517958	196.95990655728232
260.9616650546712	306.96439760799086
20.209574973266257	411.6775960830073
38.19848702892698	311.14244523128235
321.9546027239276	267.1450600447322
35.36326515277198	33.41671513113199
1.0333896241151104	324.14198856220446
386.0426149722198	390.2688237075014
10.880996082819895	34.22921334418829
280.34852584639947	252.15000084456244
223.76100209998057	370.40344225234645
88.21582555650393	405.0964901163002
80.17606866143555	7.439347670248349
235.31527793495638	107.86313151432996
151.91171942049408	278.2130144272603
2.952902310653076	268.6964650481915
342.33221209409066	119.23778253726343
18.998342796412732	313.86226930507706
330.23009400752443	134.11158126202238
288.04141264896873	385.69563509779647
232.08831956472525	88.58821493099357
313.01830600637794	289.0257161157623
148.12547726738936	116.31107075510535
55.194577995595274	253.03246660925882
350.8539296497062	245.83864115991372
84.10530070698975	350.0283026058829
281.74565881028775	158.4115377456733
329.3551472801633	331.6244627275216
397.9893845335674	48.82197188481052
162.26659140676827	249.19229640978077
52.16080472904179	271.23783873438276
260.7164432034474	367.30409761561
384.059797672908	114.13251876076936
10.289548471650903	182.25454609799573
118.48188133266605	31.223163895181706
162.64980450314965	305.91135215123325
120.97716257509262	345.8944707730065
13.06614706411467	162.90828874738796
391.14207633070976	8.991332247922506
329.0688487350347	391.5429583303342
371.95712215599883	130.11141122055668
31.411298028568204	155.69172573549585
417.07702485963523	238.16267872064114
61.103891163313925	311.28979766073024
196.6685979978417	230.4744115809524
219.89284786809037	72.07226463679167
182.28919820807832	189.9722942664032
18.715039773333295	15.582291975150873
198.16895464134018	249.23163475550035
282.15914750228615	228.42997740154038
60.82190888318012	376.98401821954343
344.1187399403765	78.9482299245107
221.26601465579722	174.73290742643735
368.15931914080977	396.64327648040523
357.31639703674796	273.90682789589795
186.00475164405043	155.25784685739862
404.93466205251013	275.5700130415772
299.0773710671498	151.3580398538405
75.19037026668882	221.67051524932654
84.32628046220586	369.74375009896426
377.2478751797095	224.6655153263284
167.09223471281982	151.030948230492
115.52561676392276	269.9582726506983
234.21285936820684	161.97568567350993
55.468504607088356	346.57477723006224
403.98377784659993	331.90556223711485
34.1554514765598	176.7866987845649
368.03826393389477	36.27125473637881
144.51416405036687	58.37319580908545
217.91490034480125	343.63362824967936
350.9615128344304	406.8993133566502
239.72077917698581	184.1674796763926
67.9916870181182	178.12042853182734
280.0021805273764	323.11968974287214
142.1810969283588	175.47987158500746
212.83995756638535	157.78994317340067
34.495598332653046	343.4853539410839
372.26976836300264	262.90393011110064
270.31147627171276	143.63605895818478
218.7967461437853	265.9558835996244
194.92298808203847	204.12551097156768
260.6128676167245	416.3814846553958
349.64988873286745	314.0690735088482
127.49685602881053	202.7344377840244
52.08981039573763	165.8638591896392
360.20298983122956	109.99383028898828
18.26776763275044	88.73969337022133
85.70645529313694	51.90488270351576
105.08915678630308	186.6472251448266
17.64303512907263	336.6447864883266
407.0782736060287	66.80705201909717
414.80467743468637	167.0698304726767
284.3319080980205	280.46598308924473
157.4031667799238	42.65899541469032
287.15667722021266	74.22045789232129
392.95528998211887	87.10014423972324
270.8909806280803	268.15211520379364
266.5453026929574	349.27746887715034
414.40491551394626	391.91585540202976
144.58777383536847	296.87783255963967
171.07474489173686	115.09626551220789
76.17052628959567	388.9174075630261
145.020631846469	407.49111894152287
347.1001404613721	166.45641861204314
209.02865087189616	15.434663401095518
140.57191224963617	344.84527427528826
398.45944853070233	183.65070675725934
278.3098728971972	202.03775019345818
179.90134525318183	216.6424794542177
34.848487204042726	400.4023491278247
313.57289495786637	409.6511206324639
44.01781952924519	129.17195716625622
266.2988350371759	107.23835156255345
335.5010026607097	373.97636213396754
80.28381805479059	74.33866405265512
157.7894547397445	78.1685471891448
368.7002506499405	54.928196519791115
49.39482503100746	327.98959293907626
387.8494669503124	240.664639515824
72.8133417123607	24.006387881699467
196.76730956509562	34.21407242998048
310.79495230895543	23.990624063537485
327.9680011889971	33.06514532093639
175.30699642730903	234.9376073646601
380.9494837123668	413.0134135033084
411.67700086044607	142.18047576054016
126.78577266928983	253.72417054691013
95.86666247748944	124.64664106365606
36.86655465347207	110.47816303272481
78.210097681246	118.07803940167787
68.1433866809259	359.6843741403763
296.24735705914577	35.76176893754591
235.35454231758695	385.3532979502852
237.65123803177755	414.7257690452026
160.05793534540436	170.25225953716762
369.70659263005024	243.93505127657937
358.98629075152377	207.81424146361744
337.8765112509134	201.1797689420324
190.00822663590543	0.8777370716974864
170.95704904780393	347.0476579141309
206.8703492229628	313.627225448493
355.80926037049034	21.569983419983778
95.98095273472609	280.75439639878465
265.80102428744	238.2785534508476
108.47191048746834	418.05354161025065
253.10969140592013	124.99369876126056
293.396527831957	190.80650308653262
180.25120424201754	79.3611722572441
358.59696738881064	381.00769422170015
16.594443778270115	208.85896698014838
29.200247446069802	372.15609474228006
262.0322022295389	32.33661307299751
340.4113447054525	282.18301893764357
22.01264791875996	124.44718497819312
7.281717047466914	64.38039592476267
276.0151401785485	177.40655610797077
36.72268826433249	261.39611566282673
44.282439023322475	56.67078470353517
398.6926164430639	403.6743967117849
121.73637042329464	307.58721997344657
342.3794756914538	99.03907243805193
116.04932306285687	327.2277131888185
56.73217708693057	396.2928809716909
250.92395429803204	17.993782908305437
366.67005314299945	147.89517453391375
182.2761093099978	20.72932911491347
404.0592219754678	294.7495713302124
100.00457049219655	259.1530375160388
102.18589627682918	379.74047998432184
48.471037393168686	147.08584266486824
152.917026102094	4.956532580247237
15.376741506667216	231.3262458095532
14.38538547893308	106.96457649812034
228.5342456591699	323.67327315978605
300.7670574784671	311.2439278556901
280.93919671893855	24.268612045205973
309.82913498453985	328.9628030046332
384.87859253094655	298.5168074177412
234.1063383237097	214.2535167918194
295.4327457309007	132.38256346262426
120.10828988752412	151.8766586093093
107.95465687274195	399.2111582768516
317.7022069713277	148.77238913156322
199.88085253027964	269.12197925411283
112.66716214748581	168.72705875583017
69.22266095766683	151.37917409715587
117.66256898834274	224.93785636175122
145.0944021593377	195.91431028284143
337.0984815035181	151.1529382866218
370.92472055594175	361.38887485437226
62.14910935484171	95.75356112815689
179.8309222793732	256.00796352304445
130.9216436097815	282.5656048032428
279.6342565816952	92.17189063440591
50.13335367489024	292.90100120990553
147.51219267142628	139.19449246296423
295.62697503286256	405.2253692694059
13.806801225595176	250.13340673311768
260.5755346962608	188.3533249810357
339.176070496037	7.84582952146697
254.89611893038722	334.6011672545885
190.05212156126618	322.51870425476915
392.63477706489834	350.14800941220835
110.32645853489042	241.87450161924252
296.01841880128745	241.0638780349143
311.6761870387905	71.43823514870422
352.01681986016865	363.3400803773735
113.04867129854382	89.76657076872878
408.9588377327214	255.74429580315882
162.573672698823	24.294062686690534
249.6004625016537	398.3225435501036
410.21054014774387	374.25408099241974
157.06769721179197	360.81009398542926
125.61712899303964	104.74204299137203
301.5907790944975	372.13577304415895
198.44915521894555	168.93058012596072
192.92967189365422	301.2807348755429
338.5584813128043	55.01828689441795
114.42883660872756	120.0044099803305
37.803994256881154	13.895990816023895
25.180723538181972	69.52619107126662
369.07103960322587	166.37894736168423
43.264361723449056	384.1490038296759
14.475439180132069	356.15074011091787
214.7553611758804	237.4387174695354
251.42330194392147	93.19600802739572
375.0324416292813	343.7297976109139
319.601543470741	54.54536530616844
20.351544725731696	276.4360641402939
102.96428552728725	304.93483072951386
323.1646098958862	218.55473163877392
244.80681642931154	74.92097656217085
310.5041198816526	390.08098200374445
170.3427573370747	419.4352461157056
294.81567285626215	172.57441210580637
66.75888814985585	47.537099618184634
342.56830251776785	262.3696540790205
398.2626912434598	312.6588264810474
23.19413399792391	49.736287763130825
388.33788025334985	140.73744503512424
205.87127540588122	108.74347448435823
293.43784613351136	264.6626527540044
244.98348758707894	315.52640931230485
373.90978167148575	15.244369313701855
96.68798954996915	221.11376402749343
128.95567313247662	134.93082352614414
145.5410220308623	257.21661246041225
326.874300818011	108.75180189517789
138.24354716424756	156.24221259177952
382.2746490374251	280.4105359881829
362.50748457718106	326.9754603417586
201.21933897316876	406.4245870728654
416.2599932985253	219.29795690636746
67.32747085688884	331.8344629092624
320.39595132362626	311.14134427359267
127.34743084113887	403.5345353158946
150.14072672905257	389.0200407198416
213.95477592204776	92.25919880416349
419.17699136046866	198.14884832760018
221.53312964035055	122.06564675148402
139.54280837934138	38.68897996795642
227.9451186683843	18.558545344793203
272.6576138916021	124.2565624021068
160.85051036933075	329.89565872401454
155.51138721078058	228.05284510670597
251.5679366074942	56.02980167285783
377.63383572885573	96.93581216853191
52.56397084326288	188.97396096394192
44.528303839446544	362.01376687676884
370.17653169091335	309.1396335240583
163.9435901624245	190.2568728966427
78.47326869434279	256.3469825379917
386.49210825346137	29.732563306372555
114.81284131831681	364.2458944637431
105.98637528379182	46.29272919998714
202.51858823996005	187.09739076001117
87.83576747790812	236.98368061545403
413.39488715200565	348.25071765900117
170.47272839892432	389.23844140440735
178.19321882903597	172.24683335106698
189.57628097792872	125.13219797872935
300.0851824761508	223.04456703614426
285.9525708901981	298.7203801073477
141.89730811731977	316.16050655627294
308.7373055925799	106.45958164547608
54.784852379978325	30.565042570264673
216.20491614282048	287.6641383947199
91.10565133327587	323.49538981312924
388.0703149853154	370.1095749311786
187.88302074009542	353.8440224583997
418.87140386319186	90.08223331947838
253.74571391318491	275.5770422734854
260.0238025955109	206.90063669060962
98.64166969292198	66.8544104147508
352.0641879101444	135.19151427501242
168.93497857972312	62.465575160222016
132.89931991736782	77.4703689702916
315.7948260517929	172.263357607157
290.2191718195115	111.10924056848893
336.1488028979282	299.8904092967103
171.9619232930134	95.81719103398015
29.867236263439622	195.6388762850314
334.66576797344146	179.81126415781497
109.44747253093645	207.88868209790104
263.68775012480785	386.47188761234264
307.23507759052757	205.04216152600827
102.27617959090962	143.40669633372588
292.774958323712	56.94098460583283
376.82936588153956	78.47602246509231
162.69921285902083	209.4958780796239
217.83959238802134	44.5336715463201
172.98137184668357	273.8286638136009
320.87692280800843	7.010429554497522
234.83714300474693	233.54288567018975
270.04828473728503	67.99481534955636
136.66911465877783	233.69888449329252
289.20448846096275	5.996492693765343
235.0958003103389	37.54031566457702
95.13954228477665	106.01379255423639
88.13831195278006	179.0504971009511
230.01811703680553	251.14747580214464
140.16592782336866	371.03648192382616
246.82063319155665	145.4236317670246
319.34426428615524	190.2570747563849
241.92924359040595	368.0350469758629
58.98719205130714	12.008616692059041
235.32964276151023	273.7205895935903
202.91115683042096	138.9626459048393
178.0061452438591	41.80989286548426
117.05104399175845	67.51999358358945
51.98625855386786	230.58056139770034
230.84820298893354	57.371131321909196
238.4271346157403	346.50128588899696
139.94836675051468	19.809160434204784
313.0326215673497	124.53431101096211
54.9886607521691	114.40785033312702
72.32421886747775	198.24873451211013
76.13793382432974	286.6910248317905
39.256217461223905	81.92297462006364
206.00176084774816	357.85875113612695
0.5404226885053227	16.523459039497183
404.7427023953295	104.8295943030196
344.9838932851617	225.74502906611434
397.4652693776568	202.95943704843344
388.5463719214184	64.46947682140319
125.64786312642848	183.88158575955478
188.2753442777796	62.537136062319895
81.90203414204697	92.73223323852704
400.99279663618853	125.81833659339223
9.858241454308985	374.089662631994
416.4652681358589	45.30997954775645
201.12474354550565	76.89237406335097
378.8926712158428	205.04451113148681
309.343867171959	253.81134395437007
419.18320325990516	305.0379147461308
397.26818765821196	224.7157267991394
