201.13930209901537	58.819008468024855
402.7492121782471	398.04222434330006
382.551947703115	220.45240899940967
349.8966249420111	347.19586574844203
401.01779434007403	340.8411096411099
168.00986491469445	184.48162808426045
268.3834702355793	43.4522858083249
95.6899752912018	391.1972278431976
167.3502976967665	331.6035976719887
385.4440278686432	67.6889092951925
309.45574191192344	46.37994711130641
242.69484437510175	151.15803546272969
381.05038557661067	106.20996218712581
216.80929963102986	12.97884205234313
403.180950049536	30.118671460077547
132.8056330654138	38.91075790829907
27.703408446154313	151.7367767487054
339.47903556545776	177.46692411986254
261.3325261965303	250.43500091940513
24.532359281744277	176.5777238149392
162.70752250271295	10.478624765244128
2.5328198331675305	25.212039128138645
118.11288798301304	242.14533852628014
127.97652244863603	129.324619556767
304.11636130508333	144.8093495815809
207.6444938891127	314.88435247289743
82.19956529380079	298.441012056048
204.04701803001228	110.37543086447658
124.09682045121176	102.48644878248604
37.963880986771365	270.04944193210247
275.2807265695387	370.7239345517895
241.69062332593373	174.81445103198664
234.54083713178042	310.6255811831668
159.68082918662924	371.3244094661671
147.2793340217887	54.26560961577918
10.827464127490375	363.5910602638544
105.57024428771487	122.40255254196626
341.98303592086296	94.34501330906917
186.04241562198774	193.65800575021214
291.0845216440819	358.98445651705225
34.11826849431597	3.952047886709851
93.84672252277647	184.35632878620686
23.17856494791836	407.24252038678185
205.46253253569571	334.9693729117718
50.22650759063872	92.7713828700239
162.77325421899863	98.48918420521659
127.63669734673617	337.8389318254132
250.88293602152217	129.9315592061847
228.1491294018972	56.655288274513985
263.36159709207	184.90006293816344
364.4879783035806	295.4084035219096
168.4120346257124	227.7826591786448
293.956601475952	403.7619014263074
139.86530872013392	15.732065583271567
81.95729685817447	278.3637171727019
165.48280766703405	46.489281826516844
417.0715553371034	378.67882720691915
366.1278474284856	231.85216768359268
46.18201922079132	355.6034316448792
415.92280902147724	79.67491226055498
40.202354273498074	294.595224045343
102.72622812374412	223.80162049075813
200.18326591080825	356.8029346637761
238.63276679997398	14.127255999968325
273.8545925318152	202.26651097371052
178.40601289367882	62.691124111998676
335.2989871492501	214.16934600775775
323.48003848475065	242.33242664883363
206.36921956706763	210.49893427094977
401.9469627284897	225.59786659530906
87.4890139818831	13.336129027701409
203.39752833831173	183.18618351565905
255.74819134019447	314.61176645742944
91.7289068474301	138.9266594375627
376.6261942380473	374.1011180001137
336.0143126380275	74.08104912885432
39.4540081289398	38.84989444892093
412.6655889102924	245.47029452830853
65.9788259584699	393.3789246015728
300.2296750176013	320.02001153797244
44.38631798754794	187.77703281145028
208.7186043383858	279.1067678610958
241.29772561073696	244.4016789461623
79.86572935179866	33.7156564147553
0.5719795954201435	288.2169434971795
184.56079174590414	81.64921911412645
388.8374152185062	157.40149707545663
266.7910433516065	331.18558598589965
291.2485110422598	5.242093274755313
398.1673527225064	259.7055988932938
261.4627152523397	69.49963939301618
284.8600191804247	185.15448762258472
312.6590962733666	413.28654987429576
392.5064016844702	186.91516865257665
377.93866236860725	200.80469081436445
377.76544289899704	173.82182585758332
282.3054803542486	285.2083673901647
310.50662039182885	392.8708007562881
236.39196484635852	368.37125888618993
16.39794034496159	241.28699877577807
152.90784218593384	158.54326418928633
313.1577664326332	127.19239637279958
381.68984031979284	28.573491802371617
65.59383600324468	264.2838759662399
62.21465441750597	302.2029326570864
268.42777761330854	230.88985185010034
90.21418504711455	317.9486993929329
188.5323484163602	42.16603315326889
328.78158014095726	401.53997332091706
362.2439465410567	99.95627435625818
230.4449764561062	279.9051023021247
120.84523578472398	22.698525185270874
257.4032159842354	6.908969340411414
349.76061768130427	43.602041596551025
219.2759777109122	296.9942505249972
263.42364708537065	276.5623998564507
196.48075391935993	24.281883312010972
296.2833057828807	202.95669061199683
317.7989394330086	66.28935360957607
267.11014896650465	297.58757661278435
6.412132984643712	138.39363236460557
162.93501540056778	351.5124569926799
158.65808071253048	286.48417880762526
241.31580102225072	103.28186348956491
112.70078338958582	403.97722342760494
412.1130275281267	124.86738713513002
408.9214109767434	360.66512571666175
373.1017549069668	253.75491529293078
261.23870823658245	104.9356634929888
215.35439276152766	370.1764744840474
166.74516795625976	120.20855694978543
352.79891775559184	6.69259742332769
203.83026252011493	232.55490636668492
168.73752086247725	411.0832189615006
10.83437885462155	60.75654083920943
24.60290724370739	348.81839506896813
313.35997059596616	213.87596020724806
12.707119245083817	326.3305511635736
108.08172178147606	67.54707723038238
294.4674859277216	380.02708489481853
74.68112801290293	241.04737487154713
368.47358192241006	409.0415656091971
134.7658591132416	150.3582336225304
245.13333326163334	335.26767195391943
154.35831907456767	198.51856845071072
383.4180058003576	394.38713213689095
322.5966802021915	31.6729228927692
187.28089634707067	317.3709299580771
357.4343016791237	272.9594339288737
280.8018304080874	315.79596556435433
119.09844960401098	385.0025258710782
343.3710940290596	155.79985701037793
416.3995067992186	44.98361410745305
134.5694673666234	398.6417739158441
1.5756075018093831	226.99735579807717
15.951940324331781	39.999711062304556
113.5860165961384	47.10272457758316
157.04496006217107	249.5785351539207
220.02033645721409	351.13405369625093
140.3033605468728	293.34692841276075
400.2303851354504	282.63606715021183
144.0989417196254	74.71841995562188
277.2270562134168	21.946671512415417
52.1483682720884	54.61183140456652
307.57589715040444	344.2335172078402
389.02094256663406	358.8105266836374
125.25258224826705	82.75140046557661
341.08216705296485	328.58499698793224
27.914583972955448	100.70899923625457
221.54989589721825	94.56565700268233
229.49732503989623	31.821499493217708
86.20328252989259	110.19026833060121
126.31996987197559	270.64036877137437
69.89177116967704	91.89182496997898
81.39491877636166	221.245331775659
209.26954484005222	392.5670571382528
156.92968640636167	393.4063880358064
377.83010254874216	273.6387121221834
298.9012190107552	164.5259530649309
405.182066548328	301.7292658451497
73.45692556990092	53.43752676725768
144.5301899077136	180.5960977635621
177.6704985042994	297.6733745978777
93.17998116953846	48.757377695689414
282.6124023635156	102.95441622018656
136.5476648097042	252.31487955107525
37.84805425136433	206.45329292466437
10.282045195694835	161.25077008060669
349.81682392643415	115.38509402587927
274.63743165467906	413.9278112099534
41.52945377546657	166.1290640477292
368.7378169495828	121.94128958047355
27.664714477438817	23.02487590157755
83.49026574922748	167.58413997860194
196.2356926792784	377.3556642407
325.54872807422305	196.2688341860423
400.9897247299987	106.4131587052247
150.08251611240834	219.552898854854
227.0277806988668	260.36509423514553
355.69270655671505	71.6242043321622
107.13526376226609	348.306900771196
88.38849142015837	68.63313999087765
105.32258612024756	258.9026050651206
381.4092513982177	338.5326132916999
13.344707998351433	305.0303365183286
306.0004490674117	185.89907336972124
48.605117898918465	20.88536518189536
249.3349494392809	51.57889256525871
164.31301299864538	76.96387839825489
333.44055550188085	128.26884810916593
352.2586403627977	136.17788231333438
396.4863580152424	84.4761051389265
121.30767893415454	311.7996749341672
70.42645000513616	319.9724220013396
331.67745667814944	52.2655023801592
168.76588483686004	141.85160176135486
188.22184452379128	121.91320548792687
298.1355361132309	66.60769734269545
65.28746806511863	71.38458085118833
318.93131029355027	261.8889864741417
358.42743099855505	213.73578697863258
389.9026807782202	128.0760828721355
345.7504061137139	197.3975859514033
409.2761799682069	150.69954684717922
321.2036645883266	169.97294343112543
285.13487756956476	82.91453256271238
61.15745447292203	167.9501236865811
212.0096431693175	40.67641372399532
273.29287686031824	350.6355275818006
388.6106119671096	240.46650633864186
170.57595112790545	266.67728675174027
417.31362795613427	267.1753813677926
312.4503017757078	85.14739048285986
125.97973451346274	0.19469777500654126
224.41970568372886	327.5301461596765
348.01078499634997	407.6616993190698
84.61281649603697	258.68962757219487
2.1120323908654663	406.4946538717816
71.5149955954266	150.81387122972598
106.69126931014837	7.599169455651327
208.57764735820544	129.8505395504298
54.84149375907471	247.80473514106058
120.17215252797186	365.47866783429964
223.4888154248357	234.1795920862467
184.78625425627075	247.47921566070085
2.375298018535423	181.51368093591466
274.2142341101686	392.445559056904
229.63589941478966	134.82837416156278
37.176584546423186	391.8700350035104
292.051165392565	123.3426347900831
19.072686465413355	199.96033940934961
147.43711681503765	334.91021582876215
412.70580651133554	324.8532183947687
219.33563460466192	168.16576410765867
188.057521737857	6.202712070557484
89.30114244094773	88.27255847507072
302.1316969774527	235.05437429862258
63.95733547456274	110.86160164348115
301.5536225112869	277.98176052551077
368.4429813780763	52.46373876978669
17.12492823579002	262.33101427600576
148.28516043204183	269.22662419459994
362.80735652878	186.9409592826757
198.66074993079104	296.2625605978419
197.79327668502378	164.35921227471567
94.95418881659629	241.8212985318118
13.238267871898636	390.1838307895772
102.25772593027597	30.921291086012772
176.4102100209035	164.46959831771255
184.2135973597824	341.895122775192
259.7320914334809	165.0892940294377
295.60912420088755	299.9202655332736
361.51510442344784	25.947084561067804
190.08402117418626	141.712261096127
44.244134488645294	111.83895947285916
287.17030782553485	336.8616755637045
22.479887564335822	219.93539721991635
224.68957132698992	114.48332515020451
188.20046521820893	220.5681053199969
342.1522135403445	233.9740033406602
67.58257708531295	15.55244587798873
2.578324794421782	345.50668400167734
60.31855487521507	36.60250002061885
181.0501413964789	363.20908475177237
123.62850620122944	168.49450761412547
279.85051236816906	264.0288076893376
372.4379984861694	8.778416346562746
64.23012809080144	188.21374782903
253.93990641152672	381.3875679349726
30.82026871675228	372.3270079053028
225.43446587660512	410.11565971690095
35.0466602401154	133.01345987533162
1.1284314549581183	105.41596214936264
31.99184138610014	312.37888608174217
350.7046759197545	253.680287620041
51.23194598485921	148.02402256057988
270.1164542205497	124.48759321685432
140.72076413982276	379.7562514164483
210.75324599837182	76.45257598095249
336.68288642700554	271.1161220105297
253.12207906143172	27.519582537391507
338.0024266590745	294.1999863679449
14.547670660828516	5.426394518993009
343.8111682541531	386.74542904833567
369.2141018887419	354.4901925404874
299.718140515307	256.6579532744348
147.93829487324794	417.54352049412864
304.8140787605114	103.67730620042322
114.08487515940773	144.22965607191247
55.16833673758306	128.32370073100302
374.55112963873086	141.8932339467858
395.46747512393574	12.145238298856976
176.3660400761444	385.8787046991187
316.4615646640388	12.699517554867267
50.691248779279064	319.0982992268569
121.15610893638282	217.2548201079749
246.83825280071804	265.94069364388224
324.9465514658964	379.57931884144045
20.404181270082436	282.51481204776184
238.0824728939277	392.94053200990925
298.0971947916806	24.09578379475075
254.60057913466648	358.8720523785717
406.42679678106686	61.90544008866416
283.94012370238926	243.50194350463218
230.90152480600193	76.2357772145108
287.282217769888	221.41366857319596
43.583582206074716	72.45132086974844
257.7311457693033	214.1730555508515
314.40564391601043	305.32136382059963
143.8565385887176	356.38771401706686
135.32243880722814	232.54167797592902
35.36461838190114	250.0751204011607
128.2873642670326	61.286494579228346
247.90119943610767	292.5308588567263
384.1468314937272	295.5971803540677
362.53676566630077	332.2291605587069
85.76719241283459	337.36273627039157
207.462716469087	254.42389636920964
35.31117694014551	331.79566195637904
342.00678367785434	24.185902451588237
90.4332962791079	412.4249190327684
320.70386682182453	282.779836568052
264.35712917890174	144.51484872070583
79.43361878374044	378.9320886127268
359.18728396729557	167.38000647520937
388.38170236805337	413.7079258829812
53.169217189822945	374.53434109849195
390.75333949573695	48.39427792943464
150.02999919677777	135.9948636456243
413.7284748339094	4.9453110155631625
15.921098557308804	80.79618673956479
337.0521373029525	362.3591114902457
288.09991812416996	43.22717812231246
104.32026205993733	101.00317052780028
64.69752899164354	340.0586575423365
204.7158178420774	415.4479786802293
163.44439328406176	311.98202296580075
318.87594041251236	327.409137946468
131.39736200353448	200.59202178279833
241.19482540850694	224.63414943825552
328.8530724698441	344.32297377103066
80.35129032608828	201.53970781981843
60.04805374315776	226.93714698842916
215.20714671053966	148.30568733943534
56.61848607193937	282.3313789640154
278.9984716987412	161.71670754148033
243.75044410601978	197.1670909693966
30.252065138117203	56.55387974373603
75.22428839162197	127.64513200963684
248.77748293283406	84.6455050611835
323.7359147836746	109.64504866682952
145.84789639022816	115.87392849961664
39.79199907071321	229.4215273337431
140.98560547635677	313.34832899289785
69.06056570071982	415.30888250221193
102.84693182806599	300.3780471135391
120.60436068744765	291.46367301364944
101.66817003413541	371.89440608357086
226.491048461785	210.11857723852523
116.5311674602949	187.61400229898442
187.5375935831079	404.7728642611574
107.95572662232514	326.27171214889677
279.2917985300089	61.41937119769795
310.4698976280571	365.3841925103521
397.36754024429524	376.67975541941513
171.78370202793153	208.11301237191125
190.6547494937398	269.3867910190094
284.2492754235093	141.7093166018418
363.8781396246487	389.52859751397125
67.17879655442702	360.5923938004558
59.129409691730174	207.31812539068605
405.40567868720433	171.14036740128753
333.07593645555903	2.094907472635218
351.5210188672327	311.9050299504368
376.8110491668821	85.32913992578912
396.58433446428666	206.78239166682587
100.9990533239512	203.54879420377372
102.49434254388511	160.10743767601886
104.43351119960681	279.648614172538
175.4700733552092	26.298746003518957
48.501174492054055	409.87848849761406
142.83155755820783	95.26739642830033
371.85622607132933	314.4555811941986
324.9904427644084	147.29555750442213
418.2877907758525	201.78892679660433
18.90687753902994	118.95696846842647
390.71184426388265	320.3955665472731
356.90888854646244	371.0279328227339
255.13974090162657	407.07966866706664
185.018762152595	101.44978814817514
222.7832744652755	187.61553120888527
86.91144056499733	359.04504945640565
154.92948390525336	29.31171798999611
