211.30434962993897	65.93999389946629
404.7375369368237	393.34336368431485
380.41901156500546	217.71098122355104
350.0965510846957	346.80857097047544
408.6237116466344	338.85245348385405
165.3475799515137	183.9776572326396
269.4670582123586	43.250122367532995
91.01565929465106	390.81836520546017
166.14513393565937	324.5367032810339
384.61494068076325	65.83606008766985
309.2289583641067	46.274438999319344
234.91333594396608	153.9025106626596
381.1435850972209	102.02750280628368
215.20591802148815	18.888450309315903
401.22833698745046	29.98276601147802
136.51163703009846	46.222561516571815
26.96252403908477	158.12468799179172
337.84735798992585	178.42413121596306
260.7706122861865	249.81308803925802
22.23237287049924	177.50819266688268
162.4120008447793	9.40752663633592
418.89445157275657	21.912499214844146
116.11546696345657	239.96062892059535
130.19436615267247	132.5516657413124
303.5831012653282	146.68627334734384
214.49348544155964	315.9272110913888
73.86400723524298	298.76756746927447
201.944451629942	105.16124781751911
123.65802051167798	112.94049108526566
43.33700671253642	266.99654546521873
269.2683551945285	374.67283018234974
237.32829469915393	177.13710739778668
234.14832342377844	306.56791101683496
163.37736347323764	372.4751643620451
156.11577541214888	56.230263164674156
13.764265333742774	367.094804856643
101.72247654733408	124.93562146890598
339.7593945311908	88.303786730351
183.33276314530985	191.9657937372339
294.8564226299352	360.9031467161902
36.50446299007736	417.9413973102613
89.81091767848564	186.69305558646008
21.672147680151248	405.04099921383545
204.31705867333866	332.97397168425846
48.67185631079866	95.9507913589307
159.8024056799201	98.50794624072877
129.278413404302	335.3114349003524
244.32434326908265	130.11994240494235
228.98491339112863	57.097779514102534
260.3077949538655	178.5011224004911
373.6843749120434	295.3377825385423
167.34476443276142	233.11602573536464
288.7178753562914	402.8063891711014
143.19439517174808	16.150984946909347
76.63164941701648	278.94679807896694
176.28159794894546	41.23730033929007
413.59342387208056	376.37186258516357
370.301207474737	234.15058370683815
49.242544594212404	358.8936250008808
415.154679108009	81.75338945716791
37.6463562046869	289.51461160330905
101.05524299784507	225.37918378600511
202.37079050285422	362.2280927118458
234.30601897700353	14.19434181808868
274.36798406857406	201.6003596032107
175.65723494088843	61.535787579295274
336.15882658825103	214.4823404509033
330.40063509734523	240.7809983553081
198.9769458336821	209.47333584589526
396.9428245125825	228.14075610931758
87.76332074468661	9.552879980352571
206.50392441096102	185.92557578179964
260.1543786427878	312.4415296538312
92.91313531115588	142.96801566094908
375.25466814727065	367.36233460078773
341.46750040154296	66.08812463296054
37.84556700402791	36.635833812185
413.64257142771334	247.2460152750914
71.55226026094316	393.8696143469573
297.9642132165373	319.9285403798458
42.40012640804829	190.71251422685717
209.92976952376443	274.6297458308434
240.43543975428287	244.51194640392586
79.60536470329203	30.991076032748172
4.420111052139075	285.3149449537834
187.47229341712597	80.88809916175165
388.62624302669616	149.2292369306647
267.9992006760457	335.9010511365408
290.7932542034753	4.952507665589124
396.63581252527644	263.14341533385107
256.56491386898165	70.93133841512717
280.57339915785707	179.4226184753757
307.2417504421868	414.1573243469682
397.7700378337569	187.57648257824067
377.979071854031	196.33535284709708
380.7171773281661	172.77642565681163
291.4214310830073	276.605394069871
307.53270284752466	393.30207872020486
232.4090963951216	369.849915167257
15.371934874529176	237.3344689955152
152.52480788271552	154.76431062942066
309.48581600088295	120.72739203170057
381.57514292413856	29.518111227125896
64.52939575342931	263.2333516835718
54.43109050320751	302.5889560467278
267.89643269223865	231.68181838829125
89.0699054391975	315.4707325870387
197.1211023802092	49.42233837650487
325.923860643143	402.1250047205466
359.9764246953364	104.41460873583834
230.66754254526748	274.5838445801699
118.93543744624108	25.474211006910544
254.28702308632575	9.691543229371652
348.75108863245435	47.84310858318598
220.34052107210573	291.7426196810568
263.2251176965017	276.0873110244772
196.78966193909494	29.322970363848437
293.5573092366068	197.8007697695052
322.4535455882	71.65503507052185
271.1934469276009	294.224507367334
14.33873560923931	142.91026120461567
167.30807916775723	349.4142055391384
163.00769865763058	287.4804746826925
240.19784496952653	106.70567465990958
115.35947557905394	406.7471921204288
412.14576573001494	125.45830911401995
415.97180234855773	356.67051231571844
369.4147950658807	258.9712538370241
259.4672593442016	105.103037703795
213.84338734470532	377.9235599882103
168.5301646775485	119.80333795445765
351.9264003499538	7.033363849767243
202.67654567146116	230.25172845479443
168.90587596555477	410.908864115878
5.105100438249064	65.05020861391932
29.94112464719641	355.31785730286725
312.003701837486	212.79937209814938
21.790520468307534	323.196507104136
107.87990454816229	65.08597968695449
288.39728657933523	380.192001833267
73.25098829201283	246.13658552926248
364.9068021471601	412.4419203126663
133.55849857376984	152.01668067926718
239.27054881241224	345.41933034445293
147.885401078922	196.68345762762988
382.8179641013562	392.9951938108289
323.47251545440406	30.986495737563942
191.66593059622392	318.2441956721825
361.76000354129485	276.71502703927075
278.9790967307187	317.48032362662485
118.97149146443628	387.08697961719383
342.79258166317913	156.16571855468482
417.7001869657258	47.05687825650106
135.769621498196	396.9428496943556
418.60299645345145	227.8014926248546
19.98048490510954	44.57445575240038
114.80748486034378	46.54389365117312
155.85995486776056	248.59159138911733
219.85958578762893	354.03079374056506
140.82713986187176	286.9551686012154
402.29089123118064	282.29968139618575
145.78969350064142	75.57429647270163
278.86467996474886	23.035558645988893
41.51797768763797	55.939143675772975
308.75941910151937	339.7335724105858
396.9407526891456	354.46730679680394
117.40959643046445	83.60195990924097
344.2630673038472	324.5594555796889
27.184731865174275	103.41280817464597
222.25749238300745	96.56666064874254
235.437935740794	35.51920296122266
88.08185821266251	109.39304692918037
125.86205406871778	270.4334222035498
67.26505852701618	85.22648236844582
81.08988851092226	223.95963869151618
214.30220418317427	400.4714668322193
154.86980950239553	394.8707599661419
381.1726350555185	274.72715133023945
298.3077811619332	167.88965963474112
411.94311706252427	300.8621312533076
75.48816229679325	50.6110189989101
143.07647698781278	176.90956056389624
180.23933470271743	297.5598933703859
95.13934772191882	50.28257074748773
277.709760378887	97.84688738829554
136.5685491550902	252.8903479998672
38.454004600017896	209.4877468466303
6.703448715091393	162.7732693485036
342.42289474432783	115.85653113298662
273.7125357888233	416.26145534524994
42.002881837430934	171.05447158460493
367.03084285793216	122.53464914710837
28.231927207656998	18.21600933470166
81.69174417815773	167.22914448458863
191.38069911684968	379.4733413811156
323.7071884767864	197.1628876765345
401.36865742123234	108.92928137690852
149.58254360056512	217.60912844438047
221.23674100115335	255.8726180419573
362.6165885298494	68.41984407274074
109.72585530505724	349.52017376790513
84.99536770041101	68.97863768478365
108.99043754424545	257.9630184358446
389.39367101987943	334.21517519188023
16.881617757918352	301.1244767862485
307.9662401804625	184.61527188171547
47.51302059426764	18.157656995811028
248.27455982456678	50.828740169263455
167.92627461890066	80.60466800148441
327.5517447110955	128.30178073695157
346.4874278694389	135.71159755866552
394.7456473767111	82.10600280644739
122.3948378713237	312.18345385779935
70.43659645602436	320.794745460355
329.6399857372355	49.78353906515099
168.403231420764	142.76048350950032
189.35303071408032	119.56759916688962
299.81682078209036	63.81074572398851
61.3297459264153	65.09110358951142
324.27341536357966	262.55784052686914
357.4635624884414	215.85336978794467
388.6774682004718	124.90006420672927
348.13409787428407	198.20752066070577
410.2723418818525	147.8784864451149
318.872619361427	168.82744880687252
286.8087508086791	78.54733506958902
62.65170747294152	171.00498477120118
215.49236777412176	42.00748333079008
275.26493226166673	355.39936495839333
386.873106044574	245.38265587605557
172.51599940176848	262.73666500781
417.13170928659923	266.36094839587213
305.7924519263489	82.38649565362996
126.3814058120764	3.4758949712173046
227.33544017300775	330.4269159806347
345.68633578176997	407.55451037927435
88.90969260758142	263.26830077199367
419.90218698617724	405.44024360483604
72.98942869449063	148.95914246785927
107.27612394442599	9.950737024044594
205.62815252814985	131.62520475510703
52.65913402033817	247.21541670397454
124.31167776339247	366.07567523381107
220.8574107611579	236.57329016667703
182.0317147409362	245.61887985207719
1.2603982830101899	187.05690794550904
265.87792551054446	398.592031476912
225.74427404898253	136.76848867875964
41.85255742113651	394.3239874639145
288.74590099373967	118.05743930304057
18.428086179842165	199.3871105710851
150.27236416743534	336.3265151554452
419.1058686500204	322.2482721646369
217.86121086104956	170.2720402658665
186.76090943897816	2.8444814084517285
86.36547193215897	90.18729650117173
305.53860182895835	237.67746038861003
68.04165423689119	111.9618886232449
310.6319171207877	279.7476121260716
372.7567966412248	47.058004859897224
14.229661788902574	257.2934508038455
151.50093106876645	268.6311565021397
362.7023170333461	181.6623529890222
199.85710307705475	293.01135320528846
193.22173301569782	166.32799895064954
94.7140135402356	244.90987529944468
15.71012016361265	386.2375240508091
100.37150049301256	30.910727544727315
173.04203407356755	162.74607801956594
185.16531119384356	338.68241022460603
257.19338271910806	159.5256437048665
290.71954064201674	301.267900449757
360.10033277118646	32.15355705333498
187.4400017982898	145.20845093710474
46.04422220558813	115.36523380510755
289.4424958550587	337.1807224808037
21.516043224018325	218.69501867422997
218.43685841575729	116.24759323455878
183.3402621170512	221.90925921000695
348.8401718699815	233.20605482738293
66.86042353054707	14.995614146388228
10.99044583116714	339.3830655070947
58.91644986453185	36.849417379919146
183.23529606511013	360.96776911510835
123.43324359759384	169.2945400470742
280.13785584678595	259.17100173660117
371.4750272534607	12.48831649624865
63.31160479483224	190.1486882062286
249.22913296778222	382.1035168146743
35.53560561044179	376.0699390384715
230.01862674782794	414.3064587276089
34.3008568063203	136.60664505420633
419.4259166364567	100.43917575320874
35.98278263369995	308.7252083075072
343.41792149710767	256.1212197947005
48.478136931727	150.63662994827249
269.277956353829	122.16658944556228
144.47749615143331	375.75990559398997
206.31253160619286	85.19881286883103
338.9440776124456	275.15019462120887
254.5728822704103	30.13908281802692
346.2657579565493	294.8043493078418
12.221746331355101	2.059126233578047
341.9516692485513	386.32127406665285
376.2315776767716	348.14600054162645
300.84430263883365	259.14613317128834
148.15193260576436	414.6691765985902
302.7534047483709	102.34046168190035
112.14480496562271	141.33113209018344
57.961996073595266	130.82067137942624
369.32223038837907	142.6419521003117
390.98723216798317	12.853728009452094
174.49239342383697	391.8408634961847
311.3406300229373	14.164207152629935
50.25844818760361	321.68459210450055
119.50358684748426	218.78589213786663
246.6598093345611	262.855068496224
320.3730026290455	378.5545430646919
22.258556693667067	276.7121181375953
233.6711664427776	394.38399949631287
298.7330588572159	29.606110125420297
254.54220587276006	359.10045684133974
405.96549189484966	64.18659144617357
285.8794176873749	240.4853485372808
228.47717701241515	77.8457638718267
286.50296766265063	221.13438842683084
41.48279884613849	77.60661002499329
258.2066131728816	214.30907961856474
310.23988383952906	302.48682125044246
145.56902981480462	355.1130051718321
134.13962563011984	231.1711497908599
32.09845551744303	249.75204346711595
129.7504380263581	64.37517106691101
247.86371282049456	290.86089632381965
392.5738623646166	299.1368907278562
362.97880153540007	331.55640004693936
86.84867350088038	335.1207222732194
200.331899760124	256.84403294709307
36.218565321949455	336.2029086938765
342.304392586966	24.590755475673927
95.38126309407134	410.3961304686965
326.29156767555105	291.51133397132804
263.49339153142824	140.4358061494482
78.61996656572809	375.5379451706043
362.23229496466513	161.2160587896569
392.39631277980766	409.9002239882064
57.43130725412773	379.6314821398901
393.2220198431414	47.67804794618967
150.1131243425028	135.32750009437706
407.16565460754117	2.188360659434209
22.38134885925331	84.69084509095538
334.07616866044566	360.4862472889191
289.8009340042074	46.90648311758265
106.07497780580044	102.81518024749145
59.148650055967686	340.586610551998
206.87510219985668	0.0863948807945709
159.0296963478722	306.73859966097615
320.8099376908484	323.99621154728896
127.04324266983562	197.04132578748997
242.1507053619664	225.02520769673274
328.6873322441329	342.044392553704
78.30956259700005	203.9332592203619
62.19575372241333	229.20290127776653
211.28079375797435	150.0670708974205
57.279662371006445	283.29712269092045
280.3654572194304	156.38418361740153
248.68292810949416	194.9839816903605
24.61008941886675	65.65214690156611
78.63983074853468	128.6574970599639
246.62420867872183	88.46345877980802
323.4652296362436	107.58203121083248
143.0010614319498	112.47516488622249
38.860989992409436	231.35830952222852
141.41703782081956	318.3358825943247
76.3206871340585	414.1275639444363
102.92325346192446	301.34272892134493
121.24381633144299	292.6316705848286
104.67560153361369	370.50346348945595
222.48398402115086	214.3403615974509
109.46086991378763	186.23116682505966
191.8875240732213	401.9162702305688
108.49117078080239	327.1382871654849
276.07931894293495	61.79488883661729
314.5948821140426	359.706126455101
392.61523847574745	375.8108552286208
168.76603175061683	207.61685928089668
190.29271077873273	274.36402249703957
285.23860373558205	136.96714513304545
362.37552829012617	393.0214371443086
69.56867795203885	357.9632159487609
59.78439272696751	209.5900053463647
408.37769529572944	168.96668378691453
330.35511912181784	3.6307348691743604
359.6263621431279	308.8896642681893
368.9084756966091	86.58363390432501
397.7611475891433	208.77505768920898
103.459485301954	204.97888108012577
103.85913368670923	162.78831284302714
96.61778795589954	283.0700403806394
178.66337858801973	20.797295403345483
57.118927235477166	410.4204919324767
136.9707059548362	93.62725966083264
377.23211843916897	316.77842975802486
324.2418348069671	148.3513963868832
418.53311334279255	206.435959392956
14.558320888703362	118.49884559639898
399.6920203769197	316.99588521257357
355.1887545672609	365.448126507466
250.04971920102656	409.6996918300409
183.01899120830328	101.46491343251273
226.19704499877432	194.98959845100845
89.77624093790473	355.22161287937536
157.68603363318186	31.98886571209766
