121.48425962387614	385.0226269091131
381.93919919688744	323.61914798938875
141.9781979194784	95.63696177058532
316.4172613411231	361.7696044963865
61.906530581454334	132.8951629688098
252.88836873028657	255.61619240733006
125.5509111689989	7.0503441192976615
282.1272567514522	357.92634893179996
225.18178194199345	140.23454199994157
211.51647336384616	217.89219414518848
300.8016140201972	348.61047859472666
346.93707863183045	37.63779775991218
356.67358492414036	185.25997076632336
246.05693728226416	296.43784230527785
129.1397073003653	50.44432832390718
302.07042700986295	85.33832008913762
360.8593451311276	0.9756394631537693
356.991778473352	295.16710158246167
174.9862182853997	292.95906078183447
418.72405960209636	117.6418922295945
144.23432466744572	214.77477866825262
170.4969427462727	133.9107326305235
69.67624080512272	239.85567147010406
90.70149669711873	32.45953112268033
174.70166264471484	371.35344882463596
15.526119947019916	395.2024580525562
92.61041926277622	201.46031216242164
3.4899093683610722	286.35810556082976
417.5617953734591	419.0486634235433
254.4047655231127	168.95228447863855
14.502086940440273	141.4247410725149
332.821253707781	350.6717362369447
329.73179053208287	245.36208024967962
105.82880599813363	17.75046114097691
71.14020037336057	412.26976846066356
331.06693594206325	411.85785887331053
314.4181357302587	234.6825140308489
46.565184001337435	415.4891125742851
80.90553604516012	135.60368045056643
53.376075330327275	209.14307136878853
377.2490704283282	183.90900765303257
30.250542708577694	294.218211066337
226.25016989924436	304.95754994622956
218.49610632256633	415.9800950252364
207.2882006837476	58.624515960398874
404.0031525586647	28.57886530648136
357.7674208670034	88.24581162919782
193.54752796296165	95.45728215578612
350.41461167177283	340.9530874735197
274.7838969960328	47.90681336052875
33.163316906342715	221.36703855907834
79.29211844262218	306.55779359891056
252.0442474473482	225.56619513864018
199.9122523431148	379.74641048156514
217.7420032823338	395.12014815199774
389.8694254648156	260.7206804453721
275.62674986434587	400.48755603267534
114.14790985790941	290.6437159853097
35.091020397576045	240.67991475953167
385.2427644982494	165.63641394790562
58.69543103224426	72.9612315233033
94.72212384227944	162.0231280507894
223.8967826972868	197.33139797072877
262.8590300317427	306.4310472484044
18.891396754759427	414.27190239791395
38.99787707367804	310.92809326799244
321.8173898014079	268.3766669229666
35.82041956808216	34.325584532766385
0.14179081117055023	325.2268470958253
387.342748427959	388.5405159753702
11.878876233198062	33.91047945489386
281.00194984064126	252.19881834278956
223.29781878765206	371.2089031588472
89.93412064392938	405.63280732933526
81.54405767510104	8.29952668298654
234.74699445937821	107.34547934511683
154.5393763991681	277.24295184971885
4.211851364630877	266.2142032371317
343.111171078422	116.90378130394146
21.528494011225387	316.62428109799174
332.8000368031808	132.3034307240867
289.03357265042473	385.4341353447437
232.77328251656087	88.03820548118978
314.38890330236876	293.20721571266824
145.95480054824918	113.7498051260773
55.154167735776745	254.35845532926544
352.52113245332924	248.56763195513963
87.3352871779105	352.88736605323203
280.0288062080104	159.86596817581184
326.62743359321945	331.2411684358374
398.78984737926993	49.10468493793356
160.35762132550406	249.0655233345998
50.536345755994155	273.520031986821
260.6173745327612	365.64887486609183
384.47873387261774	115.63455368207315
12.450209872737059	180.6751539188881
121.32877527441454	30.50341531074598
163.67698689677778	310.37890222474863
123.07277674005125	347.34483294001853
13.519702958625205	161.01450280155865
395.91197761080934	8.648460229406426
327.750323429004	393.6478825482039
369.4361354181808	128.90385002212307
30.297718677111558	150.86924248009794
415.983498699512	239.34488179419688
59.74326045096737	311.3358078512162
196.13288104305755	229.94329248092922
220.1493465541364	73.18523169930702
184.69415786972985	191.35146695482888
19.20027007319381	15.807097584445174
198.42733052939855	249.79054230056792
280.1156810466886	225.99094670656848
62.934150348684305	377.98220687643493
339.9936990578526	78.74554341450103
221.06320593989307	174.93074807919524
370.2746746119842	397.6973724956094
356.65013841538865	275.5726951648255
185.60614712213035	151.93800113319088
406.9996120058902	274.59921356084504
297.78627467387315	150.5808860169302
76.85296029593223	220.45856033321036
86.15888122056683	373.13874575669365
378.5292992146281	221.72183854608048
167.18741143731236	152.13486735448464
118.63689058549365	269.37580541775947
235.76601149153254	163.1404849150479
56.95940412358256	347.31214533900356
402.2103431581083	332.9671500135021
33.40289469296015	174.3952231192198
366.01507200601014	36.87225760302248
144.36051989299403	61.268355248542086
220.7013682081372	342.12350536717156
349.22283814469125	406.56534346217126
238.42686367657336	181.4617170049863
67.6989904912445	177.0557054165494
280.3743479871393	324.5789540772087
140.02974093744024	176.502168758259
212.8055481887381	154.14662351108143
35.32574957609677	342.1954068311717
371.455888998923	264.328211889164
268.57899707714137	144.81364094085848
215.01108658286486	265.6461215369659
196.3255727738537	206.1543926169444
260.4663217397284	414.1565148783935
350.07575605287553	315.66449106209024
128.6917568891315	202.00105187512582
50.29465431164944	166.55783172326156
361.80468101971263	108.25965632996129
22.676974891759222	85.57536727315274
87.95734664133357	51.04959122436556
105.09178904925504	187.51068505267025
16.251884035885734	334.92069762981095
408.43663059105694	66.82563815414407
415.84920183354274	166.5269432260043
282.4259813265763	281.5715554987398
158.76188784469326	43.498628974662694
286.2138899973174	73.85962096955953
394.9820745532032	85.91832104775382
269.7279959764005	268.22721252464896
264.8023053990374	347.4921481906566
416.34853954973255	390.2937597952855
143.15635943852593	298.44268986886647
170.7344426299065	115.18271229641232
77.4935634383929	389.76815932183575
146.85545773041147	405.93723994944196
348.2869962082718	165.02324134408863
207.53443739884156	16.360113728696255
141.98307467777275	344.59870761009086
398.6240053832208	181.94420024730258
277.3683095476616	201.24648280793195
181.69573772873608	218.4473653404213
35.4631893810472	400.0028470455373
312.67658926670333	411.89294395483927
43.72887227226244	128.76392769552243
266.3050362251971	106.97068616296029
336.5711861269908	373.511608813807
80.39767784427674	72.67349528112227
158.4771578260202	78.11245886945923
367.0568997922772	55.353068318399764
49.60834945131352	328.6293528506159
390.0991084969047	239.38638832908478
72.50001584831914	26.521507394577892
196.58560900836767	37.3248866452422
309.6078134777398	24.155234196046578
328.55779445873236	33.36659794316163
174.45331310562307	236.04609683327593
384.2159913881552	413.87541025710095
411.21990553530287	142.49269136506038
128.4224747798228	251.35305469060643
96.86523266220614	125.19975145087146
37.46639858262019	110.9130271046107
78.22531810774497	115.30818941765429
69.7656318908283	360.5632853402309
295.7219139939874	37.95803074678058
234.95485030831725	386.83930766884254
237.34824351734534	417.06082648926724
157.55374387357276	168.83233523309607
371.6526813431194	243.2885769976384
360.0680746526645	206.85497297769913
337.2211621125519	200.91815773397695
190.95993702437204	1.4011107170346462
170.58092471349627	347.4473128255504
207.6204900429764	312.31938479640775
354.16675378435815	20.07238558571765
98.30697492972631	281.2020223407517
264.35825165623515	240.79578173123562
104.88719793218404	419.30851946901
255.46787869964837	124.05631508283389
293.7807089426584	188.5734900040699
179.63974948741514	78.5468593911435
361.3918964310931	380.9541950828053
17.890694729734204	210.12315317661353
28.376530365245745	372.1186241689529
260.3791337677589	32.53621880950672
339.17282894680187	281.61270495830087
24.783850725909986	125.83359947854763
7.18703559028627	64.77010165803895
277.63434180426265	178.26241924546878
37.58487430169786	260.10746126117033
44.33697391387893	55.25929068216183
400.2906754801141	403.5777052311505
122.17381482729739	307.3392426099067
340.0724150978735	97.54369325367284
117.15770100431916	328.79692682417027
57.025757101208875	397.1333325881397
246.1032198166098	15.067043177548163
367.00091425437563	149.1437731192537
182.42149497876918	17.923062549332577
402.15271199160765	295.05705260543147
101.71335274483124	260.5081869540743
102.97537761971131	380.8214445980392
49.84897168125839	147.13375286019578
154.80246173166316	5.64726400944014
14.589977345000031	228.51122264788486
14.491398538039487	108.03811191783934
229.78718085768006	325.6129469260643
297.76760450821183	313.88609095422265
279.2875792917843	26.19309817950422
306.75236435286536	330.6016745301078
383.56525637842077	298.5531159041019
235.35673040984088	212.11193890614854
295.41019790905386	132.29835501584319
121.28665567920356	151.4512716741405
108.08872222983021	399.30667913473866
317.7167706982676	144.61604418844308
194.55645318329576	273.2879280183343
112.60061892140408	169.18177079974768
69.40190211660148	152.76405737702635
117.90735368890786	226.41513756364216
146.7434251647412	194.82629540739532
336.1382894051418	150.8440928439414
368.31444970368347	363.8519753885117
62.157639554543586	94.2952049832912
179.1607222750633	254.4445410140898
132.18187306318418	283.0799871361327
277.0945597497541	90.33331829007916
49.08797123420734	293.50246601684955
151.44598287715252	139.6405281173849
294.30535500907195	404.2568212524188
15.758543509429778	250.712040453008
260.1720049063411	188.87510151303388
338.7471423617679	8.660090243601497
253.42086721990933	331.655023573905
187.83580289745274	323.3209537382623
391.5143209413346	350.0695074653429
109.96132374673148	243.1228640521656
295.4538969565455	239.88298807115999
312.45863519889076	69.37182972164088
349.77568485035556	360.48087854044064
115.10149184519373	88.10496580776837
408.13619943500106	256.025283797783
160.7928572470712	23.48834452431741
249.1591186312543	398.6230325672059
408.26381833131444	372.0022491264904
156.1554077377127	359.7967874065694
125.40258663974559	104.01988927040843
297.9904934018253	368.7349582246876
196.0349503768116	167.1481070116186
192.45560462579803	300.8052456810544
339.0107528482127	54.67842380318639
114.9566106746882	121.06504419852561
38.01493800165358	11.892092880764103
29.11155365503613	67.72639487290385
366.52227383818627	167.82128045188136
44.363624197677964	381.8325857110751
15.581568384656356	356.39905568145355
213.371320057546	238.90687707412894
252.76901586262122	91.64736466368254
373.18492494613196	344.622280800844
318.48143315657217	51.42181843945568
21.199177390996944	276.80543553498984
102.81447310874562	307.3210060615981
323.09183046116414	216.79357881712454
244.96229313864055	72.02764742014533
308.5899047698922	387.17503766005467
171.4021465959928	416.62903469986964
297.07559100262495	168.94328466284978
68.12677135666004	50.775469771493505
339.3942307039225	262.69889743184564
398.28241695183755	314.4933782636898
21.56664858477699	49.69059539995217
386.1322435185068	143.3283951396396
205.8017054655409	109.54382658316665
293.3252541991269	265.9636973045337
244.7365248038602	314.76973831188815
374.56765404167504	17.28289419883778
95.29144542264815	220.81834133101268
131.28950064966014	130.82077069534594
144.36940620161704	260.67158466855
324.6273846428026	110.06119198270609
139.93389890949143	154.67161963227878
382.53036939995167	279.5884250760785
363.85416917935316	327.8873735465413
202.23043386296925	405.5914161390426
418.6078442156651	219.40593191995728
70.52129848691906	333.7000953683106
318.76028204969066	312.0382578926135
127.51420543997813	402.8049568505778
151.26069533054067	386.7987581377647
212.950874790527	90.12146657028528
0.19635781466178429	196.44664436520551
221.11004037144104	120.53372191192632
141.48878230091316	36.421208386829115
225.68965608516817	19.97741827160579
273.97806880943176	123.89187887146339
161.6421447422326	329.1918497372855
156.6721791286519	229.20600481675456
250.53160736313572	54.303209378993905
377.9720211058254	96.93112253756117
53.321755570864994	190.40113811546445
42.59615191105357	360.26833818219524
368.68484009826625	309.93761668544596
164.7530335349719	189.51350407958049
79.91420483482969	255.79604246145774
384.50655411278257	33.71697724979177
117.07500391666828	365.73872511465896
106.81272856249554	44.848537970815634
201.93646896933672	184.67356971567463
88.33323127598283	237.9073520145246
415.3628068452774	347.42757721756703
169.93986549713193	390.1848967005193
177.01060974327333	173.10957213190756
188.02252818682598	124.47597930169998
298.0647888887766	221.43598935059978
282.5896928804563	300.6253519387931
145.27115905324283	316.72252685184975
306.28590186831184	107.9821389025378
54.33381419364255	30.65221079316897
216.33714065316457	287.87771013489794
92.90664815668045	324.4613362863697
387.19450895268585	368.6576878682225
188.7001356938926	350.7350583783338
416.9925918405239	88.3531585977623
254.12453051971937	279.3718760411365
259.186475304875	207.65460603681896
99.02755722123744	67.31790824519736
351.64157953287196	136.09104676238465
167.54610391072885	61.41960847172263
133.08723385164706	78.33878192530315
316.7238416028709	170.84728162537235
285.1304641875491	107.36486473159381
337.52865988299806	300.9242497182807
169.82271138269735	96.78092745338111
28.491220394363715	193.7478980446105
334.01173610072703	178.47161097964238
111.37912514501228	209.2041115162421
263.53928928427894	385.625206750638
305.98196036831933	204.82539561210461
102.21930215813178	144.303046334898
292.37398257799794	56.41376745240892
374.3620474767104	77.70395232513968
162.2357963526435	207.7191069407582
217.9060153376944	43.59176262486226
174.60741903429113	273.94905274995824
320.3485221355321	9.197290024070675
234.4420906388683	233.93883753604047
266.60285683009056	65.09199436517027
135.42921350231558	233.91090875312577
289.7146742542298	6.752090737216828
237.37524424494316	38.41474184407162
97.04621207222777	105.5928393458715
87.96295923059614	179.6807873834831
228.01153247323487	252.12130402560473
138.5914664248539	370.35357956087944
248.97359814028246	144.93153810639822
319.7840624682651	191.3092430904406
241.80914761506088	367.68084209771246
58.92774071635314	12.525691824595942
235.22683008838075	274.1872066344434
201.2429594830064	138.00758967263835
177.41810403941727	41.01578392587766
118.81329679509336	66.66172426377311
51.40227434965388	230.59061898475576
231.37435580231514	56.460661302766496
240.1187184020182	348.4833938088825
140.65154872924882	17.999551775680246
312.59740816670745	125.28563728851871
58.10750182832637	114.26534730580649
72.51040933290972	198.17917944871127
75.77118212267595	284.53647587072356
41.510534619235244	87.91521289124998
207.80237274587137	359.05165992404386
0.5106485369060767	17.92524171322379
405.0096168896573	104.34359933145703
342.5381101202385	222.73441464899844
402.26200309230967	200.86898553690136
388.52622769910613	65.05127556984112
123.18239801349567	184.2966417036126
188.72513765835748	59.2001849181345
81.51545440555734	92.10468426972531
400.65279406112	126.31169698877851
9.660512829843627	376.65570617904154
417.89466246631366	48.75977357722166
200.81268469640497	76.02073211206131
379.3357407776786	202.6971284009534
309.03456855154394	255.14376590090407
419.2228837050678	305.60982259545335
398.2081740119827	222.7307577666005
