109.39659201882536	132.21793100430105
333.2337775185447	182.0803050240896
161.55932230188535	180.61167256639231
62.417119634686834	162.1599698919354
59.553138258223576	30.52290738198177
202.60215292701983	208.36784665124836
335.9148409975206	34.72357051024139
226.23420884056674	121.97844209549154
329.5602536422841	165.66306193014833
355.02579964047493	168.91579981233545
129.3545565905129	135.94742159937485
193.05714066711397	17.52649409101638
378.9877046368562	328.93898431189785
237.5651533568207	237.2325502541771
188.57342428386482	87.02720864827285
46.49231459977639	335.59770449832627
284.93214575481073	43.7948998355778
182.7277015536405	34.85219520516547
56.68973658276589	190.7693419826446
71.1695766892797	240.78082893564758
111.19544797694446	353.78151480536246
390.88005339010624	258.50058011294027
36.76115792811861	62.37809101680056
21.837240803567266	10.947438999483381
225.82934806748182	402.66164613037375
183.19864079423672	106.28709130699893
136.23422530140112	13.891453595073681
339.1072660662243	139.22874469335156
307.163953524985	277.6305598699025
108.39794512820993	269.86915794166134
180.73885965141204	399.83556660423744
49.86767394720602	15.534252273598433
28.55172144633096	385.36714221915196
104.94363065736316	73.9373283992836
38.130855897872166	181.25239139689836
153.54706145060587	319.00425312041455
39.669249798123325	81.17325024937308
236.90700904979633	256.2330593422282
401.1117621076669	380.7511935194243
77.36375719408375	191.6632016193221
197.97640228034518	384.0080533993246
39.56949543387857	235.59470881993903
255.89473034723963	194.78857770416326
74.51906820843281	123.72156434844301
48.52875578977158	51.3585875677092
285.3028445728657	80.03925177409376
161.21395554436032	116.73814308684653
69.21143626183773	57.44561977082497
51.846661200724846	356.43546254385814
61.169288036984995	390.9363579739152
250.65627074460144	223.0940992263254
278.6109402172222	133.73679197826544
13.407676619781595	399.1584616800818
198.6806270034406	103.54466775509286
6.914188911321106	86.22610225787098
364.8807578939473	337.2128799792714
338.19469421075763	406.235350558569
107.36321886702284	177.18074414827427
83.64772515143727	378.618586452005
334.67565873685794	122.26480789761355
16.809971574310957	293.8537558381714
113.8717934772113	55.91650897941734
258.0358494379277	103.59074110207476
267.3462084276253	361.4493404464276
234.51027308424145	416.3442504080825
217.68318927611702	302.718318492835
386.5526875825737	17.22566476027261
82.23712008120292	403.3788131271958
355.3904491094356	18.772603832241856
314.03245623089884	312.17122744989337
233.20197010016682	60.134192748109996
401.29330606799283	143.69589526015437
173.078986862027	312.69481489548895
350.5572237620075	120.75352617716743
417.8597305462062	335.19440460898085
340.59288178918007	203.9249253226086
292.3280778781641	314.81324773839464
349.96502506115394	183.68148778512398
159.66596661342498	256.91627071082877
162.1960123085137	345.90378035925477
111.8781761374203	249.57585912865807
9.851110963450736	219.83889167738445
357.178717084104	242.6590341294546
352.65256511932125	359.71592710759273
397.777034447867	203.28309914940175
164.3669263800683	99.832829709279
7.0133217517887365	27.99659920867856
129.00236740592018	238.427437969709
88.28386684580366	14.331643268336203
314.23011738568755	351.25215239028176
191.48316658856206	366.26498873038594
385.0321531468659	381.3278902508149
408.7745898690182	173.9477386867122
189.33593890038844	194.63544091893166
64.47262378781384	408.7207269713266
36.42652695569606	199.78386484405584
15.840766784953257	136.9449319327308
305.43519914348474	39.542588419931874
325.18164418113764	254.76362019654155
122.12944578459563	159.35212240310406
31.547604469781916	125.97250252113047
0.27166837938647354	159.63202365119798
267.7476776181952	238.97013347626697
318.744671789844	59.49299612453453
260.62074072184737	8.85762560902864
310.21233866649044	216.3197107191532
369.4757824426061	258.71237192050194
125.39136184791653	417.66183232687115
91.07206412684884	246.6467266564776
370.24707106211207	181.4379441228601
83.64119313363719	99.6824626831533
322.7250001459648	199.46544258249915
118.43255223552397	403.186819169081
77.17514306355638	224.66946370390423
260.80300777562366	62.59966041349547
321.6736601752584	226.68448029336395
402.48825615480337	339.6061562952257
366.642000524855	120.1236675971569
190.26119207448355	161.03468439879003
123.85364207224868	313.63567739655673
53.918365881525226	226.84198278816496
13.943068945591772	120.12873331846882
189.81566818353056	128.94974602695646
126.50025953715466	78.72481825254914
333.54580754400524	316.0853275931082
279.59995391718667	27.810634377074535
397.9995773349638	320.03436694209853
377.39157176864916	297.4723847970404
160.38462079125824	221.8869292890339
164.12301411037566	206.21488489716629
392.1851457264232	62.74213792652839
84.59102887682916	67.53427167498363
89.87343352606388	132.91941893719982
250.35644631676095	148.8734328045829
276.99959743661105	314.8948888323384
6.719243173717412	7.259978814939629
265.8671672745901	214.86918194090887
194.40124052007118	252.3432827595146
358.6363677555957	144.87872320303677
272.0289041574076	181.22838165774454
342.7496075795809	224.832707601447
322.7831118060826	278.26553242572425
394.4617888897523	232.37817688245985
235.90659336173033	157.4704284875324
198.904398524474	45.47633662956529
22.870958517041544	310.0562361577283
407.7032460459057	67.25591251520294
143.7006879700666	386.6005821353675
387.8611486085984	79.04439233109387
179.13551583020052	219.02305290211248
354.0399247362133	306.91584258471016
370.7594690566276	23.29229869315281
102.19802201332512	42.24437561562998
179.74159940902234	376.50120128339165
332.4048183140904	237.78597521943772
262.656010533876	29.987272467901974
325.9368212122168	397.2052455093333
370.4682718689275	158.22540603912825
295.93068747740733	26.910484484115877
307.5060473819343	99.63862053631452
362.2170483691444	321.49441757155654
312.295223445022	24.950731674776495
206.36703259764874	121.8730347670771
199.60347382235614	182.22807442364947
117.92074814926904	117.4256659375636
417.19443133587953	313.77929553205007
356.47090026403515	208.95819462207305
174.7297085376931	71.32965990556285
171.35799831494344	162.92602167288473
331.0245431691043	354.89406937460484
87.82386582723879	154.82930594854483
385.99319553043125	310.5040410615335
218.59846822553942	229.55972170786907
42.74210948163395	35.36061766045196
339.88631850313277	8.657952121532684
318.5095035852345	115.26402812504499
184.30580080067202	50.911552841574654
293.22228901001716	141.04327002038747
93.93022044823071	114.32771769768839
160.47801810274652	386.47438837952706
350.0926434860955	45.924730961444546
324.2051292877611	135.8581665679655
199.06293612972632	403.909315374123
234.91971487943687	104.65646136998541
244.08655303567835	134.6694154276007
87.32010143374357	287.91684707286464
229.08713806847894	21.33672874746046
92.38374406998429	416.5915140777644
34.733793893548324	368.09858325910835
0.23956484401651418	143.11426991196612
362.2646081871433	376.25215502079783
243.9383155379344	12.941721829983205
258.87345357390365	79.46190178531805
379.1980047710184	218.54208132875976
21.245936976935504	76.2347041857295
246.71759463319378	405.5925100439714
95.72358362432294	56.03139494264221
78.68063922286272	331.57395478449166
37.57837330549755	314.25059881271847
345.73435651400354	155.90623800314364
104.30186605484789	196.4992985723955
92.50848212201294	172.60529960919706
331.3835663127432	50.09201017890418
93.97634915031836	84.47807770252157
349.6210504398562	330.3889116379637
314.8253249362433	172.64855985780252
309.1523846345219	77.24782881733786
412.6370279115393	368.8042011114269
49.778023684898436	380.82887835292325
390.4930270144633	285.9965127181321
245.06344269545534	93.16917717035865
0.6628831338110013	353.16291859688306
418.23303212057533	108.01611405734363
345.0351606394074	256.2453605711717
259.148179219159	124.7057673923254
220.03462469966757	287.65741953944865
268.31627423784107	344.0671454380233
302.74708761366435	393.61373833109866
412.58841304436635	220.4506604680667
290.3462467478037	100.75878207190367
142.66665611257613	356.92804394222594
373.1108227472338	72.45198197620601
356.5209742595824	2.1666027046437373
260.9404033619729	316.6576763427022
23.69209178889037	235.4065343008377
386.4446126477818	346.5441280905883
166.4736736732313	280.53694659901026
13.933994928386987	104.19369027486134
153.7504321903056	54.50155044437362
404.952696835938	354.80909206155576
297.2013632668075	299.1536749627551
15.520610342319985	250.8757379566392
138.2925263965799	325.5279045069285
102.57662767210212	25.196951866573286
202.58595969248782	278.17338426174933
33.83933893802303	215.85870139713634
196.45338629100095	319.48189679312947
6.412883174082622	280.27606762482606
210.72416731347133	249.6647104159948
389.5684881790699	365.0835761164523
149.0455410852494	402.6436088207405
337.65198922320735	340.4062612614308
157.1557120810835	17.88097869820939
398.45162491493926	123.16446374461398
33.9216865555494	265.8294536014412
221.3939793056612	204.84546394742364
369.4191830391896	394.89584404291907
107.29290584199194	325.8692731014986
204.1662780244647	342.17121761652464
142.7964475727086	264.18721338196906
144.81889530751832	135.11811433523783
50.17117892376914	417.9813582365135
206.01410352829353	87.89474732390637
254.8663790577501	265.5975167464588
215.83666985538943	35.80409772820257
240.3292872629761	373.28594471932115
63.1232277077674	146.61802650509645
99.19626371762801	311.66235340777564
278.0115104273648	167.13663982387556
288.45069394519265	181.41200238102698
6.185777750113808	188.71860160949169
15.016414239278399	170.1772526763699
240.28964271092516	303.68393734144377
205.16515823182598	166.56973383278284
84.08281541077982	32.405313524867424
292.3085937942337	348.3093266638663
358.55008079964176	224.73344735086226
231.93221698782807	219.13006763223754
170.15832703038257	410.8565984456838
214.6195427935807	58.870664511369505
157.110035948908	82.62958068121273
139.7327565008914	116.84774395477909
263.1054749874783	382.81609948823785
381.75028264355683	117.58922758718161
122.34742368859638	386.8005974029667
57.72577615148879	124.35569969732072
410.5737863099055	250.7248377484969
206.69364760893464	141.41776838559275
219.16141786026603	367.9074040187452
142.98999414772683	194.27385084052747
408.3235067150604	190.38866378818938
119.77988722840325	207.54023455971006
220.93524017148917	78.33533123242866
74.08187116124762	350.4029474440314
221.97875823823247	173.42055491263386
243.22314463264502	117.72160384244148
161.8064517292633	34.842174167147874
391.19736471162435	157.60253683469185
230.38683772401504	318.3766292671056
183.18135002511252	289.6118592531594
412.56172521053855	268.63536085612094
341.06121693108435	62.57526365706772
195.6102541178422	63.78698800052342
146.50629058783386	102.99616506092515
229.10915856516343	335.85057877687774
176.48556734337913	334.20787050665876
259.5538731064412	161.77285866610592
52.52110319325001	211.11580009743764
56.000464307538174	78.41975934437558
302.0770823974208	409.26735607419516
249.41558732687994	347.3956203853571
301.50300419936116	192.4980407683285
390.8322032934666	185.8454140700677
131.7115566273798	281.1194037936695
398.40215880348023	418.7138420067028
407.79214253776104	94.16574796848599
371.9549259259414	100.50625945845445
21.90316357785705	184.70395346279875
389.30708104504544	34.24348981891987
386.7661350515418	96.4640762458456
258.8580894835343	295.2057441658612
103.98451717858839	294.3566941094355
277.40985586996163	374.2465434753871
120.36740478339678	16.080261783381165
286.37696172290225	391.49053979076535
289.64343740016307	202.16426809121148
316.58061902212916	384.0608382968999
176.01733955246652	14.563626913240002
101.7100321850894	384.2524311287488
159.94947818679654	132.3968408929783
66.46664482558914	316.60454947839037
186.0644236663289	266.4602621415732
131.61771325056955	97.95585540991387
211.16933150010402	15.15621481599473
114.15078386292465	373.7099453055663
240.21463018003595	77.12365813931554
126.98394644826101	260.6984253631813
168.50909549407945	145.9267565803163
374.214689569524	5.0403762991544365
275.5313910585268	1.9918254875526928
5.4042763422695215	204.34301701694875
102.11188247202881	146.25134740636182
325.52340502847954	14.232921384536409
19.681737730655307	52.41329603640509
154.75046713103308	239.5845469818534
257.6104335391283	45.34699393398543
353.5313453113942	406.33737734893
143.08118144632286	71.48430117467143
310.354549492124	5.470085176822081
243.73029931716388	389.9488648033404
246.6254448496483	173.32644864419166
388.14004158555434	397.29729997979626
120.21124165434598	296.0310951589928
283.19591248820757	334.4115044832149
182.65160078508993	236.21399834330703
337.01827721971114	95.82557541814661
27.413967743259366	36.202950486395245
319.30897243212837	151.44834828258584
279.4851075766523	64.29018067284873
68.2400135633654	177.16534145753658
183.3439192646832	180.14845775131192
242.9128150283795	32.40177630244431
38.45148043053933	110.39999535356151
276.6950720093611	254.0536154009159
311.3839169726332	261.88113192984787
219.95137212001802	189.4625344301354
55.71264977307234	293.1208266290183
222.21242204918522	137.643185000055
339.0477881821659	300.155462197856
419.2635131121652	126.57592347749267
374.01265248109917	280.5818368568126
123.77526802864911	43.14346115145405
91.36844587413223	357.8928059412029
296.2182654551115	162.16814608799768
2.810891043001096	410.72592605965417
243.75188649060283	331.27720689925343
7.426546634996748	69.72186098857668
244.16662665498615	277.9786879459336
66.94353727465221	364.04751737712303
107.04798501641395	99.45092605666851
277.70224557176175	226.32410416057684
133.79940913088737	57.259762998281275
409.8197319792753	22.702611592082867
131.20548110348145	346.8085995316592
66.18471032772601	89.73189464256508
335.56579937549867	78.12895398043584
17.94392891020797	352.43499655757955
214.62937572478458	321.3091832345315
268.8791743170265	276.3832524718414
110.58558820077178	1.3431268516974224
51.685155067577064	267.73577432322634
216.89048832747542	100.88096630585456
369.8212668589298	357.0165202040772
324.9646760048623	371.1654589078104
303.62668985099765	124.1197041973334
137.98785499333385	32.46239002138216
226.80789497629172	267.7185475722009
373.9077362803062	197.34986845907775
146.9422740052787	211.6814748319034
153.62540752844964	2.2995882965485626
200.03900421409202	294.9290708753345
278.5307964794777	298.500056532129
273.5155920917644	200.6865277834125
123.79432698135723	175.12499189029558
415.0201883601821	387.9747602258996
30.97352682773328	338.62562509568113
373.54051770512666	51.1174523462992
291.78711185891905	249.7718812720038
76.81771554755603	419.35906381201244
35.54087980791461	286.8798080938622
295.9237413715714	67.02175716828154
42.9582170915673	253.0334150124152
308.52118575344844	138.97114202309888
147.5383115841771	161.7201362806291
5.986843060423583	235.4993645029188
303.93445153188867	231.0210034612797
356.6829178894083	105.04168065582499
379.7030878156883	138.40142267685226
185.30360792437153	144.07996936951088
146.98560044405343	304.9351769490783
343.3043746093013	273.350754527669
175.0637179127243	360.3624688274768
122.06124769627893	191.29783244521636
