206.5131556297273	62.136070751253484
404.55528435427783	394.0798791787563
380.48424747446677	217.08030173122583
348.39930810587117	348.5634945574047
405.7510629466831	340.5009587701443
166.3399994887383	185.1668787766999
268.1783345545848	43.77140710604551
92.42128290249028	391.73070278369954
167.40219757104575	325.9425213624215
380.8231765365245	65.62541055766141
310.482614262318	47.14382487813034
236.47246421394593	153.72335685132785
381.4896359733174	106.4277566418872
217.77863865262535	18.268540518233806
402.0418950339007	30.40555660597184
136.3138652077409	43.83110479098675
26.216708678511726	154.04928661640486
339.01068726525114	179.77427594503544
260.62719584290613	249.33891798705514
21.41092198968484	174.1182355571191
159.75950073759032	10.739641782642826
0.09891009578169217	22.46645125251238
114.91544727193921	240.2441151211167
128.9361787781862	128.36422181229466
304.9241617306845	145.1122070978653
211.6250541440475	314.7628675517696
77.16821515753756	301.52810822520854
203.0253357725366	105.20124866833666
122.67824914294677	109.68682637101978
38.22952589008593	266.7754404580151
270.6329120472059	375.0366227018702
239.75486139418558	176.46361540885897
234.4396514616663	309.640474542161
162.58691036373367	371.6973696065857
154.3214731373861	56.03378707383124
13.333542141223612	367.7049546167947
102.56143225464318	123.47908962978654
339.1548190944927	90.81651468184947
184.80600090541668	193.3262304381584
292.5017767779898	360.37635575977527
37.40119452766008	419.586736823309
91.54812025707099	185.0933641476804
20.305225393306394	406.5439178299688
205.6689519382727	334.4989343200303
48.626239833211876	96.83810535314662
160.64966789954866	99.04283508479124
128.18400100569949	334.6466855739847
246.39722309178805	130.6159716151159
226.49899937233823	58.68795396030197
262.5727769814075	180.2153156640832
370.06711889349526	293.1439583831052
168.123131988772	232.61733286160765
288.9369131396156	401.5007727068476
140.93880844136388	17.58423517987065
77.32848438279012	280.95375405189196
172.0863700809487	42.48539493051839
414.9995011664747	377.3550238138255
368.71646781958174	232.76337259279455
49.63390764076334	355.3667787964857
416.09445535893093	82.47480104950633
36.891612174513874	289.2270508164363
100.75387720892707	226.065270446222
203.31499537830032	360.57531070207824
237.75568954314505	13.898854256851346
271.9702172569437	197.90885951080506
176.9673866630403	61.53225846261144
336.6707984658488	214.54470531179064
328.9852314437478	242.34870504364818
202.3551733187096	209.675446988179
397.1256220404258	226.95905306049798
87.67410829463572	10.882686940500939
208.2110298899832	183.91322686072886
256.5796268959667	314.60763599497164
94.48502875156974	141.73572590243913
375.73047899785956	371.82559825845266
341.00072971551884	71.48237998950303
39.15418924598588	35.57380512345736
414.37758006442226	247.57270896028902
67.36335895971109	393.7384068065988
300.29525985971947	323.13812688095766
42.98071927153195	189.98605662169177
208.00434073457873	275.7342168350671
240.063464119155	244.57766056463066
80.52307833134175	32.88133674464249
2.240843394760127	286.929533280744
185.09791271705743	80.00540318912803
387.06294105398445	149.72099657510228
267.1819244999052	333.9192832461967
290.8379107886945	5.066491668760129
397.47431409577683	260.1656197482088
257.75919738847495	70.64733912080374
282.9873823271605	181.24815067564273
309.1953942031603	413.9783114151651
394.5381397743972	185.7077937543772
378.588916035854	196.56908371916583
381.4485187436514	170.37425431468554
285.2018406992762	279.71076834297446
306.85192319629596	393.3072657748293
234.77706439237875	368.2632471185525
15.242219238396446	239.73998801694628
153.62819509642492	155.9792857227943
308.6547588687679	125.7438833149181
382.2517497670159	29.102983849278658
64.591215267075	264.97028575456187
53.12839439309692	302.79458879916416
269.9210881401516	229.67282588630428
89.74458024809839	316.28025590838206
193.19176720721555	45.53427665142908
326.90268746199195	401.54482502054236
362.03543930434665	104.5131386043201
229.97934720838677	274.7123960335805
121.62611310602512	26.161005539338515
259.2695936176677	7.88394765418067
350.10388489352727	45.21457192172131
220.49514566904153	295.2997286728461
263.2079326832603	276.2780628059382
197.8239451319248	25.499927974559082
292.5005219964832	199.06321718676054
321.44648842338154	68.66326577066233
271.0559710747126	295.8151865168161
7.556209932980092	140.82070277169268
165.85370242810194	348.59183423919063
162.4935995379263	285.97678551485814
238.85797412053637	105.77571756441014
115.10462125159874	407.22804821740124
411.0957085956816	126.37146928072895
416.9760887480557	357.0809587079154
370.59517499317104	255.0938232187772
258.15252418465263	107.89403434308167
215.92326520533862	376.73506965878227
164.10715092799222	122.67766473110349
352.6706113415816	7.395340875497967
202.51204301839314	229.84684942319132
168.39951867752958	409.5814003027804
7.575438908713355	64.05925315639051
29.393489807537783	355.17520557093394
313.6133022217652	213.1019963036915
18.968829186294766	322.941329752589
108.64334705463754	65.97247005586857
291.253830382271	381.3490296590859
74.3813809214316	246.58054712809005
365.18206192304893	410.75770545825327
132.52347912618555	147.6136035622973
240.27671642196356	344.03301163257356
150.34750903026128	196.36749867180225
383.0258707029497	393.4184972053298
322.193021461013	30.83274839416483
186.34758717722013	315.26501317406536
360.3367804686285	275.17971578657335
279.67290352445315	316.38110816245296
116.39423059438202	385.0246568395644
343.41333944672147	159.38210385238844
0.1430613024178677	42.98147864815464
134.2845317370121	398.39239532923796
419.25348205592	228.613536446271
20.28136841942538	43.69767237148724
116.63540342173683	46.69042403288212
156.29480785802662	250.04307829499618
221.7444558661545	351.9479524953391
139.40654208861218	285.6452505459342
401.6477804017546	281.3515150230345
144.86798577065684	76.75250557092815
278.1903888367902	21.81607548713306
45.78890554349085	54.97206768148442
309.8560263302126	342.09076521064605
391.44278680724545	356.6870999781447
122.70345226670882	86.94497534800712
341.4429059963963	325.4984903437389
22.129592938262572	102.43563914966867
220.39951090308398	96.8472833192751
235.43815306709598	34.74261832871481
85.77040401425877	108.36161531361938
126.50069208366317	270.9940989149932
67.09227266473148	87.57677248213089
79.01452199154193	222.2567120266611
213.25024786235517	398.2660468608153
155.07023113208956	391.95634929665533
380.13799532280643	275.5817409878378
297.2231387490763	166.46263095764317
410.90206974708593	303.3448725984591
74.70416145175083	51.635935232223716
142.36598243918286	177.01094251443823
180.10997690438515	296.1755784371892
96.21954820381612	48.84631526358462
282.041913836906	99.09217621930554
135.11437913172608	253.06303855873333
38.3039439627567	208.7241307850928
5.433925972722484	160.18500691454085
345.3602234614445	116.86860594130953
274.06427099302823	414.194516560944
41.75501490266237	170.059781019081
370.63905769080077	123.07103500193898
25.677747511306254	18.726895741635264
83.03598586827647	165.18412008266827
191.86715623336644	379.1112262222469
326.4697928371817	195.02393641956178
400.6932664302584	109.7047713415462
149.87577809132375	221.34099087438952
222.46565058451705	256.8891217265486
362.0666260611134	70.62434207462645
111.15014323924653	351.3632146107579
85.77696080499419	68.51553375225089
107.89988171471309	259.2200098084493
386.5955402777133	334.43682229016156
17.621216225788633	302.1171192755217
308.2973570650438	186.71163611216238
46.273871825945534	17.18180352241023
248.76137078304862	49.10822180682345
165.00421282815358	78.84321713847243
330.3560432775868	129.826085661282
350.7078828004563	136.66539153563653
394.16189470800117	82.00428464487068
119.96468661292671	311.9549645472418
70.02743616853589	320.4222811942725
330.8020056070754	50.91301470124606
171.08315931670575	143.5296557969895
184.06007403388162	122.95190276592099
300.13491091210733	64.1945955006226
61.11463371437557	67.59502215105992
322.52511400727	260.609792530901
358.0377546684069	216.34754942070225
389.67805197004435	129.66809478713105
349.1370337695583	197.86696086781646
407.99117478249184	148.4344290612745
319.37488671259035	168.2675043272566
285.6720001251685	79.90200249981477
63.05107234162306	170.29884202233694
213.8840682176789	39.32806165319205
273.97445640223896	352.73655590800024
386.6555662300641	243.33029198356564
171.30469001239584	263.9900572403152
416.80507240370844	267.6910226486957
308.0472687586664	82.9326866387314
125.94800629393389	3.296826362274989
225.63420559483035	330.0833075814376
345.46663962104964	409.37094187933786
88.55789651268879	263.9694509653394
0.34901838810226943	405.31421881285854
74.16887303141651	147.17816829666268
107.99686130817052	10.543086993771642
205.3543894324683	129.0218244238912
53.997646579001504	248.63606837397265
125.08810653262496	365.28295622462144
222.50483116318324	232.69304462343257
183.40098853219015	248.17634554849096
3.060540061388877	184.90770673764155
269.4755507146186	394.86699959623377
227.27670249763057	136.44121375538765
39.371280353157466	393.22432964784576
289.95111099593584	118.60442568339758
20.82590657824581	198.7209697935074
149.76321132027934	335.49666836586226
419.45002738825997	323.42090369217647
221.04843332067256	166.55224944765692
186.26123629282887	3.58468282368682
87.78980235759387	88.6629357896392
304.8716724443756	236.26250459953826
64.9294556346021	108.7570554348327
309.069139371684	279.28449452370126
372.8963524860911	47.775020262051136
15.72201079966629	259.0074939311057
151.9740951313175	268.9490471370844
363.54868824989774	183.96664055699253
200.16172730966656	294.9943340245139
193.4119634079158	167.5391064081891
93.70283050611008	244.85844703687303
12.676001782023993	388.3969946670681
100.22066686600122	29.696775053169297
172.8505922561818	164.11231283973592
184.74448915011016	341.846073894485
255.88811480362529	161.49217689672307
293.8755900821739	298.71282194090634
361.78158599174225	28.315240542074935
191.40742650400497	143.8637217817907
43.5627768956673	118.17064889772618
288.29969361399134	338.97363486038927
21.453074011542977	220.89150719261846
220.10163997106713	116.19981567328837
185.3451228414803	220.9725246756835
347.7047707522426	233.48694717405837
68.12966115425957	15.855710392680193
10.409404360814037	341.7214587587722
58.68600275333796	33.089420345227744
179.7544770696655	362.4170795305374
121.35231520652678	170.2031763014318
279.09663697764387	261.1939852057024
372.3080727044356	11.539925090356272
62.34578541581033	190.13516698108174
251.04807574040646	380.95436083201537
36.40078518791981	373.8295110024801
224.7066742136501	416.7658215559651
33.272058376367994	134.57118111632894
1.7378202120196222	102.85408411519381
34.74208312812552	311.5129459905513
346.7765496245973	253.7034540082011
50.89153980821026	151.5011895322518
268.9133503873089	124.31044502667397
142.68837845047372	375.86245833765696
206.92127484026227	82.26640413898062
340.7405816998538	273.1381574980093
255.13210655607296	26.94969573589135
346.39705259545264	295.6167309370638
10.694354297099585	4.237898163589434
345.3103558563369	382.80648812332794
372.7953592788245	348.8414897116102
301.65627810665734	258.20551159985047
146.6617404909994	415.187553598272
304.1946667204021	103.12961444442558
114.01534809323265	141.7440509195182
57.31002413180923	132.30632435507334
369.22552112436324	142.36030215946994
392.52894210611856	12.128442944729747
174.2809030226272	387.67438520696004
312.1946696288627	13.609525729164647
50.47736487547265	323.0310952636695
120.47749940612891	217.49129953478723
246.78674317240075	263.3140872187356
323.97456508719927	380.75942130422203
20.21257255361586	279.1593096661144
232.75090411691426	396.5667201922411
297.43924377148755	27.589374156318947
254.71965473316166	357.8267364555799
405.5243997713423	65.07591968094741
285.8770230617841	242.04656169504742
229.1892026274637	78.8034219332562
287.398376379409	219.24361632615194
42.744552403213405	78.46126340153822
257.8897172057207	211.80794746528323
312.64877045146625	307.09974844007365
146.94029622064426	356.77805974860115
133.74027761784308	232.62566531426856
33.010287398641125	248.18477042389176
130.49637482574576	62.48828503759217
247.23665254809683	288.0862743407637
388.95610190672767	298.2578230880947
363.23655440833176	330.9371369043641
84.75717680831659	336.47145803970005
200.87277001733298	256.9244174701318
37.67110797655766	337.67494879947407
341.92727902035983	23.74834347097143
92.57426133651224	411.92821019295695
327.35222654278607	287.571136546904
263.78860141065945	143.43506362520407
80.99048203378233	375.6463650818454
363.45986591658703	162.70871921090097
394.70603557547304	412.47171068282194
58.913408857702656	374.91303133406575
393.485673103612	48.57115611442796
148.76230874835264	135.7121877769088
410.2370633039673	4.185868880805603
17.54458311003019	82.59564434059622
333.3063043875574	361.83256409046135
288.06091995373305	45.20551372067231
104.12545343632195	102.47774555684973
61.4980468011849	339.39909704900003
205.59235975695373	419.4057785311073
160.69141842767104	307.7932123304574
320.69191606737473	325.0704409283339
127.7792521321798	198.49371961759527
240.83020710597137	223.0159033273113
329.672540671429	342.2161763837056
83.49566103240213	203.1769667551816
60.9828183359476	229.3904408059608
211.4966180031295	148.00483827375282
55.644681932680285	283.1576003172507
279.1427469519169	156.64988438505316
246.05280089319862	196.4027901670537
26.9120526869846	61.968839507402485
80.38209840556169	128.40595884083052
249.28250338479822	88.54112240963043
325.8564882934145	109.58468657865498
143.73296647024682	115.99092506300288
40.4321383675225	229.3126842960511
141.00947716455016	315.17251124511654
72.37745051389983	415.48179998972705
102.90568533022974	301.9758529566436
120.35286218036835	290.4155001604437
101.31727886157505	372.4462848772611
224.10744780022588	212.66680121148593
110.98789287347118	187.01574336239534
193.12968868392272	399.7494843019558
105.99853946256466	327.8187295035227
276.75623952605	61.29217073153508
313.94211795126773	363.1307196463182
394.13267758226823	377.65736938819026
170.85739563551607	207.24691949143704
188.82838767332262	277.84391586425704
285.3969998382487	137.73671391671135
364.00441348791725	390.01722743855044
70.56278909310596	357.1817879714647
59.07579868788029	209.99616249116877
408.3085433791758	172.13774233995983
330.7294793218321	1.9866982582976158
358.2113858051422	311.06310047131154
373.66035123251527	88.42260774832862
396.524734249412	205.39138248325963
103.03350279333871	206.8412689000614
103.78254612252293	159.5849863352489
98.3156564487004	282.85735024796224
176.0238579594881	22.148233828415293
53.349327353813045	408.2197520959522
140.90425343221096	95.91077990115683
377.0658137342469	316.1490755317428
324.8957063562139	148.47624795592134
417.6454901812711	204.67480379554294
12.949174394988374	121.3980759987638
396.7244758650391	317.3263778251063
356.8951729562882	366.16498003985646
250.36586658739694	405.34254218566457
184.0106471347517	99.37546007414527
227.34098777245927	191.39005086032626
90.47418374515775	354.87546155727404
156.56694581820014	30.10136313010077
