217.31534809870848	57.665712366797365
407.58239717265263	397.35989978150883
367.22207076876026	219.75632048269208
349.56029258056344	336.5291139153508
410.50183365722955	341.68727859876424
156.93508980915908	199.62292528358083
269.9361647293445	41.52533134994825
106.52474811016344	392.25952241539414
178.39060068924707	322.0458902102729
380.80020518395423	74.84374976414205
317.26699082110923	55.21765938178294
231.95663132055031	156.676282760312
378.67358963308703	104.96700166537424
219.85532343142248	13.078992246795213
400.01986601610867	22.92002833592818
130.93334391512633	52.800532552879886
31.54168446939068	145.93000326816426
336.74938643413793	180.28617552224853
258.55979436207974	236.67667673001588
12.68431800850489	178.4457324801856
159.47058139511853	21.118797817587936
3.531815043413942	27.172238410736686
116.47714941811178	238.58815332710176
126.22805825733928	133.80292478257408
304.3058063587744	158.73801685202884
213.22754146123808	319.6004111179657
79.12224898612415	303.1611130369045
209.8108818081415	99.86542329065936
120.97009258598067	114.27588397785244
55.63872624958545	272.5046745314028
256.8457774900032	379.8235846408787
232.21478685996277	176.53453772373217
232.24907453641217	306.03171824917865
159.21950714754908	377.93694336263627
145.56377584026518	63.52409700365262
18.948260390658263	372.69604803089373
107.04361246187496	127.90188281064428
348.7387271197892	84.3859354363122
181.44165310502038	187.85127379129324
290.4744838296431	363.0853384309135
37.34457946772413	5.095477444068989
83.59357265728683	186.6558924689354
22.67213914247303	413.5233653764935
203.5167454637169	334.73656108904845
51.34397031160395	92.14239838071285
158.0719177391838	104.63403796335474
134.36625291743528	337.79354425663814
247.43812118935807	141.50629430559903
236.41866221735503	55.289418394870424
254.98894578834313	179.93361400702585
377.0899908935238	296.4451055524742
162.98500602931347	235.93059397972905
293.6735257086074	410.1465982605787
140.3773554781296	20.26675047648964
90.13065879440546	283.0829493523296
177.2276756450835	47.26087505561816
1.380951292721159	381.0978557187684
364.5321085071528	238.0527360298497
48.51537652079752	356.3130009492777
419.1069078753554	91.69109112713541
48.091383526257076	288.92320405929695
100.15836168225637	228.71191067438082
206.56811063709804	359.34446453179817
238.1392297526127	7.0541699990278195
271.8824846265117	202.46908444128496
167.2883622888635	66.28375485344658
329.8472299613797	220.5415524370685
326.00359873977595	241.17391616512768
192.71664691948243	204.59807934323243
399.69158130128403	220.00557136586642
87.09475270751739	13.523691053894888
211.7836404531088	193.54720337433642
255.02715783808057	311.1011184565159
89.61487674399685	138.6374322974541
380.3286348345861	369.4331440167662
339.4712042442757	64.13244517427162
38.01547960446455	35.97424731431128
405.247190356352	246.78379031411015
76.05021999340605	388.3362209836875
297.45889278480263	327.6387149784813
41.391190635111286	184.4159990450889
207.6815673219112	275.57656156990384
235.60545570612712	239.23238675090977
81.84925515851386	30.817425256027136
12.478693076538274	279.006709374955
185.61320183026848	76.96732594000682
388.81408960606865	141.58243337324825
259.3817688349406	331.8423718620112
291.16429649267667	9.949160483615614
389.84362088319784	260.3864912935491
255.49815504683227	79.41142245719296
275.58732844416505	184.34191824222535
314.83303690980375	417.4302973291277
386.9408132864528	186.26558899079092
370.74948525767593	196.50564730670246
389.5093157650683	159.37884129323228
291.18454925250256	279.9320332218723
311.7608004989352	392.6533877272795
237.87674571752854	375.56427949710593
20.077481086693233	232.65777860093448
166.3690992271968	153.49892576460098
318.1222570874196	135.14503080127042
378.30671266396917	30.59816599745918
71.88713239614367	264.3381056901173
61.157156722363055	303.66533849490276
270.64667948193267	220.76172897878897
92.76560792369263	315.2947127328669
197.89024368290987	51.913305759375326
328.62485414204514	401.96764590641936
354.0317466829235	102.65385250661315
226.19348996018064	280.462474064862
122.29690862932712	27.436728123249384
254.43207395971461	15.196132040432538
351.63688310534434	46.903897169903246
213.31430887091554	295.1788740138831
259.18612961987384	265.44194433623943
198.6547315469509	22.106485487310113
296.7557757338314	201.7773516496369
318.6536920063895	74.73585343706091
268.40753701179233	283.06442801576173
12.11017911984567	143.0389405551589
166.68003779005727	346.2023830828602
179.39826603568713	284.20010366096545
237.98699660097256	123.28732703892658
114.8822240756985	409.0094481502427
410.1693434002241	129.05232851527143
418.5020764012627	358.4816188584119
370.6970893293683	254.92730958719827
253.1986413708238	112.62561187358662
218.94209527576646	375.8086514794787
176.6556178213165	112.59966723714238
351.1400510328313	2.4344995624975505
193.50298171648592	222.4823811408238
168.73315944885718	413.220457299629
419.0312422980375	64.38197626647802
28.1065459828796	355.5993671773561
313.7631305181208	208.05712480647804
22.391037736416116	326.171473951074
108.07929529455375	64.30439251932096
291.11916271207576	388.68664144488275
76.96697540133341	245.81646657412801
367.08986306882116	408.5227760078018
138.73530702072537	149.82359156897496
241.51096869552148	342.0817196996948
140.98885168131403	188.14077210624768
379.2261563866287	391.9430724444818
319.35578902626514	33.89747690227817
194.03669785517118	313.062841022634
357.70469838074814	271.0635362462393
276.32939896880083	316.3750584830126
118.3879325958858	376.3113428173032
351.08087659628234	165.7795764690846
408.0000613467433	39.809170060387814
139.9781511813005	408.38388359663116
417.1991627701922	227.76812112314263
14.710160709146516	42.14345929657544
113.96830962535915	43.77805369079005
156.96569217140484	259.0919039795217
226.19124202646236	358.73500278373496
143.14327727178033	292.2211828753811
410.3807855342638	278.12280966029283
148.60494889149473	88.45551355482876
279.1402628894063	24.609124550094734
38.52991562940204	54.26931384090584
313.0002683597873	336.6696498127531
398.72474455329774	361.4009813695244
113.5131244289247	82.59219992811086
336.75124653294904	319.6838863662007
30.848708472956506	93.76572863349986
227.4863693154515	107.70495635713276
231.12874866097314	32.54492302261433
89.06828795658636	107.7598753075135
140.38529634193512	267.3215059603499
67.49831009623767	80.78633645260827
82.2787671567388	223.28962757046096
204.5590693584666	392.88006336955584
155.30052095953883	398.8663576200776
375.7131566971311	277.06797571231937
294.2092451164556	174.90601666474694
412.2272320430499	297.3411615671808
77.72138283039297	49.93530856926852
148.4952947268486	167.08354659385355
178.13220873564305	303.59247876225515
95.52739788706963	44.13961735804884
268.42820004957764	96.56447772917363
132.33366431792132	249.2405614349976
36.82707438866703	207.838610083829
6.341001336061422	160.68727735732972
334.0827201184519	100.8029434833958
275.04828547157655	415.6139531084538
41.61404706863771	165.97989784286074
360.250499568177	119.63050274260961
24.820611134671797	22.71907925582528
85.83991112461848	162.08896822257822
196.45681668000248	375.29892994725594
331.52749718848094	201.88994467209466
397.46073145820424	113.54994482957886
133.31074061388136	215.88888487729037
216.08501451347072	255.40129427474784
363.7070840480626	68.15771825470965
114.41490997523755	342.32404760305417
84.37123673910357	69.43479899122329
113.19699604166574	258.53280889674477
395.234719983172	331.5584179895855
29.200237993727974	294.437966395007
310.4394010670446	188.80555599182787
51.24314817593118	20.450251194144883
254.87981154434627	52.581137599372454
166.68398925817445	84.27783400358604
334.1756173894691	118.82069099287608
342.323648200938	144.34644221345226
398.3209234994571	94.3146866932748
129.06898351217382	303.5596264846631
72.84697389885707	324.00366353101026
333.001645161515	46.76963204257107
172.13332511136582	136.49624736963185
192.12694512531823	126.67337001207902
301.3451535569698	65.26933357318728
58.31085321843962	58.62939085424026
330.87324168678464	259.8958769258601
347.8517486861239	217.7178164383964
379.56458897729544	123.5915731598742
351.6915810489942	196.50676802094532
410.66315343567635	146.89771546304704
318.60667541034115	171.45305549613087
285.68450527055	75.73519147566985
67.46252147942924	166.33451244085163
211.01570814201415	36.22235305112284
267.35080254921536	357.98616463727944
386.4071889245332	239.84787188105685
176.44625644580256	263.4834432770828
418.267052013739	261.93377959807543
302.0028909542463	83.31116349800509
124.92999310472602	5.758594706946621
222.51866189728167	336.0934316442653
348.1820213769826	399.80101917809543
91.61073449289397	265.25884360548685
3.896094247870457	408.73065427470215
69.0545904091514	146.8157666489116
102.4938347257539	3.114517755153155
211.01505662262437	141.0904633922774
54.5637084924618	251.986152281798
128.57469179708377	354.8721665937445
217.08689942358922	235.28868292214725
180.61552679768823	239.8096773133555
412.8042637785446	182.08063321735963
271.7407390206797	393.26968704863214
229.04103395685553	138.9977393831068
59.30856989936139	399.7547330756201
290.19637770548354	108.17400921259974
18.098316784819957	198.38663933049563
159.7104821960896	329.4160650833562
14.01630715308019	307.49949624428217
212.82397281757852	174.8889864862983
185.05845834131028	9.124005776301665
92.21531117865342	85.86764271410362
305.99647269906967	236.64023487993148
70.45932658537153	100.04377017906153
318.0869470617919	279.452246709418
374.75474042198766	51.1436920870898
13.515860224089852	251.30297888373966
162.57960372145993	277.37254835321977
365.4726977330129	178.43089770146236
195.4024253138185	295.1762208785873
194.17598689444557	174.6214883440406
99.25797482050193	246.52555717508315
16.349456831114125	393.08348080045573
102.51750292679807	25.261145171114165
168.95919362400028	172.70207099728736
183.92608157686283	341.2176237612664
251.8150546887535	160.96442263744356
285.6718045804981	297.4815989220654
361.60670516012425	22.985468684845667
184.28733425030816	150.5942158526816
53.022994370464694	111.7301158920237
276.46373822407276	337.974422755777
6.3162016383597965	211.79046353041244
208.28472595507625	118.36300092868662
172.67036549677593	220.02154331231338
346.6202059366031	235.66478742211098
68.67105923943097	14.216759892118379
10.73144933890273	342.79799952364897
58.76722216115446	37.1505678694318
186.14342977785452	358.8723704116693
126.61939585079497	175.48942158735568
277.73581250432335	263.1451694249056
369.95116841170955	6.955602709861652
64.16798787208248	187.4221175187881
241.11125876590395	401.8214359252223
35.00215144540932	392.7616228561854
220.68421464604188	414.0622906029672
37.78591145951178	122.01599476435702
417.21012559716314	111.67859985059852
39.57464464892166	309.43438816032284
349.6596614295553	254.1924987646465
50.9401721362995	145.73235208348203
264.20935277116985	127.37770562322928
138.67794624747614	371.7039681417515
207.3901572195235	74.76061320366368
338.76482038822087	278.88579627815886
252.16252536241782	32.890513730666925
352.88652682326284	302.1861700772533
2.578603003240568	7.877619160074291
345.58761852111587	379.251617840733
379.8782986558381	351.43045282121864
306.43174861688294	264.7873657055788
150.3063317615233	4.817372820974691
301.97824114179105	122.31665754467828
110.29699934595006	147.18892299487706
60.392801997958536	128.2604692216587
361.022772546458	141.69275194359372
389.97203805769925	6.917397537806569
178.41048236358	382.98658268994643
310.92613518335526	15.623931682766413
52.50052000152252	323.4544978934463
113.34784205529945	216.52220383611782
240.53824548454836	264.62666506491945
306.79794194698894	374.45619501566944
32.20342591216666	273.0267938206458
223.50427021572477	394.1627358320523
300.5483834495508	35.707998722184115
248.56071054993382	360.7500082690965
405.4571860735191	77.05524470896087
275.98812729518363	240.69420183513625
233.0493260054882	73.18893564227243
297.4941546274514	219.67322043824217
38.43950889390201	74.5677965413495
250.86146871825918	217.98718158740866
306.3676922705984	298.8966319142904
151.54286706276437	356.17570842908356
141.92366569957153	233.45629035121388
36.78577708554764	255.30894609357554
130.52787242682678	74.04262903253031
245.49854493954624	284.3009883862267
393.7001190765392	289.62203658643733
372.1464070268275	332.3571560737662
87.39725913554791	334.53964885290145
199.4584332979264	241.549570822959
37.702777197295006	338.51093484109646
341.933287313598	27.622493786198415
92.39539557326707	408.29372576651696
329.54511264698624	295.3518790649578
265.3047277151648	148.73608067834715
86.72870517642647	373.27426344818696
369.24822074475094	158.35064826171703
389.01384189239127	408.45673519412594
49.99548510575809	378.83147497150543
392.7002504020169	58.75869999223248
152.39283778447648	136.55772018697036
405.82420506395096	416.8487669707739
14.480074567939806	82.23937453505025
333.5191892996734	362.5309953654859
286.0651612521553	51.98203401486739
106.54673585394426	103.09124150995342
67.5694214586139	346.44309141505295
202.5361476423613	1.6789664187844804
159.68215947838007	300.6384688118795
318.28834233173984	319.6256214554784
122.92336033433216	200.58602384202857
230.3323316805576	222.20066484670122
329.91363422490457	344.9768879267365
74.8935540733951	205.65834995076492
61.87562850420086	233.75664205285915
201.60143943619508	156.57383466763582
69.29238056040386	286.38811311451957
278.7280242820833	165.49556606745438
249.35869585253963	197.0088625162763
23.541700532418876	64.54474879994407
78.36975140355294	122.93270812312316
245.28172114641166	96.16950095692047
316.83657349063617	95.15056327598882
145.92795693863496	117.71007697911399
38.731410244910734	227.85886324324295
145.29051355227466	318.7529989897413
74.41307515732326	412.1456890450576
107.72911623947107	298.7400592935412
126.01008961107676	281.2183135448477
103.4371709847601	366.5198152164175
210.93803872432986	213.3500627595236
104.6797821644478	189.50617819086625
189.102485629595	407.3312547028203
114.68805160598073	324.45515194920614
271.25708984477404	63.16594983683187
310.69799806392837	356.9013189586626
395.44503994509654	381.94647213632726
154.53612691111636	219.64368710598959
196.34281259210672	260.97793647697097
282.48481139440145	138.9251499809496
363.520113360074	379.12883008643416
69.35278613582906	366.28853650198795
53.396207225851974	214.7335377200104
406.7179761862187	164.68311054691586
328.88100471515537	9.763877482318279
358.9709038059318	319.7012334245056
368.10302556192863	88.66992664604713
390.3235262373614	203.81382750797528
97.71198631461284	207.60368116170343
109.24864881320548	167.35822322478617
107.47080856633669	276.4872185749391
178.17545339874135	28.469740714039308
55.51101175329981	417.7712103294643
134.13249793155416	99.243001949799
376.39347740212133	314.34013785172
326.1026306398726	151.82312531679258
410.6127234093083	200.51885557955276
13.882328790029064	119.95927128489532
402.5265670042432	312.4681640328326
353.48900760926375	355.6416296981909
255.5747770760209	416.574505746892
187.80005536951896	96.77975897784492
230.09072031833688	197.44280943935289
89.03008838202065	355.01533805354035
153.69961059217104	41.686720493062545
