121.34371476648252	384.53555150347927
397.0837017231512	322.40177718078564
142.77574916575963	93.19196291519106
318.2196894575897	362.01294494789175
64.754805782531	136.60844225847777
255.25777748823936	252.42138413378333
118.74338374319531	16.256212595728183
304.1872238898421	355.00952358969244
226.3110600923218	138.71056861612473
201.231731005166	214.36580373458673
320.42891573832935	342.65642508905506
340.1873027399346	43.30243966484557
366.7834980268159	188.55573102856133
248.45029341448097	298.56846901636874
113.12857669316827	56.21793106165075
290.712979121722	96.82121219300683
359.13748858293917	415.2706687345658
365.5082353073489	293.0588742684994
176.71382081524948	282.0854541530809
418.1397256011805	132.295266227905
135.91428515965038	216.4846061912835
176.04689221406872	137.97982096857712
66.00344541815689	233.2927829536031
79.28543264177728	37.247415341955495
163.16755691948921	377.2238399808464
21.731980495878556	384.4830053011409
87.40361273203055	205.8347361931374
2.752030356606911	293.34067027571456
419.40120397532525	405.2837131721399
253.02210080270024	169.6301776444089
15.476928259920376	154.92604830203032
335.7084588343391	337.1748192999568
337.3366104775998	254.07182758158586
92.47993518568855	5.286195537021816
56.0683328600038	400.0703813460562
328.46944681616236	417.56784126094294
321.9303808464037	240.75581495442714
41.35668935825894	416.5027847520747
85.26813696837141	143.9951380192926
62.04330648446544	218.5584007263692
383.5041495533525	183.5374575747185
20.11623098423053	289.17293667968914
227.40176843042642	303.34416220988925
213.33946175587639	417.04440062628106
209.5128971210744	58.45154202158174
419.88738821778287	24.337627903515
362.9595714511132	88.1751495746168
193.47777018839344	94.35917005570042
367.63491563756025	329.631469423657
280.0628743049864	54.16202799872717
30.588818239099265	221.7282798199311
72.77927477135802	307.42866916399475
242.01620336801838	224.5578546307611
197.48852628799452	367.9444882850649
223.54833448498582	392.7055505120326
393.71039286885576	256.9135698575066
267.66608188553744	413.8140599320973
106.40436557427417	273.58473374701526
35.324103802668475	236.7487976730542
394.984276840622	162.3190430052319
59.878813710536214	78.75292155203441
92.0974660835869	165.59323338726955
208.8128887539483	200.59691775755346
262.67871737909496	307.9080666584167
15.410980814092945	399.6964552749297
38.70363516012396	300.53412272365694
331.77595846995587	278.8499250614962
30.91657735147934	26.294308975812967
1.8091086037472637	325.3001253088985
397.17259743714726	394.25962540387115
17.0164307624391	32.35507357171011
288.8658535845187	254.4840529717689
223.46752000177722	371.8234041359836
87.1115112491053	405.1772933157307
72.26467685498264	0.8537626394202593
235.62225063268554	112.61402742312914
145.65348184125352	272.7746066280912
418.9863533617101	274.08130216156377
348.92370044345415	123.37280887503049
24.392604542961898	306.7330720889654
319.08797375258797	139.6685336303571
286.6646926243374	380.84602409284093
231.96846025494523	86.11630707352134
313.0783019422072	273.75474125145655
156.33021606124066	128.03367257269883
57.81509392161605	251.89681535421795
352.23685303847316	247.85973405674235
88.09652381479691	334.42632318130785
275.1457027414185	157.78373166048868
345.9050536294541	324.2975903949511
398.17616931645296	40.410784583639646
165.916234848456	243.98511671345443
42.93770252325625	267.1826781544679
269.7287972733173	358.9636043750572
388.4337635327256	114.37349698879119
20.62785767999696	199.0483909257513
103.31357301548432	26.561282814978995
171.9262020289383	297.9372072458961
113.64788427159324	348.6571710614439
12.868253407215025	173.76871373368067
394.3830003184305	5.764361679357368
338.8715442300043	384.1358523068369
378.9699418679399	134.06342409544368
31.570041058417488	152.39042540608776
1.2076462694851657	241.83447700192897
57.57772351467436	302.76820963233047
192.01544731180743	227.2299188374856
221.77153446750583	74.05436916919301
169.19391315418565	192.98169776789535
22.89941349537822	7.046622731682409
197.33768562842923	252.90956668852562
284.21723332194534	228.27500393071003
68.08580084610712	368.54427268095964
339.1411655117931	72.84750242623267
221.84286907798432	165.720567112089
370.1774882728535	392.0514756128772
365.5947226384599	275.22045447817516
183.9277743073017	154.3787013694856
403.17076474628976	272.3311341828772
286.91140646186676	141.1032073589084
79.06410145178921	218.89636585893396
83.00809113869224	358.994369380007
377.40253517186443	228.35091496274174
164.5696610143958	160.21241634818583
101.71200200022854	250.52313609019765
242.73280976846715	157.15276618093537
50.96838712663104	341.78146296087533
408.48173034422194	333.8050548857517
32.3137583621633	188.84910279502336
375.42185017398367	30.534823803042688
145.32803053482104	66.14026287734366
216.8554143589039	329.16358316056034
346.3969088069917	402.9117096538972
236.51047989900317	171.89125920530157
69.60196495883909	181.93734146663667
274.42557818086294	324.63411438800966
140.96865836340982	175.24029212480664
213.41484432735157	151.50619451413587
35.1615132364839	335.1672485683894
381.18230577674683	266.1592981956668
268.04821999058754	144.44209165930414
219.4037758817626	270.84912866672636
185.91538642338884	210.85624450127148
253.98529164671004	1.6792002867115225
347.86113658959357	309.31776947757595
121.49741533446243	207.93417174580907
56.67499199942126	168.3032438022638
363.53720657068015	119.08176039548574
15.526303640411742	75.26735862058038
69.59921975742148	59.08550426239341
98.482886950901	190.4066534317015
22.016543554410475	326.2042650873656
399.7532373902997	71.73085668226936
418.7846722545532	183.83280111245574
285.77573289647563	285.5391780707676
154.61799004875138	49.08574342916481
293.06526967601405	81.03210260036956
395.8796901476866	98.95709274931482
271.53782421714294	269.50620380333123
271.06999709029037	342.0971929590478
419.8826299665406	386.94869286750907
140.85492214831785	295.27582929597514
174.42741948893655	119.0290124965249
91.42934912422535	389.4818886841433
141.1252254684092	406.00431929951975
361.4770594722087	167.54129208002902
213.89716759359376	29.866799330482184
129.18107738894722	347.92849086393386
403.76668615571344	192.3655123235528
287.0763689110251	201.26494396693437
168.64250067605747	212.16507325921586
33.85958235391582	401.9569214952058
312.48087691101836	412.75397489682814
40.30684175643555	131.9516047499226
256.3236197782903	106.1847261994286
338.95844029134173	359.29633616038177
77.28928765868145	72.5764114743624
161.47678676051223	78.34984296275945
356.60409293078254	43.99799904541507
37.96912552528867	316.6510549340432
385.3782195085115	242.9876996378922
65.76462025148257	25.768305257107137
201.04580687066692	37.76176232909463
300.87908578196726	16.59926045920742
322.7865091820453	38.424246724091326
183.69488542284233	240.26134309331707
381.4734783710228	408.65887310096986
0.3710631596747531	147.52705099766655
117.93976309386544	251.78613616955928
91.66429749583922	123.95983775259896
36.61698674107471	108.88113799548829
73.90225481213879	124.61164051991494
66.51379907031877	352.0234104932168
293.1728358484408	41.725296996516576
238.81783132816608	386.8960610526793
245.89494265442357	402.10479233994016
162.1906549548563	179.22468442279913
367.30486918812414	243.45757013542297
365.136787393749	205.08902422862488
349.68239875932727	210.70850936698406
196.43503920153387	12.31447174963479
164.71848982640776	341.3896888438555
194.84127691863694	324.5203961532136
360.893857759127	26.203077514691415
92.69238741984954	279.92517767366473
274.8149907238893	241.32241459359295
103.05784617741496	412.2685643981065
255.1267025304807	123.59317191483082
291.72676700106365	182.29939958499259
180.97958509872765	71.34449428098654
359.4086232730948	379.13096153634683
14.58156617955104	215.28472680248834
28.376432965136438	352.6360375531963
266.881245727608	45.22297856804412
348.93108096828234	283.99137626679834
14.596899657836056	138.4010014476627
16.9050862066238	59.023030504980674
269.0139980252696	173.79622003924132
34.18917489427518	253.25129991680322
55.02145717645258	64.33749011324386
397.08268001927456	409.4741258972319
103.14078997819217	299.0926231750227
337.48099477908545	95.86032950981766
109.9457751395413	334.04926798320196
51.486890492013416	378.9847591285347
259.41301472999635	29.95262910194182
374.79512732970727	152.94875846550985
190.1249511985091	26.49163814565459
402.7800866579314	295.6064469396788
86.20477737743481	253.94405016143256
98.23377249617174	375.5342178867018
46.02266388386862	146.27154656240236
145.30575162858753	7.106630858407557
18.712840212177216	237.0882516119489
6.846196768577446	110.18372314768344
234.04268320837306	322.03145784683227
303.35327142064733	311.00321090997596
287.4964425026814	25.73074265307377
323.80166990605613	325.2255305674491
384.27021120950786	298.3547018471928
222.19690235095587	215.38335118469016
297.53469803230695	128.83615906808666
112.54236065400538	158.03121540303218
109.731196912469	395.08170327667165
301.42583629225993	147.6143129303025
203.75038197786466	272.88889436438336
108.0518863237051	176.075564288697
72.000134825109	155.48936039634324
121.22787120351421	225.64395009337946
137.912763835731	200.10933844692804
338.3845327903215	148.67743342202542
365.3203259414795	363.1577683170896
54.41165625065954	94.48278141941036
176.44096375044623	259.30995864564454
125.1535358531829	265.99132887385537
270.1831224014165	97.23186755902093
45.47319637521461	286.2134846612786
151.24576240349	146.8985379497162
295.57562195951925	405.4856369832325
14.115707582860404	252.85309004480214
254.5804571701333	184.9130401683944
344.95438612201673	17.5911070282767
251.89199234489143	333.3121045146507
179.4881308543197	331.01284572327927
394.7689341939828	345.36806457195814
107.61867672277172	234.22764795802263
299.47596346282916	242.35682221933553
312.9289480248801	85.89165167810563
360.4896452460781	348.5400421022343
127.03076584424369	100.45099775902983
412.14076235792123	259.150196358833
159.10211303218256	32.35826315188167
259.24070213742215	389.36871122013116
411.19178993198096	370.56729225614595
145.64166480422108	348.7553865741887
139.53664933061077	117.84110047013439
301.1949904944283	374.624534364604
200.2897715114195	166.87118731546323
194.92917910901116	301.74300527451595
330.2429995901738	60.43942254802501
108.29251325559561	120.1886940851673
40.52572713621668	12.286125990706243
37.76591635776889	62.27513692616276
378.55277925622613	168.94486949330567
36.423634916568815	375.604006113784
6.607606099249531	339.92281133889253
212.9713531633613	236.1680788444768
245.40759440716403	95.72138178185301
378.2118347053856	351.51997879252815
316.21597143994205	51.978161358482396
14.575083530056517	268.808856871996
94.93351521338704	317.5876355990602
321.5553554342986	224.07130881343193
253.81177168076542	80.18374781334788
309.25357407394836	396.57941345829505
176.77260383157417	10.148050785841633
290.74080687351216	162.07811591849023
63.04684848199678	41.46600753624624
351.29758703330964	266.1447750686314
410.1574622452602	314.24441369885375
32.162110941348615	43.82697523735082
404.9279347106076	148.6371941387036
197.90562903779184	110.32094001696717
297.8883440505965	272.19198220654664
247.85759920422944	314.68535614701193
374.6230967230644	6.65078367699398
93.29231182843189	223.90451543635777
121.39905123096217	139.71095016056142
148.63189534777766	247.6565137321067
325.2354993082354	108.99593899565161
136.69428135982395	157.10112390531668
389.4677584851364	282.7776264195784
381.37724059109513	323.02025545430314
202.3750409350143	406.6662432833709
418.8318350774443	225.1856562100014
56.262537868942346	323.85504017136424
324.9476996142928	309.4569902444266
125.07096865649987	405.5547813689394
140.96987940057988	390.8767914847916
212.09479475821232	96.3365906476946
417.0011783119037	201.36561226484216
222.14701840516972	121.42879948669642
129.9063902105703	41.98911024406422
242.92555926319665	16.113864479164924
270.5148258143907	117.05153589816209
159.66917001257488	309.571902413977
149.67561896128728	229.575053132148
265.0667933308834	62.585930748184346
376.6767507275042	100.31115389817961
52.969909320922135	206.0105617723234
49.072983689453004	359.76193780370096
370.1305288108665	308.35820491993945
153.92630384321257	197.06467412090822
70.51427138141409	264.94293174949007
401.0527143693213	19.569000038353103
98.4271465916562	354.6145239791089
95.52874357780597	46.75320431979255
194.2214695261635	192.69193526096112
81.55680885562147	239.1867698751435
11.596860372509113	354.88547066875714
181.75995645729532	395.12101888282507
185.12570007258495	172.1756938251934
190.88741132245426	132.04245531862415
304.21464898256687	227.82476227964284
288.3445534634222	305.2524012319281
118.344568256517	316.69059084440386
305.069300522888	105.87102259716075
48.06625682874764	34.23127972720314
212.65997589997477	288.05673790740127
72.92685604964441	324.108277725545
382.8452545407374	373.8324598306567
195.29594480210525	340.36875009387035
0.002514937351190124	84.21184292400437
255.9510560653752	268.545402421055
248.82120129096242	203.83783292473197
93.72169053251805	72.77650266935872
358.6370330361129	137.53447985064065
164.82297210221574	63.47896521178272
129.52579060952783	69.84377187872145
305.6183010488332	188.344782341878
289.00941626103764	113.65281808130796
337.3382807395012	294.7518678388054
176.72433139606457	86.87167791778752
37.73432725366917	204.9956292224601
343.56220672017963	186.22576407137285
104.96460265201749	207.81008897389304
270.93344872758433	375.75702844703164
310.6295151673272	211.99834734677123
99.68860463090068	138.36844262232566
299.5243436382102	56.8978016675889
360.14234399467585	71.80041832329856
151.90492868423445	213.87783563477785
224.54892408774006	51.1879427404737
161.28037091790875	273.5041987051911
329.1300272912655	14.527222410233698
227.02875480488333	243.6332645458395
271.4406431083455	79.19389856949999
132.53938075544662	236.8518805922012
284.5533366547908	416.61241559272617
229.26904089463875	26.588859623367885
78.87206033688784	106.56663723174137
85.48176823802847	180.24977762079047
216.87959020888707	255.44550739331245
116.45795885577037	364.10012690074427
248.23176260534214	139.58862808527527
329.0219987785137	203.9154418093074
245.86613414127518	354.5756340291719
57.00769697912328	3.11374676889261
244.54928833992258	282.66157937226455
206.3004818906137	135.43954854312796
174.26769210094662	48.223624042538425
111.04654562622721	71.78715565278922
50.67832095097404	236.0637122260108
237.92940744978677	60.24529490315738
231.8827932726418	339.3381061786912
138.83646395236792	23.127904565255804
311.4171274125778	120.55424407998359
50.471571165194646	115.03808302510821
67.36117203875928	197.01033891011176
62.95560629862447	281.38127163336566
43.37799911593744	80.75346068574228
219.44166014744758	356.68820660495214
412.9297856508093	3.9067511650271665
409.8375692132119	115.815102138495
361.39601731820505	225.22314240738214
393.5196601184042	203.57262431653075
390.0094035207038	56.546787396122596
123.35226157599418	182.70085434298267
190.23853701816276	57.19080603063331
79.49229628691606	90.41276732833973
400.18709707212065	134.28031591655042
17.1436819966735	369.76297032854103
0.6413446671901903	41.579403646616925
203.38884167288577	80.32650664419272
379.6823003605279	210.6221645070779
311.17684357075166	258.2687083755701
9.481828523200571	310.368601903825
401.4434959264594	221.2763596163456
