216.9584050622951	59.47490974161295
402.953471527818	395.80027149969436
371.2249621126817	215.02738065078304
345.7923604432778	349.8312690756458
408.5381213761278	339.03195240638127
166.02273775098638	182.696451655254
268.7773219414359	41.387897768278954
100.70437282030294	391.41637043080596
168.50580184233135	321.84145615059845
385.81413885173475	73.66020813803055
309.5725235810573	44.888285298366576
230.0256290332073	159.2540581170383
376.7804347100935	98.98289164746998
213.05860948818813	19.095844346445663
405.00605443797707	23.29807023872558
131.91442475455702	53.948369907951104
25.256438939523214	154.81317203842676
331.9274097135386	174.5473475127629
258.7633276348324	250.93213515556852
21.63020379169516	178.1370889043697
161.09707022350176	14.71558867432397
3.195005140245804	28.049470483396707
117.9394126578936	237.3910194142697
128.60462693408238	132.15009371348896
303.3475923894129	151.21238092761098
215.78278871618326	319.4403410053648
77.33115040262827	304.33281575552894
200.4407659968811	105.64039309917847
117.4998495317463	112.14644726660848
48.00946116556571	270.79066084797483
268.4393236562796	377.216128907338
237.03957459319187	177.13235928255975
232.5934153130676	307.30019756944915
165.94234806240124	371.52469916190984
152.1286759941653	56.68091943950444
18.990795287857463	368.88289076885076
101.28608019781485	122.7129123465598
340.7223102597496	90.96731666291686
186.06596166627995	187.31380299860655
293.9868394629817	362.07489670073414
33.56799544279616	4.531944873090076
89.6865687837633	188.07791490631269
22.914145594525106	408.7545951644641
206.54003037164932	336.11198443487655
51.72176161221298	90.77301215638163
152.97983793721073	101.39549386593772
128.1385943963296	337.0502532971973
246.04090488085888	142.13475449353183
236.3186714192228	59.63570334373888
261.30401622219733	177.77584172314235
372.28096791500224	296.0443928009289
160.83379256024065	234.95020718134666
292.6319362494353	410.27798988580554
139.9240664552728	21.607725159704895
84.47012360079452	287.1844144551871
172.27257041293487	40.51148148038275
415.7344178976084	378.82354973796936
370.937100224455	236.6712731352036
50.75560080456692	360.38970978432945
418.28243403142795	83.24586550923297
43.22170109152387	289.1267367223639
104.14802264912339	224.71958872847563
202.84238266128986	355.3399760061614
235.51004760349045	8.950638981781404
268.8404108850187	204.17268645983012
178.36833363582238	62.074066105632625
332.3810989984927	221.38998170100763
326.55115323663944	240.4427152106098
196.30696643830444	209.47526673466172
390.6001310109141	227.56620061869972
89.5990048392095	8.932617555030166
204.4303434590766	191.25390048725976
253.01713192939664	313.2391745718585
95.30620996604719	144.9048270877895
372.1380028213251	372.4240890021413
342.4551880012499	67.56992572143997
36.599721543918996	36.458163170447904
407.12754208272366	250.18589733309634
73.26041256011992	392.4201242442999
292.557953394928	320.1549520932571
39.37134599318746	186.95723737342064
210.9152654687111	275.6745315267522
241.03227833268576	243.85792733668117
77.14095154308382	29.931428461482632
8.2113825580022	280.9074074173304
188.58684401712685	78.97581452402599
389.51100813429247	145.1365800122223
262.98183567890237	334.82487504360654
290.90785309642627	8.94915088339631
394.50408189805967	268.83022202476457
254.8797295703987	79.94525583486634
281.675905419744	186.3954867693403
312.06975830263895	414.2748304061298
387.97390354398283	187.0573836697537
371.8594266480151	196.2824408212785
384.43433218915385	168.3292416808522
286.07168695069896	275.2287185041674
305.637141554177	393.2679243701581
236.60338954373918	375.1574690897238
25.072277867773487	230.772027444623
158.02239017369507	151.99719217741907
305.2358732379502	128.52737234948395
383.784489383496	29.44955942107248
67.51434557597499	262.85774973417887
57.81936289713773	303.5584552205452
270.8681582726726	230.29310294686618
90.25790605480297	318.2271384349705
197.74508158316868	56.83622455657953
326.31565056099276	400.6352970225529
356.25288133093864	101.19282398695064
232.47793614751203	282.33608242334117
121.22941343700207	24.33404083762604
259.63346104799143	11.183156995227153
350.5106529592852	47.76192408300498
216.81418962153455	295.6389852407031
262.1313851671534	270.0361444948762
196.50304925169283	31.827508178885267
292.52800929982254	201.45670188586266
324.2199535291321	71.33827879659462
271.7474647195798	288.3562145715763
13.538907963071496	139.82406680646235
164.45532699075957	352.5297524522675
173.44108874157456	278.96345787033556
238.11525694397966	118.83810624003172
118.9771373232157	408.74548390027996
415.28451112402814	118.45160265818785
2.0305874286427916	360.5239980415942
366.8634173795105	256.41865328345745
258.31451655397	100.41848707123795
218.4789748153928	379.6603833137691
170.18074744205904	114.64564731048833
349.72748675185704	7.332745589260157
202.00836040171617	229.15727926733442
164.23431459212543	414.69273019628764
5.521507546373158	62.670428308398456
31.22861140651406	354.73528382791307
311.55622715489915	213.46635894910818
24.832591690744245	322.90797719073294
104.19456112247505	61.46912510422414
288.00872992312947	382.5021934533442
78.98290717391622	247.50766906538394
368.16224213951347	403.90551840871746
137.93700541646606	158.5821320997965
246.50983648086134	345.26966854844875
144.18581256587163	194.09908036836617
383.2063738871542	389.81671320694727
322.3747691630342	27.66807285619112
198.04864076319035	313.25877028058255
354.92529326342145	270.63796843371233
272.0164491997657	318.4138885015282
117.34985401387807	382.6310395873787
344.35399951322995	160.68755913643474
415.85823854457516	46.45891277442818
136.83330620026726	396.11098405230496
419.76832639704145	230.02067394574874
17.342722738306946	43.05922654236901
113.88060278552646	43.099992463209475
152.68803393215038	253.94911199161783
221.48524050615973	349.76019203413193
143.2236196169477	293.6492741888715
409.6684630283918	279.6607872246289
151.72071387180495	81.57556254556589
276.6098640525398	24.03106050000027
40.40366865685924	55.01075701895187
308.5791369205079	329.60918957352254
399.4507472518966	355.2526964270419
109.7593005373461	79.82640614084671
338.2096234015093	320.5510229986877
29.916708239426214	104.93008878221663
223.55647188319645	103.11577276631954
230.05744638605555	31.770643141068078
87.8555264939458	108.04807280302745
133.21895435519878	272.246622724784
68.57263297311609	79.01086378448294
84.51050956715216	226.5089622025853
208.4273786754413	397.0792427961325
155.5817227934696	396.5836894507743
373.42164965955516	277.27122774155526
295.36814763325265	170.17946531842446
410.63352221917	301.0463165384267
72.46868065722269	53.050641154692656
148.23729753309428	175.23940853579506
177.71172685238204	298.04631845393584
90.66864289377318	45.287662307306746
278.5766169909059	95.76171612303587
133.87469625336632	253.47054852914118
32.83861010932269	212.94416632466815
5.670455101193852	165.69531933854518
340.0613416953531	111.89769174388191
274.529413753896	419.8168236309716
40.47574151583413	166.88010958172794
357.05504508245275	120.74311932112174
22.46725674759581	20.6754612311251
89.92597127781205	164.53764461534126
199.76223814127215	376.92320095409434
327.3115684861469	202.2826393978573
397.5607490400213	108.43605488976687
141.79415045142173	213.28432714442545
225.76162140704224	264.0402974558935
360.89447531715984	65.25720311453415
111.38570046532844	347.03547202310654
85.55864377896218	70.17548375825814
114.16187863091973	257.3164976187731
389.28553847357875	335.40961014578266
21.006471565024054	297.68447256377203
305.652318543107	186.0336111288626
55.28924154286566	20.44148310594384
255.52997615673553	54.61065317933646
170.16002433312428	84.19735700760715
323.09768090656917	120.64379123915595
340.7812555864967	132.1591747178735
398.70142801980506	89.09528223126843
125.6088119276352	307.16249817319476
71.22239196881516	322.58659635963915
330.1989121498675	46.655327598952056
172.2494612971675	139.57804191490018
191.924210873982	123.53019883532197
303.9220857166712	64.09508387812481
57.01604044888406	64.18050765553502
316.44659371950024	264.39428399351306
352.1308557661765	215.612001882589
383.34105198148103	120.47925250601205
347.4322102064411	196.5602276840967
415.3550230641722	144.61021270595515
314.3192946338012	168.41219717934325
285.4089049294238	77.68226122486209
68.85892098893198	167.05580834199014
213.57020255511208	40.831934354296365
274.90833043556125	359.5956600499084
387.0223171980375	250.34475528153416
171.4105670528328	259.51889926327067
419.95354514026627	264.08807654705885
300.59710256304163	88.44488683558251
127.42944208644438	5.840028430736118
235.6627097208185	328.96061988666247
345.1608350801227	401.88263953863344
92.14243849335666	264.51771661481337
3.6856641287605028	405.2409172893577
73.40072983769905	147.88228999312292
109.10814623274602	10.260319839646446
204.6973118499262	137.18341415923928
52.68490310625009	248.8047566970998
125.36650178153414	364.0588095005946
221.76522545729156	238.22640886968702
182.77722479603256	243.03011106933397
416.54679984120475	181.85774768058354
273.61751325293085	397.6464182857892
226.647699149996	140.21434214190316
48.469996317226475	398.0065308995774
288.52523317104755	115.1621207935722
23.27533819762747	197.04560622277876
152.10615009624513	335.8502690446979
8.032910444888886	314.29105211296155
215.26074227882373	176.1558632378885
185.43743864317543	4.446089911415316
86.55845185930974	89.17173746882622
306.3720651920513	236.26012080909547
69.47981342820425	103.5720588317127
313.87100450680555	286.49678730156586
371.9720876437843	45.93479641367412
11.562587647174638	249.2769302328131
154.9540252354696	273.8770793537837
359.1902904276662	181.78177728172793
198.1690077219409	293.60985221576
195.78466264887498	170.60730362930744
98.96340560264304	244.728237011159
12.975131720166194	388.6358003625557
99.86143129285703	28.622721120621684
173.32910414660455	162.87022389689972
184.59122853840725	332.5621905215634
249.99711651562689	162.9940904074642
283.8386194171273	303.0644186238774
361.0898426140839	24.248756023235533
189.11349949406156	152.37409278726798
50.768426270153505	111.82590550036495
290.71365497564216	339.79936033674574
13.435951674429695	214.50997680164548
215.39214354320794	120.73049046538745
178.02287930532762	213.78980718896668
347.55743078272076	234.75554366931658
70.85184683050802	9.569819954178548
11.610120631192357	340.3344073046711
56.17368797353695	42.658160062291415
183.55682272691055	363.5184416220195
128.2485490327133	177.09897932858692
276.3946943359884	257.7874832989596
370.83709812002866	5.5536391572276695
70.73131350915966	185.53489960670677
251.42962670267363	387.95694457983484
35.03288459599391	384.7856130251432
223.6086452465779	413.9587579726013
35.16424085863628	123.81344969726781
8.708554387146894	100.89787299472898
39.442875854743725	308.0160572544418
341.01783619526645	255.75962520555993
53.68051284117137	146.90002254458452
270.249602028418	123.48248352149902
141.74825874076083	375.6410882252166
208.04026785178064	76.32097881843136
335.81877942587454	279.558668483186
251.94715365906404	28.806654358859475
349.31103192143826	296.8610430228383
10.064401682986981	3.41579958518055
335.32292462359857	381.6148045700159
379.18718502614865	353.7630632986777
300.22398332813975	254.44492406395668
145.59698187756607	419.63217419163396
306.12854292453	108.91362410999966
119.04093874111715	148.17498769602943
60.12773642237286	127.8552098355456
366.28454191258777	138.58530397925406
389.2118778766886	9.893719605147036
178.14977807921287	385.9634570575932
309.314451868989	13.255356681985187
52.69376520729656	325.3940185487588
123.3879434388447	216.69749636597177
244.42628931433126	264.37941344814897
310.7117608522085	374.61642201302885
28.38928523700244	277.11316557808425
229.92879764570569	396.098384749954
296.6375187185943	27.49038826800971
253.83563825901766	362.428258923707
405.2081492137098	66.2493061401461
287.21653075950775	240.12343370583199
227.28274407936206	77.6441686886344
294.72348388043866	221.42310570755623
38.73046063530298	76.59171390435674
252.380674353032	220.24374482524306
302.53692223210516	302.5162430593342
144.1558440236163	356.37344792887967
136.72192054724704	234.2442443781386
31.27212800847506	249.87992783654562
128.53297557799016	72.64113802907568
249.27845441135605	292.0064615763369
391.50205115078444	293.6649910094788
369.8966673180591	336.19265025640783
86.17724861830979	336.5828375219408
204.1246672742308	248.0568035376685
38.17860719847486	336.99533947896185
341.8535994796323	24.69112908948068
99.77654321950823	411.2384700818288
329.272536697938	297.258015639233
270.2894915644029	143.09198710294936
86.9412826905675	375.53050313714493
364.46939496430866	158.47123366721334
389.1601235055219	409.4010772457674
59.696717576006336	379.42210513734534
393.3834621142214	47.20189455694525
149.21667427829937	128.08610254777892
407.1893701832392	415.03557203283725
18.283033215694275	83.82926870333384
328.06327467798224	363.54521623068916
288.3903417085638	45.72580200234056
104.16880477939782	97.71225304173662
66.16742620288588	340.4733716833644
203.92514659409804	0.7386988987149998
159.04965627068398	303.3241462111787
320.3326202399007	313.95345838195584
124.81104257501273	198.01185911311464
233.2605869579849	222.73667265799594
328.4962707307022	339.7541952258376
77.29399490010088	204.35051963799103
65.21878841997332	234.4159800668605
208.3205390821683	156.06255266617603
62.16139413603962	284.7400471900101
276.70190607533436	163.3990819614838
244.0794564386346	199.34679960386595
24.169619035909697	63.9970901256813
81.43171526209251	126.29786920875074
240.10766381101146	92.47375197920266
321.83558217377885	97.39561336302873
136.35685042789643	112.85047969257612
44.321656157946656	229.20920495974815
139.9782872275626	319.6435429279929
79.09715023040349	411.20179098523914
105.72528618704825	304.1458241620772
122.12571691618407	288.7427964432187
105.58933357816373	368.0907149765695
215.8982020408578	215.63613490829894
109.0707369757054	186.297061558565
189.50321183037144	405.11780288356204
112.54148876664264	323.23862019150624
276.39372052827645	60.30893075702638
308.07843345570996	348.90225353115244
396.3249144636628	375.15174895868483
161.3866525637292	205.32894609605447
191.44522024490897	271.31754519644124
288.6958641753382	137.73213289499304
358.1487252415652	387.97320960837294
71.51451867522792	364.73883073316006
59.18624990560585	215.56689767584632
402.7963035863273	163.99318257128436
328.7576719609546	6.037507390831746
358.8880662138744	318.3808752465969
364.4303690697708	84.29519090430621
394.7012690250055	207.6709918989305
103.30829480077678	204.6536804394418
108.50337942530437	166.85236200869312
104.91948873985655	279.26803902154
178.69062939692188	22.95590991131356
54.97424328478761	417.2114264335022
127.16945062966745	94.68694677183471
382.1156330178297	314.95612818228324
327.8939098643911	149.4622198823703
413.2808266721946	207.79703031067817
16.71370854704012	119.04749692264937
407.2509756666628	319.9040391886975
351.0629000367508	369.18071876963967
254.72012650073967	407.9425058100142
182.5295438234414	98.23560856708386
226.15912295629133	193.52796364417142
88.68735427650624	356.9722282014536
153.59391957512278	37.15320868810635
