202.7166633686185	59.033786896883015
404.1142552790356	394.6255528366175
381.1418049558394	220.22701354111032
349.4260638236382	349.2689086390828
403.0174403657594	340.22610391827953
167.19162248196352	186.79586671530228
269.3089478348764	42.69362354359354
95.62323376039394	391.4468599730755
167.69783822620857	329.449232917451
382.51651143031205	67.38615984301794
310.7605814146353	48.60681521456312
241.11176549599372	151.08476100588533
380.1984540395636	105.30443474358304
220.56163414008438	14.338294235835082
403.44684846940964	31.076805445100018
133.9164315191912	41.07197332428528
25.771487034980815	152.98370941133723
341.5329609835651	176.54308639657788
260.8243379047708	249.2053276936775
24.0595709635054	173.56952952098237
162.04100341137783	11.89083784686674
2.1530134762784807	22.05541992047763
116.61611929113971	241.3367638249862
125.45080064794665	126.7963060330453
305.1559737395167	148.6665804710106
208.51408531292986	315.5193369116718
78.04922436595305	301.3639193003399
202.8931729117594	107.51577024644018
122.12416514885552	107.38927987454193
35.71292039375797	268.33324299721716
273.7717970049845	370.8598107941323
240.88344200643718	175.70748551021333
235.61131792062352	311.29789078655176
161.59164167806654	371.474147581051
150.62270505543665	55.89670059181816
12.80229873427235	365.984084079689
103.4737839170869	121.89513325015206
339.91739086627126	95.17352917478483
187.64346496035498	194.9715796208958
292.21393431713784	359.86875016996225
36.854030923406405	3.088485769470256
94.13234002027157	185.32510108492193
22.97797027424984	406.6810210747389
205.09445045168846	336.75026649402713
48.15210851812017	93.57998460540664
163.4524258653658	100.20684020612072
127.44823104926444	334.6645240505336
249.66345568135247	130.80210449794464
227.29974421812443	56.967332722441604
262.13240885061606	182.58905099998924
363.90054805427644	294.3168707757606
168.0527403423198	229.22571172660264
290.3617007712397	400.4640049339138
139.01311887387882	16.642059490033688
80.54960092090046	281.8109514387338
167.67335997366075	45.20597957074698
416.9608334442311	377.43102392852865
365.8321999558585	234.0406969835627
49.39666673642784	355.1486835664559
416.5844408286761	82.46737378288728
38.06263844547482	291.78759910833963
99.90970505379346	224.75971417833864
202.43780055252446	356.0284586827827
240.32594155921433	14.052408036152633
274.1252578219275	200.52406856385247
179.2507757715941	61.36983838121962
336.2212625265312	214.94520490880177
326.4760575806109	239.1928322847531
204.16107927094404	208.26896489671216
399.9977278085865	225.65702907900257
88.41017725122765	13.077887983723135
205.62989713249158	183.6414339115192
255.0052838470289	315.95829709473435
92.04172260606632	140.75003643101212
376.4288788144741	374.78424330464117
338.0935911943099	74.21700016226637
39.92232373601317	38.57790548373064
414.08193813610984	246.46882383554146
65.8189087377478	393.31775612192183
300.43645769985375	322.13345344405815
43.19997279711421	186.78032737268543
209.25721174967524	280.43232895456066
241.74630152551535	243.78511054801214
79.9916870754226	33.70643352553247
0.0	287.56939649282873
186.71780603154033	79.95696589887913
387.5809611882754	153.57164692518444
266.98690450941984	331.882953542674
293.8048165238471	4.177346416221345
397.9425051878476	259.1195524562908
258.9505782593955	69.90530239600979
282.7606279694056	182.65291619571275
311.0817735386483	413.8287030863472
393.37490854297846	187.04134677610114
375.92176408170883	199.3395857128353
379.8195716115449	171.99811140198273
282.4925093686833	282.6921653610092
308.82680165101164	392.61349712296976
234.6479061660856	367.4344559652095
16.116294007612847	241.23530276070886
152.58496878067947	159.41841839044713
312.02477435524486	124.96015235600305
381.5433085364855	31.0826263199153
65.82762151310953	266.5750392007653
56.3824619080547	303.1959184303838
268.5726729132604	230.18478046105622
90.80177444973542	317.7129018609302
189.13672065244359	41.111059887002334
327.24511521238236	401.3804194646565
361.10838494901395	100.36156293331568
231.29844440949722	276.0112571642912
120.83309118542479	24.2718802498551
260.38480709349966	7.679513886300234
351.7646915558976	43.50680271273394
220.83222463267856	297.9211438306988
263.9601815159282	276.37860730119564
194.9232062220473	22.024030930174924
293.89556755025797	201.2495047110989
320.30601144780513	65.5247133440215
268.1608759815148	300.92046421246926
9.637056186505559	138.58994882519775
166.12983733714583	348.97656090830793
162.04122542498635	285.20846818008766
239.48628249454848	104.03094750571866
110.84048556644974	406.0004984914366
410.3186970366929	126.6195191865869
413.08423545878014	357.38558815430895
372.16817518615767	254.2739192109252
259.0546347562479	107.97624545258543
214.78537403832524	372.54571198303796
164.83572764432418	119.74140068774541
352.8093600385665	7.006128401496544
202.57730134344354	231.93609190814433
169.14149119758093	409.80331414266095
10.702791546016039	64.17112377166906
28.126487829160737	353.2559747142763
314.22892096426364	214.94378058180493
15.71734824685324	324.5928509815824
109.97438073356854	67.53653170530798
292.83992764596707	379.9307441217929
75.162371303883	243.06826936878923
366.6220627063339	410.7679452429076
132.48702444094144	151.2285430731638
242.1154124377816	339.32581134779986
151.90362771086066	199.38257591055984
384.1611939148624	396.1395929254489
322.36417547668606	32.086674953394144
186.11184972204916	317.86727886357363
357.9719200588049	274.35490174509465
280.5967268629532	316.07413200185846
116.51916557758476	387.0375372279657
343.27841615209405	156.34672164018124
418.1006372361745	47.03847286287334
133.45779924368946	397.3319720416079
1.2390158455978655	225.9101556039939
19.45716294537013	42.175558638481675
114.71438207383153	48.45281130536712
156.4056804692025	251.90363538616984
221.71547509124397	349.22659370937
141.0387653957837	291.20828884693003
400.4014332564479	282.17816649664803
142.69916287320618	75.76142432409101
275.61165732558464	20.035422473069865
49.482972126189914	55.7956699753281
309.3223216556467	345.1306331951954
390.8565268401031	355.4045430353089
124.81263443514271	84.56313280142831
340.18282010871127	327.35548912411736
26.92124931071627	99.94366722160166
220.59638462194198	96.1718149089868
231.680319031715	31.522937859709323
84.15383128694602	107.4034710095785
125.5973732922605	272.1500574627585
67.66719041688025	90.35237372140456
80.52199004704151	221.70548474084345
209.26536910292324	395.8857628913342
156.42992072799973	394.10631784069056
381.7069534731937	272.2912715086008
299.20233140631365	167.51718989897546
409.7103937694135	305.105207703684
72.0921629485353	53.065715503219295
141.8030738800891	178.59967359273156
178.05263485812608	297.6669105201221
95.28052485862348	49.41686190168105
284.35703892126367	101.30458018065347
136.96149295976116	253.5955483448117
36.93250209616696	209.00915459034
8.301985192786734	161.5193608743285
349.150325433652	116.93127385408614
275.2737358855218	413.82794748848784
42.399286762883875	166.37988496700095
370.1585852180803	122.61008925056521
26.26770410068334	21.234096953059414
85.97201177054122	167.16326289710761
195.4953906342843	380.6118842861925
325.1464557904597	196.9475750209111
401.3507189115738	108.80712417733834
149.10740573279057	219.64212043203625
225.30921547638684	255.73767761959658
357.5844181460334	72.52677482141488
108.45033305587816	351.6379124400611
86.6012582820982	66.84131529840134
105.28694570180767	260.24475046882833
382.60248848764456	336.5929254231898
15.186259031486868	303.0565693328394
306.540731043618	186.24651106008835
49.57306945985362	19.549911720593162
248.76654764707646	52.380720832304576
162.32766031285257	77.44519732384241
331.7861578286988	128.41383227877714
349.3925126306452	137.62790262114197
395.66091883817984	82.83318279186898
121.28426592507064	311.15065544372374
70.3900815206627	319.5218578032441
332.6269820721082	50.08075616569992
171.48550093116694	140.17840113057753
184.97698136827478	124.01124525669144
299.4076091268209	64.82378915748185
62.609688576753356	70.17010460618505
321.3463625123691	262.32247094276306
359.38517805342707	213.98308193669806
390.688603692759	129.80694827034108
345.9945363806116	197.42599252525827
412.0247305983213	150.37942474614624
320.1536533259178	170.47046199329327
286.0818129515278	80.89537739202692
62.98221918987657	170.21545423531023
213.9983237103154	42.3476316896376
273.81386703214946	351.06769847647627
387.1615220670464	240.4688714803389
170.18740004020833	265.80918186234186
417.1259183888566	266.0782722363516
308.84350564772757	84.18619156819108
126.44656181767505	418.8517162832902
223.68774641733387	328.20057882240997
345.9123438001695	408.4884032295256
85.12926945913108	261.11614200168316
0.5709762085637777	405.7860658556263
73.4832196027996	146.6811938704364
108.49366769011657	7.966217061920666
205.49558273842507	128.66204983356508
55.81693925803057	249.13919886202473
125.05782132940305	366.7646889707861
223.54960858477358	235.70790163365373
185.2632472352677	248.22222610820933
3.876841336182902	183.8124360568773
271.50883640498614	390.6156820040687
229.30447456100865	134.88600146311893
37.59905585132108	393.10740417564335
291.48322325883186	120.02873453940975
20.070390478548983	195.71238896176064
147.55250731658955	332.9229094180264
415.9496373412631	325.4013392927725
220.48868259544827	169.0355350889817
183.4873630736051	3.8674493548533353
89.2484241355032	87.88143399792006
306.50396749469525	232.9862201682777
61.97104244115909	109.64771394069462
305.1882355828058	278.310905216021
370.79581280433655	51.51119459567875
15.836848552641385	260.8601555316468
148.1247497175805	271.12684423166536
360.87287633850536	184.60337997844906
197.62611341109374	297.4755911235741
195.94781697137134	163.29971269898803
95.14256268108424	243.6006404866446
12.743736472254467	389.7413963662614
100.45159437947179	29.932595227835275
172.45872834557719	164.91204266776805
184.30891591900084	341.8826436651955
256.6103243566249	163.50229256569966
294.651221648907	298.43341453159877
361.19921814045676	24.57585305427934
191.05235687562632	144.50063928747466
41.803015393708165	112.4958191986829
290.29862739967916	340.2356706076374
20.491212302135608	221.02652809448324
222.10315534899172	116.46720681581401
186.2824486049779	220.85678504580304
344.91191271170703	232.51126736974123
69.12665901183853	17.589715904606546
6.494514708741353	341.71931651740726
59.89298355288559	36.960201251085984
179.78344242784596	362.99730896065927
122.58794418545965	168.4695066452866
277.4059941929338	261.7251373008808
374.2566254063825	8.811621752401441
64.46624266007792	189.68549117174385
253.00849479130684	381.26853914022263
36.49207651311911	371.85176607635395
225.2263582809879	414.38298114858486
30.411813753214847	132.05753619124917
0.42541784178383285	103.94607853061997
32.58374544650895	312.61085697294874
350.8004211416905	251.15995223461266
53.76096908648869	150.27217819645102
271.6804509304236	123.44066564585518
141.28826162553278	378.4378393217416
207.89282751566924	80.18244806015537
337.4306396198943	273.21344692958485
255.1477052513723	28.38731093528933
341.16780925736236	296.2593465599506
11.979373705725003	3.767452528173264
344.086301994667	385.00664797687267
369.2400192524292	351.5871685312226
300.1999941877918	259.0585393320486
146.0170316632668	417.77162045321097
305.2526340552937	103.29066940855107
112.94606424614668	141.9576898716464
53.934475836404935	130.83606543933138
368.4144077251012	142.4831349545394
393.03568255418355	14.43230474179221
176.22453970613645	384.77079509062287
315.5983472176257	13.38029455026202
49.58629636937737	322.12257248752337
120.81402110840672	217.37279483191588
247.75085447548736	265.3921477908286
324.2609311081683	379.8867461815577
20.161969019650954	283.7155658206249
235.34566419659862	395.46636675697494
297.2057574648877	25.85768987053278
252.89448558840982	358.3419743529431
406.5860781462789	64.68466241012483
287.3444813109401	242.58824930472596
229.5655436942677	77.17876443825372
289.79140876215894	220.55753792096485
43.51626297693125	74.52055838877946
257.2677766951621	213.18678172786036
313.0682353711106	304.9245386031669
146.41870649821576	356.96759467676117
134.78015718199853	233.33348730560263
34.97301145436455	248.59150640969952
129.52105099440817	61.24719731246838
247.06276808774604	288.2258746806175
386.14203830188717	297.42099085141274
360.89407129733127	329.537821486642
87.66998847661058	336.88812944236076
205.32666846520013	254.37417566543218
34.34788989820447	334.1660886365542
341.66736740956844	24.788966351042216
90.80391358822742	413.24820678320424
323.06387257859603	286.7475386850857
265.6268820159024	141.94171053624135
78.83658975231695	376.6457022574127
361.8749715597257	163.94263654692094
389.91499144165374	414.8629211120381
56.46615384398152	374.0344865892487
391.2395657916345	48.32470993726478
150.65471699641293	136.2694244779528
411.9812132254726	3.95415929904725
16.337811847513915	82.99072164311734
335.128736781065	363.2946542825371
289.57242170758786	45.353251742056884
103.51249395156007	101.44184468038206
65.21393634379896	338.27149964678784
203.92059509771354	418.47855504649465
161.72989850344365	310.0070080128984
320.4285166710694	326.13983076716005
129.7650040981484	198.31217319199015
240.95437253448472	223.88175203610663
328.8367512747618	343.8301133445893
81.47290265208291	201.25168319715337
61.62036235610739	227.52972890288882
213.71602022232517	148.09685974784603
55.89904266173946	283.36430854155384
276.6628353250711	159.88911042646907
246.61124154789115	196.04177359075737
30.275636727289413	58.69609322069971
77.6298634189339	126.02493566672763
249.5913293073749	87.13879283789042
325.39897078319154	109.99087853496869
145.11290407382356	116.51099720827385
39.221883659880675	229.3180350599197
140.99039717466584	310.8948515653128
70.74997785792425	412.6461086689828
102.33335612962364	300.65423457409526
120.61549484636359	291.44805407378453
101.19156250412459	372.77775968770925
226.2352138161835	210.01153105803974
113.54582340875561	187.27789467275394
189.79020769083428	399.8199902764971
108.16732393307944	326.4940591890445
277.38310314725913	60.998976378120965
312.04435637210605	364.4131522646236
396.9967420515948	376.0709556747032
171.86426849806688	206.82153592925303
189.23700127687027	273.92228273692916
285.9101264439857	140.84409740519598
362.8588708192637	390.4413052808859
69.7011993337937	358.15654513509605
58.22420237921323	208.07735557143658
406.20499045180685	169.93495935232488
330.8889120013941	0.8035002432252369
353.8954846716674	311.3375075458415
375.193226535682	86.4369829185493
395.6301551854193	206.6484639935248
102.66388803572694	205.35383626408142
104.2091574468463	159.45549199943613
101.26762382285024	279.71397318115345
175.31473836413713	26.160702353914616
50.93901175145761	407.88606875481224
142.44116508281058	96.00063360628123
376.01436360477925	315.40646892094696
324.9831088549922	147.64845290044852
416.42664386323725	203.62875106919813
15.27561545653809	116.84669633961772
395.842191520283	321.39275231718085
355.940615428047	368.6854766068675
256.1512219188406	403.44893761629083
184.80969718267198	100.10120100508875
225.82421447430835	188.72074103409824
89.4871152847548	356.74079161129515
154.07653564433025	30.43109061188056
