282.8173886905059	341.4523281975913
192.01556912678137	383.95676801484944
53.99297078467224	396.73442857232084
261.65394044915405	337.51843833196364
266.3494295569291	278.67477056283394
111.66116285844797	284.74562950897337
263.3542070192696	303.9115544974815
353.9597055546048	5.808965238847634
173.9725942709662	7.386550824074772
391.70216099013226	75.47467672410993
80.32392429682868	93.72711816965798
214.15666940876335	302.4136116317639
319.9366450821482	297.97907755488325
419.8437635302498	246.1553338912337
226.9825619782046	91.22201313293252
173.10765079248083	322.3617327070049
278.6087442038686	10.001804650504175
369.3885179782244	400.16480974909797
105.18696137678987	322.93522968165286
296.2718142375268	124.58516313762392
194.8878205841959	367.4741539523391
306.63427449152954	337.79911798084044
197.2463996137989	305.2695769596031
19.13566855185358	319.46158649600704
243.13702467379588	92.23029803023864
275.9932702580649	405.8243414489343
305.923199315375	182.99206254469766
397.46569491904586	388.5232133551799
67.04470368014451	387.71866352751994
4.096444632727835	68.59007185796655
220.92344515465473	317.59196400476077
72.03065226355102	370.6004577586291
33.128902216885365	401.2429359717329
90.69907493475131	61.09158932686564
72.61895356069621	15.550715605943315
331.6422655755459	347.9966152189867
16.7958650050416	7.643129462839366
264.84246560464896	126.96092242162926
252.9362012613359	215.0130182287488
183.58364013994967	264.46777228856416
348.72425889320357	184.7555451871317
173.4260532809726	156.8129941493262
413.8873115959897	13.092743454247255
63.03220507540538	142.53365428568253
210.1683738353156	53.93194272650609
181.10107597046652	339.076370178827
294.5906933103713	240.8720074119038
256.2250997317356	322.1913102758571
136.2175472729833	87.87850665063871
76.01188611866436	256.0503466118694
325.2893550876602	385.5185034075635
175.9256503140588	235.06994824563358
71.76512804416494	79.17583912317724
271.4351376491512	154.74819483755562
392.1886804396361	332.16411578117913
4.101366557676268	156.4027184907328
372.6585157387789	140.94971307253704
160.97928554901915	60.52443203511067
366.89114434623866	384.3218281252242
185.9531705399257	41.335574429988654
106.20384869463915	231.6175463390597
377.5455325296166	117.94544084843253
71.08107668985804	223.34882331602972
92.97336247297024	214.25983683897215
35.811220303500505	65.33125538617004
416.43400780919967	141.67247506961826
26.428116361317766	205.0642947260934
77.68407004317713	237.92740415093203
260.18125711529024	93.06235805508248
152.26569088495611	87.43548987051417
156.0609106407068	212.39285703155647
229.00008149903593	249.56931613997207
192.13619299412863	56.278963205999624
357.5128947854002	327.75601802591314
238.80049526192167	150.8423723869056
95.73665542001017	151.25980452737392
104.16365181728725	341.9682809108979
94.70305546448695	292.07266515398226
185.28273930754074	73.91240850899423
240.21709901260544	336.0084981512773
393.546460302915	181.22842159658592
418.3931028981806	412.1860424311183
29.0498861642464	332.95071085121333
231.01348710749355	398.7965076012714
224.7494328228344	164.01954973467147
398.21851127034995	9.88944034961365
129.30636729462321	349.08719402876125
25.524941942409374	91.15743672926908
371.9167229391604	321.225068103656
35.724803100922486	262.44747197149707
343.46265978485934	169.54162634595994
140.42176201248003	112.21072657378589
168.43438371029026	77.43633399916315
211.47198219818134	251.26693128130222
359.38572197620886	221.60387629366144
351.696903806589	407.1789330854347
81.49743363810774	270.910485861305
121.81694416730114	197.59342403054478
53.003335948799815	303.52357764690794
404.67692396347877	281.6382712469704
325.1039055863408	196.68817201826047
307.811742773926	26.947764716938945
410.74128340662344	263.29008496666046
111.00172252752965	53.034014661309634
104.4979864248762	11.683005953619876
172.85523911278264	280.1592633914535
53.889628732316396	39.24877321550063
254.2011334691686	77.84459939917772
237.51282658102525	304.5130723205901
237.9381041831214	77.37141165174238
183.35399305144975	143.8253696149086
361.4360383801472	116.86386071881628
192.56094473150156	2.666097457820786
371.21033870655776	4.625543217906463
381.6612065516423	91.36389427401721
389.544186484419	274.70082306405413
355.06835437123937	311.21968199612377
289.1676760845825	42.453958092777924
74.73392455911473	120.49450171235686
282.75266071952376	213.4511058047505
215.06475020406808	196.5809431185219
51.388639745608536	326.35842191636635
239.90794338926955	23.69391633755875
69.25856389946908	201.89243353127532
405.3004044489652	234.79401285473202
192.9276457266987	182.8386892095643
334.5717798825089	117.82063394428727
346.9081661228223	45.21056673543956
294.4813332041658	58.3423885992465
40.534720314000666	211.966118172262
340.9890201773043	379.30546936337174
150.91564685883526	288.82858987356036
362.5757331574439	175.0888786775464
87.87260018090487	333.0655638428579
380.1991133303756	20.88236647220081
388.1001616834048	417.71931102954125
152.1509711031066	33.499020528707696
301.3444300932816	262.63389495276107
290.6152829623819	327.18378884578726
304.44540152281866	199.14146922166753
291.03049135006194	282.26970528551885
280.854084800366	299.401654718545
224.07200284716814	265.3055013502365
260.2984287270561	239.12828680784065
392.67558122653827	311.9017486052443
408.73853367341945	325.0931548832711
335.65635914231643	138.96174831103815
22.608412392796804	120.92038630548154
126.38840620064727	292.58743958393603
175.90235386562117	367.9583014182578
343.72669267436277	61.428858757545406
131.02819770209038	410.8854217169
177.24507074190788	128.2294871830748
188.46331566561673	108.90975534466038
273.8525250335576	318.02456084524357
407.9504975555033	113.88327995209768
40.78656877362469	285.13904835356897
95.09829772185967	379.4315549170495
170.51961996327563	180.24581067093888
89.61633300012308	397.23268955595626
288.14730034524223	76.79426357285286
272.09175845685576	75.70079672564738
175.84204402178918	54.090466013336574
259.62155372756513	142.28193439032316
247.33112973833016	129.53000433190505
322.52593019801424	370.06220156059
0.9849458343166608	290.7443626388868
264.00545498639525	418.53950519702596
278.9914043929442	54.853117670490604
184.59332651190326	202.58036413786755
232.6079722062316	416.89950986929387
391.77006268584677	52.77988364397939
118.40620451513976	360.3832584314253
91.15682603907214	247.92098327441636
316.46571255998913	91.49094034853682
147.06173816439082	348.8937284339848
386.6505158621917	400.1325516111093
84.34511030183916	26.43134140830322
219.53934901977308	133.73653682736588
27.010459511570392	222.5194891250431
325.2990881544032	29.388470222022768
330.0746981109208	214.50954423179792
207.5721801173324	378.26132867826885
59.5232111422508	4.413364484171126
290.4780953265853	140.89661091413922
205.9034957077232	229.86232566030588
63.259039790765506	63.300356787920265
227.04220763748745	63.978601139240666
338.02462795804536	82.22434316830889
168.2922459230685	99.41963813677256
323.32877503664355	106.02227730068975
214.62105016305645	103.17821670385682
108.6613074271444	301.92952626130847
177.07756538817637	25.987914189317593
371.4910786035166	47.73124284818467
407.4607720213952	344.17204186732044
92.79087123644302	197.07177811309612
319.30725884550577	278.8707861168298
340.7983042648818	318.7088190214829
312.5602535989559	236.6552963861559
43.9871749370939	239.31918556487514
289.5000498105708	160.79319450970215
102.71799582586614	407.0334434650764
265.0191345678518	262.30192746017116
148.1026661090177	48.73415926107341
116.08776133186747	157.50994302977114
251.84470295810522	199.15511507232645
141.93600385763335	275.98685970915585
201.60479233463963	71.75681862156775
33.29682584594939	46.628928271867665
348.49488568528886	200.862789074792
288.8906850371802	25.628740860637084
18.695133337209995	285.03691197459517
132.72721724584522	10.844061017670693
192.47185656940937	21.74350195665071
247.4239015367983	405.54401206074624
346.6164377360596	268.5821135692095
5.069260629977758	124.06671827961061
26.692420728222668	20.83550704549664
193.6055637262883	126.15498817143013
224.27453482527432	117.718654959926
183.1691655662761	401.5421963843019
208.00316367461562	169.54414032288688
113.40177882731761	251.03530333788737
62.41447565027303	244.90784048838253
286.1244881867672	255.00322405294233
83.50497457493977	352.8005208596169
404.2609289685069	158.00677011427217
374.7257025183374	192.98390953331977
276.6482182115213	92.6395842059867
134.0880150831632	63.59441800429998
65.11971149872599	353.98618188139125
152.86177544688977	319.6783091223439
18.299506379845486	300.88563320606767
106.44542389286669	139.78969996851728
130.4809497240619	234.71874699460173
327.43142765052306	69.86404287052825
49.163240487218715	55.016774944073546
207.3435766118584	400.11058571069685
39.29061460941672	369.4239453592552
205.59454815867758	282.69773699785964
394.85135749981697	358.2157481307993
374.9357558467144	359.9441684401116
115.13781336780809	115.17093420890181
290.3993927562837	389.1027670834407
282.21009391084203	115.004242351689
325.08095209205027	325.8334504378541
109.0779553869263	186.8517607149089
308.646243391915	44.991085125473326
190.248118838161	223.53051762278173
404.9883688635747	64.42666354301673
225.68997554077094	14.46636348793341
93.59233778574877	307.8055501399722
365.2007100508003	346.3684350176588
267.5056046859849	186.4998689965135
92.06428799041835	81.87739033604589
222.1482992845737	38.27388848809092
255.49142386961307	61.96088857431578
200.0503524915099	263.1925917333901
385.43386228877955	155.82026873543157
305.77785873046696	76.50380892772789
320.1931887164729	146.8577594607965
308.0215058648267	136.95380521651114
125.1642730823475	387.82773018314685
54.85371660785123	261.0290782491346
401.8593853303163	408.7679345565327
363.55637614438575	26.323645519585842
273.1824009718501	381.85826214731446
190.3712705117177	320.3792221964305
16.319084502870044	389.3292898644761
305.631775326298	107.27380632883799
330.0730304450252	260.50285787225204
206.7933260044013	337.20545997236553
137.24758962063237	210.5744402748461
265.42549119881943	170.97834927100502
300.54706744770056	354.9384498085298
317.4599126798004	410.5193010378103
413.0521643883484	43.529390062292926
202.36964262355372	208.34358368810084
10.902064961516507	208.80320865018462
385.11348513690325	259.5044360841904
415.27712357366016	206.93527749639793
137.85809941876406	311.2620874943302
209.934097668446	18.144304256645945
157.07001413876918	393.83718120352654
53.43171673667379	181.09455654925196
26.65418223988541	349.04311128835764
41.82329433200206	142.70352832052504
20.662782111728387	148.07536271694786
136.56906769868212	145.8136542660094
395.3477121423283	211.60798453725954
16.673039417503883	238.4401746106274
337.30225028446876	297.86719313532706
386.0036827657983	376.1153584832924
123.12107878676534	42.93981255840713
394.8264321996014	103.94047783311453
96.73470462474522	362.89171872874044
167.96120608912432	40.279772072104315
9.13327341013889	48.65552894888104
386.21950373624003	293.15335371164355
74.72528751291625	416.5364592871487
161.2156984773015	129.96392084241415
343.5314730298841	27.763157168193867
247.20198877752694	383.50462446085214
135.62337892868857	30.713938519777212
196.04570207747153	348.93817461589674
413.5654636308065	396.0304527369694
124.72331809641827	267.4727693008182
260.12829319524934	14.990839270298464
227.79169303288313	225.79643460622805
40.28033532426314	30.780338974541316
419.3281235995186	223.16917982484804
357.3043350507359	371.1566865555797
326.66612642463855	180.22863264863884
147.4696419427138	187.58164986406922
0.8044311466643799	99.94288444510313
161.49838385572735	333.60304039897267
417.2928600087489	359.91053719666667
112.55190501341318	376.18253537120313
51.99922061692667	163.8916752843631
305.85452440014586	163.30832517761155
191.53677727439864	89.83888398430076
165.94809704200998	407.97514969909383
295.88017825952966	310.3487298591601
305.27815058841776	398.71729778614133
363.70108756114	241.06601114989851
361.2038176070009	282.67619076722286
43.7707684296936	345.2518652797275
7.405595818796999	24.210723138651346
382.03045028296737	240.15979786032722
337.91880183450365	396.20782147002126
349.57904508085096	128.21850077520912
175.08544563627953	296.16435013056724
220.2023822934323	180.6895963845886
99.08238464144372	105.46553569064032
303.9239205588259	376.3155680330471
18.931780823587978	34.82412323392149
373.1457986246783	303.9626253668721
273.51775721474627	31.558503206288567
67.15606913271519	335.05759268197596
255.0325390288189	110.42299975995418
264.5586540013534	47.267082948558496
222.82280057205654	282.367790551873
311.3639071997499	216.31658013585118
245.1307060012891	6.846869951474308
77.48730151158254	150.5255054696777
207.22922333068001	415.8030233148596
354.1826518144972	146.55758634129288
122.74988567327618	100.75759569529211
57.87283460984351	23.432361349920708
149.4014628682102	416.16189653786523
295.2343337109705	9.085370470492274
11.459047867304806	341.8273065586715
397.6711854013347	250.1324805878423
242.4944319007736	166.26531554876507
286.4500142904132	369.79007655986396
311.40211448291836	318.00890739399455
45.94968595382856	126.18749859474094
112.62400308825104	84.84571502982132
392.0499273611948	130.93405996750508
284.8481472130284	178.44720547428307
144.57648551046043	333.0219689274281
321.35615618551975	55.31176355618145
159.52109143767606	264.69953952500384
21.401346968215705	166.75144591563392
128.50040705041064	131.28315562921864
333.2927265677505	7.283403186658765
281.5930652700558	194.9836386555377
297.3242475646284	90.71197223790507
318.1744862566792	13.823832142386212
390.4570520289416	37.156193018339195
75.93564658056903	302.85860801894336
120.88870255145761	327.56076251310054
238.5560493039544	367.49533050693196
260.3491433600434	394.01799950021814
341.9718936948195	100.28374793938893
172.28296886166402	383.88940555744864
71.74538806329457	317.9682954270999
331.4022854410095	234.94312919500382
62.92870863744203	281.9521717084375
251.6773003624582	35.17150141526735
402.42010271196045	194.5239194069792
407.34291192385615	372.83100908141137
248.68028124809348	266.3813533258058
168.09537834586607	350.11502463805147
3.046361814451055	310.6060018867319
103.54400037420139	264.8030386642562
162.27466139809724	306.34722387494736
13.390395323702032	258.08242994920363
215.8260699619798	79.1702605182751
141.32185557930995	397.43015697276917
55.106578530374755	377.0403186015194
247.21940322995448	350.40496002474765
407.0052492846931	300.27385725581587
191.73539029778675	163.68140624377398
211.18762048973906	355.9645228797611
14.392303613576395	411.9695055196969
32.58211341280634	307.9741583033891
234.91342709461784	48.96937875355798
321.54664141521846	126.50273440975892
407.3510764425401	83.25495844521961
348.8185300378884	350.1040855284393
383.35585213245287	345.15499973503205
359.1265775441179	74.75024723103625
377.157059078358	62.63734811461722
48.9262782741818	412.1861916829879
42.698974715690234	14.185053660847503
4.237800407056917	379.1668652664219
242.8027128602449	184.81362677851752
259.5299951869828	362.1344646614839
222.43405194586023	339.0965690830567
160.17399115456874	370.00579217688886
195.7664397999468	244.03394782976144
136.97561837247443	257.49631075635006
153.12910472071246	234.317196193397
155.03084117540624	159.49537356261973
223.97407036943642	382.4120773391012
296.892562473518	411.9676323465349
