215.66986338812387	60.22580229700457
409.0587594513767	398.4880425024751
366.6894663833538	219.55202468228052
348.46262103090874	335.6109762019208
411.5286970568315	342.6177109312808
156.7068004207039	201.67117736650547
270.4189080816202	42.39912865822266
107.0490734713544	391.36212629128255
177.87857431516866	323.5009872035492
381.36868879731236	73.85897863314013
318.975867830239	57.207339089965004
234.57160988887313	156.7768584295337
378.1787092137282	105.35656966864815
220.79217946643917	15.940157025946968
398.66031887811204	22.668209630095916
131.1743294645165	50.59479367259774
32.61075550224532	144.8942953577543
337.2135864241864	181.2057546147292
256.0885081290393	235.3383475414759
11.315478803878534	177.58419684247625
159.88458933460853	23.479527323529492
2.14582949700219	27.416243064031946
115.26443135603309	238.03601035229448
125.98369058196867	135.22604783178988
303.5069499583683	156.21073423189958
214.6967364628822	318.1844302799425
79.85063975708157	304.1986833047219
212.3574974210747	98.29152248246162
120.92812913079908	116.064704782149
56.391477901001515	272.10906823694603
257.1895712109147	378.7193175168628
233.28430333486867	175.57334722466484
229.28167547058044	304.0076464207885
160.49780391271307	382.6685709790539
147.06651956219685	62.491445135787714
19.974335593138953	374.3437089337706
106.30048902009639	126.670081849761
347.45558329116955	85.08531493514475
181.44946668201644	187.22219259428445
291.3828829688841	362.92038490645086
37.123170333424184	4.7290582995132375
82.12976612486756	186.43873753372068
21.099151865705746	414.0630449268726
201.87224702302385	334.3736766770497
50.378894093958344	92.62705267922593
161.2407146574083	104.51854408078702
135.29683848422104	338.05972627624624
247.62794390639198	140.65864556761358
235.2801506264869	54.89982018659171
252.98677690351275	178.46299865248844
376.1084349528294	296.7782627315745
162.65875253139177	239.61118047200782
293.81813315254925	412.58734731717493
139.25380893674597	21.43576971404183
90.48693425417505	285.25228164619557
175.87005566171294	49.113229103005736
0.7636275672597783	379.48648417280606
363.29622858706307	239.32912959853883
48.79269112425293	355.901084488548
418.8650198029651	93.25304441365438
47.8487363529108	289.3372527606261
97.24432870486457	230.4978089120779
207.6632373910449	358.96349277037325
238.6252229866286	7.227697119326527
273.0371729820171	201.2351082565386
167.57005939791708	65.61321900520672
330.50597453320154	221.9693556766377
327.0373953228697	241.036738590612
191.55896561003638	203.43004023033242
400.5370681600952	221.25430156071752
86.56818986145235	14.335812754925916
211.74186510636082	193.3823844558829
254.6746229798177	309.17629777798265
89.19640324497517	137.6295548160756
381.2114741196329	367.98725182924613
338.5481673147864	65.27371700250362
35.76940850431006	34.554314909766795
406.73453180526684	243.56920881415255
77.06875032084767	388.9878807030964
298.6907327506275	329.4905634758756
41.91189640573797	184.81308782989157
206.11092002726258	274.4007181570648
231.9622145843006	241.17827407185476
77.96225567170248	29.940210477491394
13.793751603416576	279.1945317313594
184.49389649101644	74.63950351207507
391.8410090146112	138.9147909965191
260.30856277453796	327.423794111057
293.83273598271023	12.077382213702926
391.54164265444115	259.3495075364403
254.89241413473135	76.25822718551669
273.16134371599543	181.3836224429578
311.41888196183527	415.4394567560207
388.6206184020834	184.90279164283064
370.75683735359485	196.3166434689535
389.5879253900209	161.17015534024287
293.328842512274	282.61659020921724
311.93238083315435	392.9769179622592
239.3975700805064	379.02525586772896
20.476736664858127	231.52984747406154
164.62189470049142	154.07696009500748
319.3307744770399	133.80582829499983
380.02507156981954	31.981549409053528
73.91630465346286	265.12177526643393
62.268212732026186	301.49736684230623
270.1929403448617	219.5121402245894
94.74973095417045	315.5107707957429
199.3013399362029	50.334975254988535
328.0482452217459	404.99395436613236
355.25611106270674	103.32523525174248
226.98250339817963	279.9807547229208
121.48043008174717	26.39843857995077
254.58125069606217	15.172621178949212
351.8500978085265	46.535368786862975
214.60652427210064	292.9749934700543
257.12903441457553	263.2191298164652
201.17493172631126	20.936692158531695
294.6051849699914	200.47408087899626
317.6242302065083	75.3642237158045
265.95990133747375	281.7041553060511
12.318344204484404	142.59748869019518
166.24685436476074	346.6233617792517
180.14861491805087	283.31457089395036
238.45862433735945	122.87689925698132
114.12125195976347	409.63705124198435
410.30017673353075	130.28586211527576
416.8531801628096	360.3095126437179
371.8256826958601	254.89943617097975
253.93761494166392	113.38603447014475
217.72536982744148	378.85938452779567
177.9503332618789	111.71051563552423
348.1232046425703	2.676063932062932
192.96133629117236	222.32609597442482
168.4906446553691	412.02059754385215
419.9621999945669	64.76507266158445
25.96581103976899	357.2007457171151
313.81806289268934	211.02983504662782
24.56312966378315	326.38862645621447
110.79029881088294	66.32243405929734
290.5421666146346	387.1407689303686
76.35686781565491	245.36203165762845
366.39978851656986	409.37506109031625
138.6213557928666	151.09603562923968
238.2441690673447	345.02975294122103
139.8570633013581	188.42105283048457
380.9363191114903	391.8579997877531
318.29739417655276	34.74903366456982
194.8877983900388	313.5718711549286
357.4550874303697	272.3747953405052
275.0820351227025	316.20851528232714
119.94558873519058	375.5217761158492
351.1662642318544	161.79740319779927
407.59908260357975	38.19614739020428
138.26192109479425	408.4566157757332
417.07205560683695	228.72285970920666
14.89955829326893	43.55758170301865
115.23652631360751	43.00271583248674
157.24040207573677	262.44284998586073
226.572753629372	359.1816095614138
143.4588170473837	290.512885237015
410.96048634907754	277.45824346679836
148.09408189477358	87.8856042204101
279.86991796540883	24.22447230861568
39.29138615856316	55.60912857722087
314.3541133732438	340.2802360928063
397.88773968682614	361.551450494387
114.4135406300876	84.08269961998165
335.9919494328353	318.94447054101914
29.599457237066733	94.81653446044982
228.0825938844396	107.54619023118076
231.91083559528596	32.486782276661295
88.13691673318192	108.13429449421425
140.27761330447518	267.4200493503048
66.93898256078529	81.79965865323905
81.88209271852269	221.3168389641658
204.48694331248404	391.49661399034966
153.8917152330318	399.2750733399996
376.19950732385263	278.5082334001639
294.48969777482995	177.74615369503522
413.07490157011847	295.25106838912745
78.10190568743796	47.85267680827936
148.42446792524274	167.38187575012978
179.5190102469281	304.5075648141448
97.00439239616057	46.35472020037768
268.726898587139	94.32224905877665
132.22881739573816	251.39046964117145
34.99027008789022	205.47730042234468
8.170999661054287	160.21239086087263
333.40672585861773	98.94466503822245
276.0780691773088	414.5432569145142
39.942778504035374	166.02660977766232
360.52307704562804	120.69999916847331
22.922208947593585	21.471041911207323
83.61369690313022	161.79174499501008
198.5459143925474	374.1382186609693
331.26430633457437	201.40395600939055
398.5098702652609	114.56521148200393
131.61609948255173	216.55373638988132
217.41707186295008	254.94007541544946
364.05124511108266	68.52382492166772
112.3580262720567	343.06187329525426
86.22817107482335	66.92195173911875
115.5151551716905	258.25004567093896
395.65703682987237	329.9142484043784
30.49679553396621	292.9189303232147
312.1666477581909	189.92130010577057
50.44778629540249	20.929931683293663
256.0334835032034	54.17729271498563
168.3217283963899	84.24774988167036
335.66811689381535	117.77214491612942
340.07873878229265	147.37607113260685
397.7491082970056	94.56024832385077
128.6094061550432	300.7997417617093
74.13760622503376	322.9643178434373
333.7436349179003	47.28725680511591
172.17004594683723	136.841241112612
192.75087200527508	128.69758083383806
299.096845246868	64.937182817043
59.5883340303078	57.87283336900236
332.2765205951946	259.6988830172963
348.7804353876929	217.9115703361085
379.1798212823969	123.47906660937585
349.9247369297938	194.39520339135612
410.3894953848726	148.36593246440225
319.27841184914706	170.21969594120768
285.18396485855385	77.25467054317991
64.94970909328579	167.617156027992
210.47515972296338	36.298447040083566
266.73595031018135	356.4417598014836
387.3489928777583	238.1518441673856
176.40192791822645	263.5910067982552
417.1030254369452	260.8440535749972
301.88454111325666	83.99735735383601
125.19149184781693	8.35360839600104
223.21685571955194	333.86897784755564
347.8365596136818	398.1183868884849
92.23432360709839	265.89268588268004
3.6305772812917287	408.7265642418774
69.86944140764248	147.4370504685277
102.21317634618268	3.1414357923949647
207.23117560287406	139.64571015068532
54.804204026743676	251.10163883878187
126.01538815789297	356.2337717253341
215.38416321050732	234.28547700495193
182.69349028884258	239.67863341694732
414.7490255312577	183.85079665924727
271.3408089112138	391.59154736290196
227.17357178127847	138.95628094822916
59.259004976327695	397.7813744756781
291.5848301966781	107.56423836822967
18.190044549902215	199.01527024395097
159.58689566906182	328.1061895983714
12.82317263927524	304.6407734300353
213.46482134499374	174.16271965232275
183.61862924841185	7.188897352134206
92.72191335260241	88.85525037511411
308.49238335309013	235.60800260515623
70.88618169425393	99.74726158615401
319.17797591640476	280.3170585562891
376.3801028386934	51.187947183960716
15.227472516362248	252.85067487130488
160.60798343278742	280.7495008334502
367.90880894563395	177.92537973915108
195.9688101679625	294.9516734994466
193.46420548839149	174.22622096201454
99.44200644511822	249.21444828327316
17.315226288007366	391.8154434466699
103.57570093866363	25.331710788548666
168.52378667784103	174.06799461692182
182.9978900227982	340.954271518225
253.10587449994574	160.61791462182185
285.9395731647376	299.38195183688384
361.47644231574685	23.124728373165954
183.9789859899761	150.14158723282623
51.80773160758847	110.67615459554388
279.1688770566932	339.0719218172337
6.301036175913074	212.3045261486613
207.3621703957192	116.85363778712812
172.44418662811938	217.6381930737336
345.4321090672354	236.71279396390364
68.4567708086808	13.826844828114353
10.626677636058508	342.9636645762605
60.79050651013837	38.361474767592064
185.43545579600604	358.7861348584449
126.64188519221021	172.11363503110485
277.9839271707145	260.50388260740755
371.6339345744429	7.035688521423863
62.31633968692734	188.32384208843487
238.14857339083767	403.69372359233546
36.973407681246655	393.7273459724064
220.8951712922891	414.19651523970316
37.69974590848296	122.13039605897241
417.53657476716535	113.23373562412968
38.75311770621354	311.9255313461656
352.72429734582636	254.71213097770138
51.38874593518107	146.32833094662274
262.4471674152037	129.26167718253174
140.1262380935451	371.5424529241296
207.21648744026513	76.18919882015742
336.97359987666994	276.82082317733966
251.80023587344334	35.94713082247184
353.3740302822112	301.5020520435222
0.6129798856575221	7.561674077765038
345.61138637632	377.9190335053797
379.2445312088744	350.0532750639125
306.00916202375413	262.9338006542253
151.0688176270895	5.926659780741487
301.3365312425175	124.88638904938618
109.35576064440403	145.45480002660867
59.91820213229871	128.80436344200848
361.5997617887919	142.04901865554834
389.5820550343581	7.227366188341458
178.97970279664304	381.32967118185223
311.63635509265356	14.554132847124592
52.477853207689826	323.8407145918948
113.28523402528572	215.2667544463966
238.02795046742511	264.99330832851666
304.54113011592443	376.18727093318984
31.755609813766043	274.4313827730663
221.84436487578412	396.2265571143037
300.5810426421271	38.11308985834406
248.18393196812795	362.18125483602904
403.604328503898	74.2930273939791
277.9564603648478	242.53540344156718
235.88049617484967	73.2237630291404
297.777844467421	220.40257128222905
38.461415839644765	74.25971687708453
251.34568031778718	218.2723898428282
308.6877296576885	300.87674634320024
148.6369356593832	355.6996457084831
141.91806128487053	234.28589817529695
36.60332868479284	253.93515959145512
130.42204631097005	73.74908808056547
246.2108361406749	284.498098319099
395.65511960237205	291.20663569587833
372.79919819960793	332.86070343527695
88.06527638927753	333.8384965849445
200.12234205338785	243.81157192816855
35.31910810251389	341.0814783184611
342.0772411307516	28.371208469840724
93.91045674662543	404.58158789351853
329.13023353593604	296.9725548995987
266.85656450019366	149.37558141121568
86.54566465661698	371.87968457042274
371.5449450219596	160.23285707813076
388.62154752723956	408.8708774151535
48.3129023536016	377.8611787435256
394.55180292864105	58.251253754250676
153.21594513502646	138.70870078498612
406.6728785986439	416.6348075890671
14.137990818184733	83.2320608837784
336.9426818341435	362.2601817686787
284.97247756689103	52.43420143331935
106.27708774740826	102.0110458417261
68.11898833043016	346.91103321711864
202.1540369678557	1.385099148431023
160.7963828902272	299.3169727672429
314.5518776835844	321.3355391587995
122.18096923712802	198.62223230813515
231.59516512252364	221.83541288522653
332.35218478634783	344.0689350902246
72.65537873433932	205.56218113693885
57.94850887406667	233.22248586323823
201.27662162244735	157.40966159322699
69.65162202981303	285.340035419383
277.9980034864366	164.3612668604693
249.71782938344208	195.8549697557815
21.690389109226523	63.80873044528238
76.73462357326423	122.23862681093848
246.7319978035552	94.39796379400288
315.9130710310737	94.82509532892364
144.85260826368213	119.29868038744587
40.67517259812621	225.60517817455755
145.09974262648964	317.66240618968567
73.28370132125595	411.2383229616383
108.08607757318732	299.29278263230697
126.94590258689344	280.11994053899
104.55509744181646	364.4902769433121
208.65465482882698	213.40596320361732
104.98000818093038	188.7390330921918
189.14569110681612	408.4828570049066
114.90773729408443	323.26802539362126
271.5954472196287	64.30111861281134
311.7987377383757	357.9915077441618
397.30049655830607	383.790055960777
153.03453378858003	219.09651448441497
193.94968347187455	260.84412301288694
283.6197138669725	139.6136556112745
365.98412324359185	378.50694468537284
68.81727606118719	366.53860188347545
51.87162138966809	211.52781345160943
406.7350920575614	166.57320487160695
330.11790771419163	9.47823691057928
359.8433006725181	320.24795344328265
367.2267631177825	88.4881204315507
391.2384380745049	204.75314019768484
97.46180627510151	205.3321393028496
108.94535220024531	169.5264950610748
106.5856601634848	276.4515402928595
176.8105609295153	30.826408209115748
53.88880964584731	417.9794738316283
135.16381453704417	99.9295195730995
378.24148070001786	314.94269153684803
322.8726531110695	152.37074956487132
410.3444014107629	200.99213936207508
14.78804994051557	121.13083361638533
403.8429005187951	310.75208465559774
353.58092348026605	356.0924729333865
257.26827186000304	414.8778567869844
188.1469057955583	95.47265052492654
231.81704399980433	198.56295798846415
86.06568687198349	353.76315912905756
151.8341802645432	42.22820151047624
