125.69799032035748	385.1966409893075
385.24073120207527	320.1744747543518
149.53390358754888	96.78503406718306
315.8811236749862	369.78535783462644
68.52348275660681	124.93944930479877
247.75185214951196	254.59727427708793
125.1273462965523	6.634184505441962
273.7660200954082	365.49363446531476
231.49668120253915	141.2516087454141
219.72468644661325	219.07021539998675
285.3907498825469	348.02605226534934
343.8890092641923	36.17468864210231
358.51874897154306	192.76276583894045
240.24732265005284	296.0209615874952
130.84292358111537	48.208339985060746
308.63745944019644	86.08020798508471
357.1118608118621	2.7759234027074204
349.1391703210539	293.66002492437275
172.4262921718497	298.63795967371493
0.41944202415823334	117.12678204253514
145.29696649949335	211.2298375908972
176.828090213267	134.2927671809615
70.7040140401982	240.3252082031262
93.27074343007942	31.847403626577826
173.53433446272302	370.1074085160256
16.876327339122817	391.22024854133355
89.969217265999	206.64097107192157
6.602454504938501	284.88453772158124
5.991777032427689	0.5873635406706191
254.06607957534035	167.9417315850205
1.427013657176314	136.9473494528398
327.318391968512	354.00947295617505
331.33830778181965	242.4840700336825
108.837002999727	20.04659345566919
72.04709858895423	413.45276268554414
333.20923087552893	414.9675104444226
317.57739227381	228.74613877514335
51.037223342378184	415.44576446543556
80.94946501798589	142.09830039777722
54.02779529553725	208.86087422062903
381.57892117182934	182.7572719801202
28.333026909819917	295.37573184554867
222.0696064796474	308.7769813911167
214.29877530679659	0.8344148229360375
208.07966286429863	55.432745494026605
402.02380814169845	30.18601079784949
350.5233984168098	83.59017376313764
191.29231078286927	98.25525999912362
348.69658064105613	338.2997091202461
272.51460404825514	47.45243930593983
35.31546673222714	214.90480065770916
85.4319310145581	302.96090161816124
253.0900576542062	227.71208155959678
193.55389753910828	378.28332600497015
214.02259300456555	397.7762995167072
387.9594248390675	260.420823450077
271.7378191596292	401.8762437687378
114.3077158217773	293.7402649324571
35.82268364786225	238.51879757203997
390.4952104940063	163.36462291082702
59.601674549165445	69.26842891415565
91.10791416878725	159.0531931535463
223.8018750518266	196.1300349961751
261.2727609849672	309.549606287251
25.9030738647607	416.6908180475138
38.7969269969087	319.4232738698201
309.5893374102806	278.31690106408325
34.745463304244325	34.98804453670349
1.2197135769775371	323.8537848567335
385.79695699713994	394.3314287568344
14.11131441870634	35.43795172947512
283.0718605361325	249.6732169847801
213.3603622100797	377.7888531280541
92.53472587031297	406.1039228555394
89.06671033265903	12.932245308441404
241.04105339974817	111.48098096735242
158.41113026550573	285.1468674752731
5.451832789000391	265.6184372495896
347.22524278876546	109.01402154836303
19.762809474619054	315.1627318610107
331.77106132560147	126.15285856380802
279.86125824625395	383.89759358655164
230.59011323907617	90.9652790894056
308.77752524878434	299.86927943227687
144.4951791655158	115.83875894234357
56.71692998039912	257.99967596718045
351.4204319419519	251.3663409230272
98.29916294909799	352.8871693554976
274.85233105214394	160.12580489603138
328.2102951831573	334.61026880911186
404.4245954812725	49.29812529128534
154.6699994406937	248.93259888525432
49.69311865870742	277.48490852599934
252.86624502443433	362.6382420169129
383.4808592707327	118.17614022794486
8.86388710720778	177.99236905105042
127.03929502124673	27.413463977057848
162.75852065783275	315.80135285837287
124.32673128609312	348.6347835748829
16.236199893984363	149.2966464795011
403.3436518679806	10.102299199728273
324.93992220295297	394.83450464662866
365.2574341496777	125.51372457907495
37.881473423972125	143.12078876305839
415.9559846733257	232.82308185281647
66.4277786498438	306.6240169722507
198.2969017422291	231.71029384252878
218.89913373485496	71.56992545451484
183.75983669665683	198.99148258304143
20.43575271324316	16.944985908744
194.84769045390132	253.49294770698083
272.2438632883442	224.63999334868305
63.228408508704796	368.83236399842
330.1533688421785	74.06457670591084
220.9726480873708	176.43050050707197
371.0693930048273	406.9287045358626
350.9498792024396	274.01983640359765
191.12814564575183	149.65303784273834
405.3601618619309	272.72044922250194
290.3779657960232	144.51670738404343
75.85836527354994	220.4625598496268
86.39335085586264	375.14371085558656
381.0868015736083	221.25788603576515
167.50932812129756	152.7458112593641
120.03682207454109	273.816144799658
235.5197942225179	160.9398095490979
59.91904706336296	349.44038665375166
399.8454129654787	332.79114943722453
30.55345595558045	164.17156914625795
365.0019689154346	41.993655795584644
148.98730348566042	58.84962692290107
220.83940988447972	349.55318174378493
346.1604696543938	400.71599608781963
240.15927862055125	181.31920295609194
62.99135235474015	181.10252887474672
272.7792748236471	329.5371747588766
137.18727043626697	173.8807699483121
211.5753189741487	150.08300832443496
37.459103924882825	338.77599120198005
367.6049649810184	263.10877795220483
270.3575063045046	140.85147800699465
210.35621479422534	268.1470575414847
203.4472916638024	205.81458885288617
262.21404624477475	4.844603696682885
346.0431986916241	318.5159261021361
128.06304235702208	200.28117663958875
50.271007071382904	164.78609074003813
365.60855678767126	98.41144077274252
28.229754796436385	89.43150116792386
90.05650976406493	53.120421672737194
99.69773873262176	187.11844151648828
16.654739246854014	335.9639146399864
410.8336204063809	67.9342680720401
415.6430858671872	162.13399476909007
282.2766980198231	281.414079607581
164.3513446475167	43.88288100081481
289.80992565349806	79.07149614459821
399.70917244595415	84.85682029802047
268.78166719255483	265.58891953518446
265.65957243342865	347.8962467095731
415.5353770724948	391.0287357661111
147.0924546123108	303.6463236559324
165.4161270764358	114.06137900570471
78.08738322923844	393.04194787096304
158.83110529153657	400.9271319130958
348.0248154831901	157.1393604402391
201.4372593360697	17.422207727659
143.64226878556505	346.4110146386347
401.5675505934764	179.4627591395293
279.5900194146103	204.41766771420916
182.3909685949073	219.555790434338
35.838017715148446	396.52877865161076
309.6826754238772	409.59870915468235
47.93351916445277	125.92546791838909
260.6366649347631	104.70028505172546
334.57067939245763	376.93758248217983
79.85629857854997	70.71041413065072
155.9183369175591	78.51798458886347
356.68073266677777	64.06838567444026
58.91635494090617	327.4332078220887
393.2589500694083	239.76946291417244
73.3116910295908	32.37768674684439
198.49085679893457	37.18386883270781
303.8207113497118	22.846736337124458
324.90237805958884	31.181894283384437
175.80139254195302	239.13098805522975
386.5163155527437	0.43049973723404344
402.8509997188556	147.33585164716158
130.3666369247904	248.51878359160872
92.95407585004995	124.50395292186435
37.75780715671227	108.40386976923367
81.55925234365846	107.67725183638534
79.07750574156648	357.3151321723456
289.1757512698489	36.68142210649987
234.23498516043242	387.5890900320494
233.23751697875235	407.0479178188157
157.6669715642014	169.49750543070684
368.1987688311619	241.09678515293672
359.6592748870133	215.4390850112384
337.91027140861354	198.56556029719036
194.95892887760772	418.99151457226503
179.5232011225448	351.5955915858141
206.05214307610953	320.2978379562536
362.0740406340522	22.404851013202812
93.28452041638914	284.76846120651345
264.8172917795913	243.32469389811993
105.55154953873125	0.7352876737236889
253.82787958523838	126.35753809736202
300.0466757983138	182.94746229595685
180.29801397520058	78.22989977962021
358.5337161495773	385.83268981400465
17.778061702223432	203.7266088187847
27.287793403971925	374.715877687419
260.5665960918262	32.249222581432875
329.82820438196813	281.8397691682557
19.807905830508904	123.24211629666408
14.460672599527703	71.7758752392427
277.92979063228177	182.03256454089092
37.41084611380485	259.24057601003284
48.84139914287752	48.76509444982101
406.2017010090427	409.2253971176661
128.04444795233715	310.4170286445837
332.1555598378373	94.17826878323336
113.73633192985358	331.2806244815541
58.286627162090234	397.3529345768331
242.15648080710218	5.1696787323679745
368.3101243383744	151.6395285969729
179.3567243425045	10.666705595057051
402.79972714769553	292.07417744365114
101.17212374406094	265.58244801358126
102.80112770664907	387.75822396181604
58.07311970471689	143.5628107385871
160.91359182969896	3.2616100767219147
19.35363278324629	226.99276013542203
15.2977656593999	103.96916364524533
222.7487824347743	330.0946435084363
296.74988997825017	315.3239665280952
277.32913667884924	21.47152356280422
304.4942881716345	339.87370261250953
384.6818579279094	300.331360916973
238.96437628090095	209.15206141212374
292.1334076093657	122.78424856088077
120.8951181456321	149.75517199770277
114.94503396997791	403.18001630516096
311.40943284536513	150.33250411364844
197.44191478065463	283.7501420282286
109.68990956749232	165.78421003764808
71.090814086764	160.47475304086853
118.29283413915478	227.74530617357448
147.41834495731575	191.3541962255583
331.8069561953819	146.22925239764842
364.691047715296	366.0354787834091
70.79805352643335	90.3694293158975
175.84649756136523	259.77626127813613
136.2776424592779	286.8327636561734
269.8073281437054	84.3527275578754
47.94368932053501	300.12475343302805
156.4273206327228	131.55534306216683
291.69023108748706	400.38187855443095
19.692963783392106	251.3393324472799
258.8303534510872	186.8679058731283
339.73805818119433	16.648125414029906
252.93936487155145	330.63464426588183
181.74612524394806	325.0897722248229
395.2589932463056	353.5432983945311
109.70018590114785	247.97493208663477
300.7813971983586	241.61658280757362
311.44961772646053	64.63239188015366
346.16981903289826	358.3627448189543
111.82415446160127	87.55027469953359
409.36246418756866	252.26277110233798
161.73885587579852	23.473014098981352
252.70373481547207	407.8400599107738
403.5009991616472	375.06036736596116
155.56480117549316	362.7840344411082
130.69204840161004	92.15279154858712
295.3713094365455	365.9694732564191
200.32221246581608	167.2876391837563
191.34930483823305	303.4514253595771
335.94692848217545	54.878942619808186
122.07583555532767	120.88818566155439
39.453496642066455	12.197683399862472
38.61511621551936	70.76323810080476
363.9508033674838	173.97848071945518
46.336418336282435	379.3265751605534
19.671212232831827	355.2916721221351
214.85155239469665	241.79801098579688
250.78019149004794	88.04920965900374
373.8131759374877	348.98488075648027
308.6024015457599	43.87146737066269
24.073618781794828	276.07683367204373
105.76347578075124	313.10630183317005
320.5034301739597	208.4984436462134
238.30002382167197	72.25601838938191
306.43895647720245	387.1186371041638
176.5112838651172	410.3152248150243
296.5018728260519	162.98214117813745
70.3950227747006	52.76326587348196
334.8384445760994	263.0779726101547
403.2695796582863	311.33374377220474
24.444863151714603	54.80755594813405
383.83527941982743	138.2795911932912
207.00394471897738	110.7130318077829
295.1584772693816	264.9145344552123
241.01273164740797	315.43387413680847
382.2441819593338	20.097814361198996
99.05862067561925	224.91421873356654
135.76714660226824	136.29634056048394
144.53654304894644	267.9268214850762
319.73966796610176	110.11878776740355
141.38264938991352	155.02651128072833
382.6320517343503	280.29624950961033
367.4563823179408	328.31346321858604
194.3848095689859	398.5404200878236
419.7165294886371	213.87444565184984
75.72743304849459	337.8636598054978
316.5401224721591	317.6309422332185
134.3649234554205	403.05725116595926
149.82235211866634	381.8251016429144
211.31032667170732	90.97084073154215
415.9623990076097	194.43916285665907
224.8588156013828	122.47067273665856
146.49287596211363	35.743878710101555
226.41031665969567	18.120028975826862
272.6085512572231	120.03304948625451
164.92962204602924	338.6950485877355
158.3740162369328	226.96100025069197
248.6670680617944	50.94482121078804
385.09217200181416	97.96873688113287
45.36003981789257	191.44567473170798
41.17136995829756	357.70575630592595
362.9363667100713	308.03557034754255
168.91172339562073	186.7294589998428
77.50552613459811	258.47223568615266
384.7953316722274	39.47567550412677
115.89205367472303	368.023027548848
108.76072277990312	44.04668822248944
203.1523642829869	186.4413916919719
90.79638417841032	242.40469692318348
416.8616283929289	351.4332529354365
175.63207873622062	390.987382562478
177.72298964644958	169.19981966276004
188.5374539828366	117.43916838996927
291.8332243350871	222.75674953361167
280.61788418195573	304.20786281113124
144.3048144671537	327.06703740876185
300.58523074615624	104.47586308897601
54.05529359368961	30.16175541001371
216.8539626173242	289.91023854533023
94.15766523835134	331.0392774769026
384.01599360190136	371.7777589693604
196.70328789075438	339.89318651383724
1.822772055120288	89.00449430454665
253.51155310749252	280.2399972263137
259.28004596630194	208.36095064080672
99.87772131850797	70.26445407707511
348.8404484115333	136.14301732242427
168.5171865957537	62.81382874238482
136.43485435691568	73.61217450228487
321.6314419598146	168.57091620495024
280.7695813233706	101.34818242561813
331.7589138634972	305.33363604292066
169.77195919823967	94.83469235233166
26.907705076427334	184.94432986028198
341.762203928667	175.98291196944243
109.2690937561416	207.61252600503443
260.39239232369835	383.2362737836348
300.17251387462727	203.6324800527134
102.4708061331231	142.19070878526267
293.2828578109364	56.879525719401364
372.4757091719454	75.8492904932492
166.05407959527835	207.11896433165467
217.8853321920635	37.77408233291785
177.40800337291012	279.97598452893453
319.98992408377586	11.601049844156638
234.44253848427476	239.03715619073265
263.08508077452177	65.51540273984594
139.63157856886477	231.49666302911746
290.7273135305491	5.354979345511848
239.49441351875174	33.37660234326682
102.81810120585075	107.00474482907252
82.21035595394176	178.88471616424275
228.24300680532858	257.39424745428454
135.27889122894902	365.29016033468866
250.8418538344475	147.106567284769
320.29245122800324	189.22339243073785
231.73076198645546	366.2396376319759
68.82292706737417	12.951112922759654
234.73029993600719	275.72932135379193
204.46281814936697	131.2958589365405
179.75093523695023	31.32759333519071
118.91895312835467	65.09956197084016
53.65753944665059	229.44674590071736
229.00919711069432	54.86909714638156
240.56513385006497	345.75000739237913
142.844265936608	16.397740435302396
312.43513965978434	129.25511617170054
57.07755017493	108.6451340119597
71.67902590470726	198.4967461552926
72.69875672253278	286.56980788910806
51.60242564540623	86.84807418104087
200.19355706906896	359.79390062460027
419.8835539770535	21.081016639972358
404.70059282148674	104.14789961591758
342.33911016435457	224.4437749273195
395.4669667398104	197.94512627217782
383.26172648577057	59.05964073769213
119.32199616044835	182.9673403138034
186.3240316416525	54.33247844176422
90.54861786960586	89.77872587576398
400.8736910932823	127.60696956948723
5.15996765137586	371.49011238005767
4.5743984288183634	53.362081419524706
199.44384079891333	74.88110014863894
376.47561839064684	201.3494093555978
314.3969367594536	256.6648534057953
1.2501611007227402	303.5801225439329
400.27248880819144	218.8181997714512
