119.73120012257182	379.5489918876835
388.1485361159865	317.9865809095891
145.51948501499933	91.29612760498381
320.82764689417223	363.24024660248665
61.074355315339844	135.02735542047827
253.58281129643902	245.11881606574897
121.53358802839134	11.614885174650263
294.9468587364888	354.61723733260163
227.67896294306698	142.65936116892817
215.36917491338025	212.967242748692
309.94041055566043	345.3604442961235
344.447288902044	41.128106703116124
358.5833053342969	184.70869809542486
240.62424032195133	294.8353670479245
120.11917003759986	56.27345210575581
298.32800215278485	90.72815410527325
360.68639287650547	419.97000215387857
362.2029979186884	292.2711365489511
183.40880012957726	287.2145347002902
418.194044583779	123.45943752033881
138.23987948939848	219.734100262073
179.17272400772282	139.22973705517262
69.9389356187329	240.34320145919847
81.22218976253134	35.511572578983035
173.9176397114853	370.02897726280787
18.199493991360047	388.6085590249327
87.81935237097211	204.4557205245153
1.7041184506922245	287.3389814997974
417.59238827195094	412.2603935406138
258.15881239230083	168.16601509266428
11.97113865175934	148.39897921176762
342.3564611775441	344.46341411319133
329.2551714275485	251.21613529238894
88.27567397531216	16.30418624988696
61.757531906862425	411.4807860979533
332.2142846962645	409.88758894005383
318.3109078863553	236.42738977751827
44.58993384787762	415.3565296824
84.01451200667955	144.43646099579894
56.227269428483886	213.79299911845268
383.1942781885233	189.1438785111851
20.58273193462215	292.0389419540582
223.55570705838718	302.24987697693405
221.462818680799	416.07387908922277
207.31041019311144	60.5757011606713
411.57828082641237	28.78553786052897
361.4995595445968	88.06057971017822
193.2939786840941	94.42422425065394
360.31956849787485	338.213785524095
281.05130990032194	46.84075368615989
33.224727977853966	221.89674728886519
79.41177798036713	303.2710360626153
248.1970405597678	223.86489463263155
191.20419218504063	372.3839294418746
216.58570227631188	395.7119054969913
394.43093207479774	258.39842712976963
271.52523420124095	408.3431830140092
111.4801795726912	283.757245901228
31.357030145555296	245.68160840713253
394.8337942892271	167.40425975978212
60.49244979269944	81.04926413358268
92.47760573066668	159.6071458329681
216.08905423662426	194.6228602045102
262.029837054843	309.66085670806865
15.704849992790958	411.17996679336926
37.03535023113385	304.0185502094421
327.46400417297264	269.6202175059516
35.935962854347416	32.4743240067287
0.009646811051310966	323.72254609315047
393.1722497991581	389.1365042716562
15.440108814046642	29.452941802698515
282.3877964001156	252.00033346511432
223.1971274970402	373.0995640825978
89.1945499897548	407.48787326314823
76.2375598776148	1.1396975081171823
236.97846243010062	113.02147515174784
148.48110162465355	275.6936521827659
0.9616417683837214	270.1166095561994
345.15844779279064	120.18673218853003
18.818462833940867	309.0397738106637
325.57616567441136	138.60148945857358
291.45503179946115	384.9312353069339
230.8342543491211	88.75377637917119
310.5256900091106	275.06832545686126
155.54180069565598	122.60414251682573
53.8138958211163	251.92221287181687
351.79291674110806	244.04405113149326
79.82232648928304	346.24177944140473
276.92838524889333	160.00531125945176
338.64989100367916	326.2716045865878
398.66998500936984	40.173815586856904
165.2489990812019	245.2032961562912
55.93899514232976	271.3857028888343
265.6297208857743	365.8655984570394
386.70233887637715	113.16494056313017
6.727571607408975	187.3383625052193
105.90446064670995	24.243956967067728
170.08099253430268	301.80022568263547
115.42323707715593	341.2284895545277
12.8640218081683	166.38023808439632
395.95418424828716	3.233933795090995
333.11647080178784	387.0426998853902
383.4207656149374	132.73813462337387
29.739129742743337	156.95572368375525
418.3941527533924	235.90349631667155
61.92336039825948	309.4733602996566
196.25770408339764	227.24109715359748
218.0011658968302	75.43309552729153
176.4961007536478	192.42929466950847
18.752476048092667	9.19955601154735
197.5796671091787	250.3998593792424
285.20313395824945	227.51290314800355
62.25211051055419	375.86601064014405
348.03926278119025	74.49388028308508
221.14008306840762	176.90980556264043
366.4845996066512	396.31618198269535
363.5982034076295	272.35962884784493
187.0007816298837	156.900806599811
404.73083267125145	279.92163107384164
291.89255848460465	150.36792832473242
73.68410598507234	216.09342486846336
86.56297485040739	364.2120861794633
375.65369506928283	226.26259454663966
166.12658828427385	156.87066818297137
108.77164114098572	264.3366282031039
235.77018056705916	158.09402879771227
49.49789952594867	341.96606164393756
405.1083806722461	336.81587179925083
38.56916209610899	177.4340377156335
376.99546871517276	31.194338303760524
149.1606939566608	63.54625059259282
214.5941161268354	334.04604857232033
346.7172414400007	400.7204820119318
239.4367247389737	186.06946978523678
65.5618002220581	172.9676131893894
278.5820302114136	317.55129666841486
145.4143169507809	178.8755106643456
212.22257554127395	153.66552768616643
30.59657290357776	340.87507075804547
376.6213785328415	260.6993146609354
269.1074298002977	141.90903742114153
217.85255186803897	269.40974500717067
198.34278174722348	207.6025967745392
260.01662755699306	1.7505121198138478
349.4685589371993	310.6813690928196
126.55734704971901	206.79823529882847
49.94287632260845	164.43979050534764
362.4209174007036	111.88896920521432
14.76125803865466	80.16531903288197
78.52962438506724	56.11916466645142
102.74372282935738	186.92802812784075
17.152872849870132	326.09056293612224
401.4874592229108	75.9632337887028
415.9365504939091	170.4022836558815
289.4263180017341	281.87445470447585
154.86815946735916	45.91031776760072
290.773328104136	74.52010400140357
395.93484882489906	94.02719657359556
274.49642124883155	269.1852475511002
273.3643797638838	350.53518154275685
413.47845358478486	394.0585044014938
137.89407359715867	296.8476592777164
172.18107908859508	113.76582602687091
82.39545923277639	391.7317494046755
141.7644012086544	408.69797757336806
355.51037960967045	166.89394526646322
211.90138264332117	19.091980953087145
135.187070787489	345.7861456983536
400.06785115482825	185.69761637382345
285.8262902731961	210.28179751094524
178.97884407077652	212.40142370660772
30.883775654036437	400.9341096047721
314.93232085963854	406.9334186281804
41.27549509762563	129.97100343240407
261.3298989559198	106.56980645109597
338.582856551357	364.4993524146115
76.6848380448612	73.64910232801095
158.45937268736438	79.93689373775464
360.35381366003503	50.032353349871634
43.1943056649403	324.3982347383255
386.9297564350022	240.7483961131703
71.39440982051462	20.863829588435294
197.18020986678596	41.41022318971372
314.14268233162414	25.682835287782858
328.2603958196255	35.6170913854086
180.4397482328077	235.98059347329917
378.830491113917	409.8326673200994
414.66730769513185	143.742196188984
122.8370340398455	253.9672335930447
95.07788969097068	123.7098014864384
35.34896114526969	109.63491836194353
77.61482615716011	123.02941374570494
66.91934728664252	358.8665941795283
296.01848264653273	35.200335248428615
234.09644335004424	388.3628939439538
239.1551154245674	411.7327669037502
163.54249230182862	174.62362308561381
369.7871881692244	243.1258591315703
357.1928709854074	209.22953970861514
340.77718078876876	202.67470440305894
191.1854465816436	0.5217683143062805
167.3157919203186	345.7660525576202
204.37911625148075	314.83843372277704
356.99343344361273	28.1268557363765
88.50597610096253	278.4624094183322
267.8922574563699	235.71484414084983
105.85695832180896	411.9039784128445
249.57570217739777	126.77996040470384
292.7729898824146	193.98208397690925
181.73738666710994	77.13411398902072
355.42900311422886	382.6033130541515
13.377729566821992	209.69415732691186
24.91890972903988	360.88024420270324
262.9966702793239	37.739494269242854
342.0808984496079	281.6412029782985
19.59661463632432	129.05125673351478
9.478155679226816	58.484652777963156
273.6323891203254	177.5758871481507
37.20250417403328	263.9310195039459
47.968730951336816	58.97185525377417
400.84279192237403	406.00189734141026
117.6978710433767	303.33451675600367
347.49600257079896	98.15725002310025
115.38922644800365	323.0855589789422
56.26543600142703	394.06266031563814
254.6845265872803	22.001027252235133
369.79454634053275	150.9469032630477
183.23434744767994	28.41266029122367
403.2149206295133	297.1969622925198
90.99517677807158	257.04055576295815
102.08472632249018	375.9078095286257
47.07181178518459	146.673433095997
151.07632797140914	6.3460471346492655
17.45941046432803	230.3107412154567
10.575814350166397	104.9352814307991
228.68058354231553	319.41401233423977
303.42914793077597	309.95663803943876
281.92738852419075	23.395241070513418
315.5141048021816	326.9080206751812
385.76296185622687	298.64065694818015
233.24489907078052	214.38157131915577
296.3462594785782	133.59674566561415
113.2085530305655	153.22961385577776
103.98993633570548	393.57236494590217
310.4078897622469	149.6782381502696
200.67249221287136	274.1682550411463
112.24701921078376	170.41159673111792
65.74952964297857	154.26668730590274
121.00998008780628	223.27687519572942
140.33560992282992	195.78570422555475
343.770067405445	154.29299360852352
374.3267305918458	365.0546301420519
59.89334541642093	99.6176320401889
180.2641718642284	260.437868078772
131.0234843868317	274.35559497243986
276.8420368253542	94.97604036301573
48.1108676811758	287.3976305443898
148.93154887774392	139.5137925116509
294.2972850904404	403.24408989908807
16.324851040959164	254.29361528518697
257.1792358078858	189.52122529257576
344.0849475706172	13.749288312542514
252.27259347065845	334.57927317658994
188.01945705381536	324.905680615884
393.25561583350645	353.821750454036
107.15059157904447	236.86673570038622
297.4851699231054	240.69368968242821
311.1462659938174	77.23041697089386
355.42941357614484	359.6312546504162
110.91393693020997	96.45143486242424
411.77009799926344	255.2509301531321
160.39421503732322	29.599385850943424
250.0398212689335	396.47924406558246
408.854268236736	372.76310610998115
158.68576460376244	360.64868611006125
132.5693315895305	103.7130991041004
306.450867353669	372.635340088515
202.31553559808813	168.605720431525
192.56598141241128	302.21543743071146
336.76522399134996	61.32456519242582
114.94933536778252	114.04584549892583
40.87230382677778	15.156580899836413
28.836310664240482	65.5876291189509
375.6087947053008	172.41787580424477
39.51552373045719	381.98684571708196
13.579101228684053	347.91388396384315
211.86056428980305	234.28476078143527
246.21636032814837	96.51437904681634
377.7326815537189	346.09873133926317
319.727678203942	56.93388268123082
20.09698320780749	271.80729476621735
99.63969872027762	316.28787229308415
327.04093308811514	221.2555035135498
252.0627751771297	79.43298353434542
307.94692832051254	390.9851079074234
173.65757833279127	5.483970214332398
292.2774605602085	171.22867734187884
65.17804119660205	43.298362031578
343.70516377006965	263.0145154788654
405.0265523497521	314.8587845580413
28.18094588479478	48.179263786333095
395.00674372749717	147.93968087219585
203.86442009984856	111.7626577929408
296.12858608214697	263.6532856550422
245.87688554758222	316.92573081276544
374.62049866378317	13.610730848949006
96.94136328439221	222.85262640513972
119.02589619415454	136.39469211382058
148.41787106034565	255.13993246220105
325.84205023441626	107.06065648440926
139.88131645134578	156.58110250444565
378.7773485712637	281.93019522557523
372.68664418809396	325.86263790264564
200.12666780221338	404.24676585424186
416.2618704685365	218.49311357707884
60.44687355333026	327.98117259282014
325.62465757832257	311.5727859978473
122.37903006018128	406.5473846328057
146.79357695045672	390.47391361860434
213.26902085806984	93.01922845456335
412.1284002317742	199.31940274297932
221.75830498492556	123.53462695719766
134.82542191307533	40.82051415135119
235.73647469764262	10.149648959768276
272.3542339709037	119.72862801256852
154.0503970724366	321.2644639701535
153.4938591057408	229.23407885338588
256.53571602370425	59.33628959650925
377.11538481339926	98.42645385994715
51.436875661582505	193.99981493490782
49.81455841068655	362.11034206706023
370.6565539933917	308.4197671993053
157.7148620552414	190.79997986314334
71.1923460408119	262.03049696690346
392.7304466572636	23.445429912371942
106.81879223603781	359.2992454717152
96.6513349972363	46.877567133910645
195.72991994126284	190.54836660545985
88.5349846402974	239.58651720510963
416.78456320165384	354.43019714803296
180.74801742203948	392.33377580445085
183.28432276818356	174.09594444995992
191.74952121067025	125.30791762006541
302.55929509013333	224.2210936078198
288.8175875762871	299.35675580155515
131.66252790158444	315.6539080268569
308.16626412957186	106.6889341040299
53.65134414123815	27.578962988794768
215.70036187506304	286.8491719962923
82.91222012272978	328.9424380759478
391.0410420055197	371.96142860806077
190.28410724234888	349.2974140564932
414.6982656429372	88.17798104281788
257.7542972213224	264.93247343466965
248.36825929470353	205.77915426823026
93.71232834347568	68.86456069088123
354.6178752323045	134.84926916010042
168.93322225103478	61.43285357214494
134.46428710069773	72.9458731359489
311.13717146034185	180.86864406716745
290.6579609291758	116.90481135744054
336.3307228845216	298.161118883007
170.7686874519496	95.24108881741692
30.808086977416572	199.01176389359298
338.360730343426	184.32795739985502
108.64576432627436	205.84618764152117
268.4370035154644	388.1179388234293
311.5561682488093	208.5673818037365
100.87079022374182	140.60131698341738
301.5036608670947	59.87997615872488
370.06602408876495	67.05079841962242
154.94037075424313	210.30628341116
218.36167052283346	43.96163134314122
167.66668924982494	275.06853016320173
326.6699947044855	9.010801535063498
236.83789117597144	236.62952026208555
269.2206518278718	74.02920105729412
132.8680600014749	237.2209752664556
286.8598150035606	2.2576262189326575
239.08439694424382	30.163666946288842
92.09966704591875	105.74827949802265
85.23597383683177	180.10553490825174
220.39386324470834	250.83614062076683
134.58596423832304	367.95832959100994
245.00460747993964	143.52587238394622
323.7083073699475	195.45640147101915
243.1492567327352	363.7862093479451
59.29115631905441	8.737486928203076
235.85646153748226	275.92723544187453
207.95517517968838	135.18394271403082
176.30438876318723	45.97836031590956
111.09033326156374	76.3634152168192
46.60001718744256	232.56689019821232
232.37695653129254	57.483917398198926
234.7084223014908	337.3600041778108
140.18007166696802	23.981004778177812
312.53129823730836	125.48664385402346
51.98671583725306	116.43058580153803
71.72690890622347	197.73420787838396
71.592687762972	282.6123912015884
42.218620288430245	76.25032380685462
212.6402675498824	359.3414203723664
0.8943533963886094	11.559547222933013
406.0749385489824	108.99241303233
347.0382574237202	223.77405830604079
394.12306850504336	206.01048293867606
387.41623866781026	58.58755934490303
127.72921905974125	183.18885662447818
189.5875087050816	57.500544541857565
77.94830660460674	95.2940891554217
401.4310853685326	131.6186085261705
9.537517946754365	373.45357802172634
417.1275215532045	45.210460636808605
200.3769757895387	76.94747490772126
375.2844981085219	207.38910618975189
312.19735666707913	253.52437130618182
1.5384565372872152	305.49314861407737
396.61154915464164	224.36177350791868
