203.62742990708242	59.97011150192848
404.3586890649167	393.9528942517021
380.11472070899737	219.42367265949335
348.6640345788968	349.37075390806353
403.64786136719016	340.51451811040994
166.90426611418883	187.3305513362696
269.1766584398526	42.60593551693873
94.8509973350349	391.7204928307439
166.93343763798123	328.5613746019389
382.2901011626873	67.0340802097488
310.4196326065541	49.096912435329706
239.983246934173	151.18850167741462
380.70837616786207	106.38146621854672
221.3204763325986	15.111395823243624
404.04675398482226	31.670812997239498
134.9992163475896	41.428000450536075
25.456167393268004	153.21681488754842
342.26320284148426	177.60375561076356
260.7145116762354	249.30437428529504
23.51889259978911	173.07344553005643
160.75480684560586	11.528297511090566
1.4666188109111638	21.980710851451917
116.0842572237774	240.94932385547702
125.93872577657758	127.01055441097154
304.83801176226007	148.8071230226188
209.10875974679612	314.4315377641099
77.89465176488994	301.44259685649405
202.72046371022554	106.89046622475004
122.37107235595701	107.59171717645155
35.53412538284232	268.27199630585636
273.4732964461612	371.4114015772606
240.62944952297156	175.91816925998785
234.80771665182334	311.85007422267574
160.47761142075854	371.9389008781949
151.80777626576648	55.72170849233511
13.149646635938515	366.90486627924776
103.25759712942099	122.27046050126815
339.168590731152	94.76264961504766
188.0293941700688	195.4369854591592
292.25566463905795	359.76065650119097
36.70435912271471	1.742198786021471
93.47737093580317	185.48553321050437
23.784791134057055	405.96931088478146
204.57706306356866	336.40689382882175
48.03640303842337	94.44641628652673
163.88779485752812	99.86464429599263
128.36519754607156	334.4101910240723
248.8895037499048	130.75799927879038
226.98944961673905	57.62695710346374
262.7186896089613	182.28900787953518
365.23522892283114	294.24772004506025
168.0694200334427	230.02937516948245
288.8170722146388	400.0662326810719
139.48322895369574	16.08455070263055
80.22068920914738	281.8644292462886
168.10762046300226	44.938871308520895
416.1714356094512	376.76750012261505
366.1519906854953	233.8520032175129
49.71467834104627	354.18445807436467
415.500170409675	83.22202908919829
37.81849827345022	292.0506076155459
100.07613968170078	225.2057809229261
203.01837010152826	357.1853153401909
241.01442499905573	13.87830640002422
273.257010234379	200.06795515653025
178.92274967223415	61.89798011506375
336.37322610246304	214.53382789503667
328.0121046092528	239.47816566264967
203.35956854527754	207.83610111009645
399.4180497515549	226.0267503911426
88.63916203614578	13.2993400755287
206.6396920999376	183.51107616622588
255.09283704431618	316.60274996795147
92.88035400038306	141.19999322633035
376.3869097291591	374.5111396908539
339.14789740793526	73.42593531318434
39.826310944046334	37.74849760366931
414.40068158250534	246.1077303270032
66.16704999004365	393.5095603159991
299.9931466257138	323.855868850652
42.956918533145966	187.49722586005674
209.52717571433706	280.0801167990564
240.9988732329283	244.21688644502782
80.11760318139342	33.510922266095136
0.38825190493133444	287.38081387409164
187.59114402626517	79.2488010998564
387.218036712157	152.46540163012622
266.59720885568015	332.4029770051311
294.1454071872552	4.6645666874758085
398.1583017115815	259.4846369601111
259.09956607715236	69.86960037309721
282.6016632282661	181.9269792835484
310.60286355922	413.9014583061815
392.8832916984623	187.17793428483023
376.14700840734827	198.02793472182034
381.0322569465578	171.51142413488117
282.49985508509036	281.9757453382512
308.5837702941572	392.6692191605901
234.70555681127573	366.76075863735537
16.038431031059282	240.78928219040944
152.68174829651932	159.81578616381475
311.0914121660047	124.52088749341358
381.56737051849666	31.007913209319646
65.51926847232761	267.1506123445349
54.50970319271947	303.496948540169
268.9300908513298	229.2431928228553
90.53195719584382	316.4906116098298
190.09758642887437	42.15916563702673
326.1683770795834	401.2294247399225
361.8408382134362	101.44976560468683
231.2168855316146	275.3684045733022
121.19250210635703	25.557171959263993
259.5444518885457	7.355964454608055
352.08543019016724	44.17311610150469
220.70309119553852	297.4613935775136
263.6445243201271	276.2657217772542
196.22249492120818	21.071039203087075
292.94232886836625	200.8643736475464
320.8205560353655	66.21061023502754
269.1680693181102	299.31587529189267
9.761021155020018	138.58205976562135
165.86418804138273	349.0411059570811
162.42054304868083	284.37120262531727
238.86441128590675	104.33435339781937
111.0695790455865	407.1914201519155
410.228486468609	128.57553200805256
414.5949370910566	356.52669731111286
371.14982159701486	254.07807955661946
258.388765221165	107.95696542450025
214.4960620435125	373.4903416171124
163.87629541593384	120.45699795112454
352.9687820942648	7.181482128846718
202.75109743079238	231.44683594759604
168.6050902093456	409.2331676765672
10.322283184848764	63.937236889181996
28.587378090055445	355.0094148432868
314.2570591849958	214.31927181017542
16.811142145861208	323.82455182447393
109.65898491946703	67.16591862087719
291.83281166235355	380.4648815396629
75.13761370512863	243.92028750468742
366.1053791099853	410.18769868858044
132.38235829435155	150.33592446617632
241.89555309034654	340.7995006332499
150.75875115516286	198.48071624569698
384.29911324979093	396.267487118506
322.7525304613075	31.629034623904364
185.52233637668348	317.31447392421387
359.26229240667	273.11275611833145
280.3778217980069	316.14687170605447
116.70912247427405	386.7259014681449
342.8729446387606	156.52491490731796
417.7835294443839	45.663948577540125
134.6005719540476	396.2978384154659
419.68156837070023	226.38481078755953
20.056315965994752	42.639308891359036
115.7200794991122	47.47723436769283
156.4220208800766	251.58737136967656
222.20933013443604	348.6586036419039
140.61384342645547	290.04647228994855
400.0864281913521	282.34965349032643
142.60676857513542	76.85451142899815
276.40663904174664	20.50265669128025
48.522930938281625	55.35375902143193
309.6577729572888	344.6414331616789
390.3942521141576	356.4413931724412
125.12793919343964	86.09473906186645
340.246117545499	326.2229015671092
26.82565289423461	101.32195202172774
220.29105367947594	96.13356880875334
232.21089118343278	31.637161791428344
84.2730622793101	107.64819091381042
125.7559979502298	270.4107842910772
67.28896325467551	89.62203178889331
79.74808235643424	221.46750214627886
210.05254049889646	396.47229630630216
154.81349665355785	393.96343028366874
381.95970284914284	273.027950837019
298.65637748961353	167.54214766119813
410.471370617185	304.51741358529665
72.45498996290934	52.427787468302185
141.73676295307862	176.44052588059353
177.92281964540476	297.81234080271145
95.87512766129247	50.07908139200934
283.9582753826476	101.05990235058191
136.39953317776573	253.7932255163362
37.23665199872877	208.93014421782237
7.452687434204998	160.46069454137086
348.12756182956724	117.01859223325336
274.84300310506734	414.1899218307803
42.273548365674095	168.01005682398255
370.623040270067	123.50715714072852
25.64684021478001	20.178324799325825
85.37385600654389	166.49719905645853
195.59424947078716	380.22831771263355
326.4065192370787	197.64965054322977
401.2000068032844	109.33459259209305
148.7995456133396	220.46985351815127
224.7098270572693	255.95416864384688
358.68378803944637	72.73043916581481
108.79309868576748	351.98901434553545
86.99296470437181	67.35413238247529
106.58967679154043	260.29492413386015
383.2965785054586	335.7817869771796
16.120985819391734	303.82032868858266
307.1646192549462	186.08735348720265
48.776472742607226	19.30073958566068
248.71377375814572	51.549296355307646
162.13584154422915	77.72135019812565
330.6151982747282	128.52697731680783
349.19282339294955	138.06739556112623
395.68302144906323	82.33008764539866
121.38151904650529	311.88984234140156
69.82298973252155	319.20202958219886
332.9746021900595	50.02747870024546
172.1863609062443	140.0118757498398
184.67712469969777	124.92820147156621
300.3200646175925	65.89277295214237
62.43419701900288	70.0738376483757
321.21917207165023	261.869718534588
359.20407583537013	215.1727019501601
390.7411400731325	130.32620914282506
345.83502239959176	197.3355827944262
411.2572012238937	149.0211857307087
320.04404906561615	169.6218850502709
286.10801641523193	80.09146930015804
63.43239054546608	170.21832568877284
214.1436138935814	41.82733850847823
273.3899104655994	351.21650783664944
386.2674653067374	241.46193684466706
169.96844549365363	266.1458021342389
416.67898146345635	266.02570708273726
307.77137614436384	83.87335705573815
126.17088023504849	419.8884418492238
225.03137928279443	329.2318250828532
346.0220311521841	408.99954000657533
85.67929953847296	262.54661247282024
0.5733150307339281	405.6016570158669
73.84966483082705	147.1347592590328
108.16076712295953	8.600862739541412
204.7892211729565	128.15890251595712
55.63618458983273	248.74819628204204
125.78996148989395	366.6322233897636
223.2205746063284	234.40908749201358
185.40102579528624	248.43684333329233
3.6392331401754494	184.0336145285131
271.62868618024464	390.80724473445565
228.876132071209	135.18542175790222
37.360252026782476	392.1087480007948
292.04477377096845	119.01273519940655
20.624036786965924	196.67972571433592
148.01956365635212	333.3228427121279
415.7643164006046	324.4558362304267
220.62131863499454	168.44710678029963
182.50267947128927	2.779577058755763
89.03290822782644	86.84536766715152
305.24255616432487	232.873958690834
63.15296261567596	108.75462717335303
306.2813324182736	279.4925294436373
370.6397792707592	49.914215484838394
15.869121955809376	260.75253139389883
148.2175861907486	269.56197950965196
360.7555387535443	183.6462706846724
198.59210582711964	297.4676165160917
195.9384769078789	165.0059798982354
94.6825309252782	244.06884258152226
13.206914591181727	389.32067677109563
99.76879403754383	29.757649752544015
171.66980130416874	164.50152062133506
184.99992962400853	341.7094917732472
255.65979646965738	163.04106716573855
295.1782399364637	297.45358906430255
361.2566485750606	25.212518320984987
191.8226069067841	143.89663180114664
41.41649701400197	114.68551004020372
289.22857657668607	339.97871997461453
20.683862700554354	221.12106172750023
221.3785713111356	117.28328919917985
185.6828372429283	220.50811712319373
346.11162742855356	231.56275102796332
69.08615455119104	16.792645092808552
7.8806834950080615	342.1192227662159
59.63881733867841	36.09155290863613
179.68155349469745	362.84382811302595
122.87511227000937	169.50011380009488
277.4076441664564	262.40417851061085
373.264043321806	9.666363008975011
63.93505298019783	189.71629834938867
253.28879964667144	381.60979140389793
37.00908617527975	372.5906691361959
224.95935371827696	415.68285795693805
29.890715257920853	132.67254181089865
0.05062227606410578	102.68522658712853
33.99077912494451	311.7804196399355
351.2450962883265	251.79262608933394
54.6957830053995	150.16878336527412
272.0712811818239	123.5412704144225
142.07575194882855	378.26311244727935
206.95709086702453	81.5745673006779
338.25156243525873	273.4395297100073
255.54651715720644	28.44717152459041
341.68713649287815	296.2008017613044
10.979293962599328	4.1434247928972
344.13064842715045	384.2936149232291
370.3527077610295	350.71611937157104
301.10568603315056	259.46777536913856
146.0328562521837	417.6392801353642
305.23532434487316	103.49548613594055
112.44925503265004	141.22826014601645
53.62502230434028	129.98200133346398
368.915225637828	143.25490607071808
393.4522625976258	14.249612600293956
175.81257534263796	385.0082152153432
314.2695022583291	13.270960215405909
50.400700672995534	322.4518307391359
120.9633248150758	217.91861159965404
247.77024950093247	264.95986309346455
324.47550661059296	380.90120543063944
19.527493404822753	282.28964521073726
234.81764478126962	395.7688955886317
297.27409355922254	25.50679750331644
252.9260109534139	357.9177451154449
406.8369396900858	65.78027525955115
286.99675893811167	242.45989342061316
229.3199505426596	77.33857230486979
289.8748350666642	220.5160834371002
42.61761703154059	75.13191831582536
257.9459508286337	213.20300908624256
313.62779283051157	304.51081646274145
147.15878406883022	357.1350921574229
134.4647676862746	234.04719649024022
34.658736810111385	248.11695448080727
130.04705429632068	61.67790569791048
247.2467550731929	287.36461367457
387.09416328072376	297.3817176802776
362.43186753245976	330.1848532067873
85.75716815764666	336.27832970099473
204.28954655097806	254.9993988420237
35.603098302303216	336.3843348336865
341.33874176531145	24.64488949484978
92.14878738640681	412.36783902618157
323.9307954725649	287.85600261672846
265.4797721123598	141.92784472811715
78.66413899546987	375.9852836903649
362.59468933231494	162.92825072150083
391.70938089391643	414.77129241466656
57.44908490535172	373.1606946460799
392.0637263380897	47.90988608007239
150.2276927717022	136.5085515103163
411.49326150165854	3.6565194554193665
16.186652038822526	82.48036589134546
334.394309246673	363.3616619452419
288.82241917087504	44.36419678271344
103.03056793064988	101.43330179352836
64.52585913529079	339.10038015437937
203.70478648511357	0.4748906091382245
161.3466255330487	308.99624307538363
320.7766542446653	325.87811705142286
130.00436728786406	198.1387268352899
241.33990439387964	223.41302688229547
329.0478871518381	343.6629805428648
82.36383670476842	201.7187822250879
61.37439899172014	227.96364965306685
213.10668686910557	147.85998231395138
55.72714706704609	283.97960076966405
277.06023663517783	158.90820097489177
246.54520558562072	195.35227091329259
29.70474930220126	60.431275685594585
78.71741710640138	126.29066784828024
249.71383530897572	88.25587348988402
324.61596555808546	109.30215076941798
144.6011687007912	115.58213735425728
39.834696793431526	228.98873790618146
140.8081210226887	311.6430587686336
71.36842748061618	413.0649779520432
102.56407085245675	301.0946513945179
119.73436574437446	291.58131095161923
101.87183106658806	373.60165588463894
225.10097328893164	210.5522429401564
112.94834213029736	187.08264919390265
190.83949262624887	399.34837434321935
108.90727154750566	327.2571390558751
276.8087610594168	61.224877002536715
312.7320301332356	364.25076800990263
396.7201771014186	375.4983090501117
171.8219186387453	206.57246387749277
188.9827981419285	275.20469096900666
286.54337700144333	140.3678394410885
362.9843081296017	390.4223923759012
70.26067408113211	358.42846682093193
58.426120120618386	208.5316524214064
406.9050581361017	169.31795056422956
330.50789120318797	1.0684974432587913
353.92605384525416	311.3615470808175
374.59350811042026	86.12979956113796
394.8444116410095	206.55938393835254
103.35782316437005	205.65100972176268
104.15626318892282	159.2562519452277
99.98139415595028	280.9202438585681
175.62663209730616	24.772786395457327
50.83650667214625	407.6917247875638
142.37609098818442	96.31518849122732
376.9227792409126	316.48102211986526
325.1055046583303	148.66269658221336
416.77559460618505	204.99320489295008
14.198774301041185	117.3411933262111
396.0105394296578	320.4669339919175
356.9537500134747	367.35737579979406
254.69352649900492	403.85584374274674
183.36946643834813	99.72956600303512
226.21361179725682	189.66653638864642
89.6028634427402	356.1397264064276
153.65091010113952	31.307429518897383
