288.1981753684533	336.2439615395877
187.1382996176346	382.6368382417051
61.601981596601156	406.11630507201437
271.6002881173253	322.6592709905754
267.638876552564	273.0434538634101
109.06348045085238	271.4266790346445
252.21037510727655	285.13182855965806
342.0282874137192	13.373260092485848
163.2683698849058	7.786344418167609
390.3106486886462	74.7171527606553
65.59590864313371	110.69778056929503
214.2457857377652	299.407493790506
314.0720134356588	288.8109790222905
0.15087303437099225	239.19189763062033
223.291698819795	104.57901718571108
173.14040571166896	312.95423272085145
278.86056650366123	6.407975914623147
376.42762318692485	406.39551013371937
103.3633759408046	317.00276946543795
296.24560079240075	132.91320866222313
187.94634581770737	359.6053642620226
308.02479440728735	334.07709032281724
196.69752312730222	292.91019411676814
11.878314442073183	325.92206983089824
244.5145944559811	107.5835759047711
283.1123806209526	407.72730281983644
305.08621239123516	196.04190415753436
406.4548652435707	379.551950070438
75.70013301503525	391.61531041655445
4.870115288641812	87.27966266765274
232.73334770452544	316.76011564586713
67.11097392665386	372.38690942840304
42.78570804142601	402.30099539086507
91.48094215435427	70.93606664179438
85.01090358711919	18.86345863554392
325.4526415727281	348.2113493153751
9.578338365922795	16.5337684617194
269.0373483243942	135.74001246155328
245.0801887123874	226.7374995811249
180.15401846521854	256.1886853574349
348.7070460170593	185.0282820835475
154.26914172218872	164.02951249692873
412.7070666584752	6.322472471020373
64.37047028289597	139.90278857180493
205.92425038846903	39.57189681117512
181.18488094803388	332.335629621706
279.7663062973164	244.52674487588314
252.850903572737	307.73616493211875
121.85928876666878	85.01441070234367
76.96215994772042	244.0116792001122
328.00805813669734	384.5185790101937
171.78503072252968	233.5570058472245
62.7794204000723	86.81920471524417
272.2134724822123	172.06749989254524
402.0268581617148	321.80096406150653
6.016784851827736	175.35737977682737
378.01167725435573	137.04249378681217
153.37424193349472	82.31053750103268
365.0568950814124	377.76116217350346
168.9586464054033	46.55527103262148
111.48032616681154	219.90981842301076
391.1954033922846	123.09651390410653
60.44247126263398	212.88267767295446
95.84947406141329	207.2438788843133
44.23232910726796	88.14564568938302
0.9069636766977597	148.99613018760175
29.976004530547442	192.73482134513117
79.07853776941201	224.90618469427142
263.2608073534443	103.73601906940489
137.56077089358186	97.26816687912527
144.11698592969321	201.35555121155164
240.4046451487074	247.9307954451708
185.60597349070224	55.96323266099443
350.79033500250983	326.7551309441691
230.24451928724602	148.5200779785528
86.55072806057083	171.33990489850493
106.05502933867406	336.11966746825397
94.26094261036603	284.9472114226008
188.11555010044563	83.93899425172249
248.6738958475663	328.3819682497897
387.9288618633954	177.21513924555958
10.01836687428377	416.70986976893505
32.83008931312081	321.92897087255625
230.88385247647662	394.53425218114256
210.97576708711622	157.11500007129814
398.4503983343648	19.913822106785926
122.48127834746633	350.7577797079664
27.28841918165387	96.13283724976762
366.2612449253964	313.07649710187707
34.90318285986065	255.75849365802375
344.61001408741635	165.5275107575385
135.783821121884	121.74911493515128
168.3346777727003	93.59947806951213
217.94527125445532	240.72667063002157
356.48723717115496	219.22757316826136
356.6937612496481	396.29422807786176
78.26605872222645	265.53462773608754
117.3082818683669	192.74953674853373
54.501764647466786	293.9671510681494
396.8134329868739	271.06087821947597
325.77757592974694	197.52144539765257
320.78644130764815	28.887991281257044
416.0153499802111	267.9336394056067
112.8331625059182	67.05782463492976
103.24385702300582	23.968408574006993
167.3729755662639	271.6794527995388
57.447244531134494	46.34859516620396
239.94088534743886	88.78631238151542
234.94008193420987	297.4996143727766
220.81740806763386	83.81834741095182
172.13866384933456	147.39617734253238
372.34139962947427	115.15887093174608
182.5118610992047	9.700656344104873
362.9440290221167	2.557549336748526
385.95616534518354	101.13314054286263
384.8562961630272	256.4599376250095
348.1552799751171	307.29977938628076
297.8656166407717	40.94081420424634
83.9316585860919	130.48544810128675
281.88277993226546	221.90741345128228
222.8545490986596	197.22743066087486
56.22265131995083	319.7726882528404
231.4560864018067	22.627548222496113
77.56167532086236	192.90689748008933
403.367929000118	229.9855093989228
190.54459747402953	191.32117155710463
334.54977333774224	127.72550103499968
351.96412203582594	48.76985146217515
300.2733112678341	68.24726207185496
50.12427374133812	197.20748333832267
343.34653031565074	369.96078173701653
151.25866421856423	283.55128432270203
367.6258724444914	182.76094159032587
85.71392816895423	334.83753179196975
379.45703436517596	18.188564156670168
388.60387725701156	1.2762872305700341
142.7399008830512	34.128780990406334
306.25215172695624	254.4715516257419
293.6392485353396	317.3078432066421
298.6511036930351	213.6703365047256
301.0698554424749	275.15801855613057
284.34049578673455	283.20059783792146
224.27899529171404	259.868791952421
263.9120081375306	227.59104848560185
387.78299332979714	307.26645988663984
413.99570259907733	304.16946859793285
337.3074937050424	147.80685905032036
34.20310289281647	116.43789076696308
129.80110303400934	278.3235459865731
171.99434493754455	370.591704560713
358.09652658990643	66.32174063446232
124.44871009513012	406.5506032080903
169.26832387890323	125.11766756576077
189.24331421019792	124.92794542850159
275.9403444166637	301.84484066495
418.9138907652418	127.95230421898695
40.331471637313776	274.3467821946332
87.73072930625881	376.93950826433854
172.07446492389877	186.70506025886476
103.9272408631065	401.07838198452276
284.15911174018	79.74785268035701
260.6971209163981	84.02559154805412
170.73435674585173	72.38934063854556
263.7012225040948	154.93518547077207
247.8721971041347	142.56045128962623
321.8582580726751	366.9832413168022
0.7308419722251142	286.64001817756343
262.05577164297347	415.41159419602906
279.1934819930574	57.54081550696904
168.86954917279456	205.867676255144
223.18460597617914	413.8581048782961
400.03316907969423	56.05331809201799
133.66082243716886	368.6414712669637
97.45567809959464	237.17199143872799
321.0372253394578	92.14271588643973
141.37262381799647	340.9752172590888
395.796811044376	403.0960157570074
92.02716598661085	43.5622476360884
214.33125212984248	137.80879573464668
28.831597398151548	212.0141620661684
339.17769883394914	31.87378787188313
339.1304334695566	211.25840297638803
204.1926699113687	373.5885993646206
69.17781954916045	7.245507212662131
281.9781074503673	149.15441030855547
204.50187190614582	227.66040711901294
72.37315777401301	60.09645158673572
225.68189461923674	62.96619745125711
345.6964262008874	91.54753244835243
157.99442471864208	110.20982919142746
334.44527887772506	107.79395776502116
208.3205123074368	118.94085017293271
119.63191054088428	303.021994779209
166.46166921725117	27.149877174585196
381.1479247439192	55.0793345866294
408.848000106147	339.7296464020911
96.13270038277048	188.62313673503547
324.30198365388554	268.1454708301135
329.92634740274025	299.1826802229609
309.3038690347934	235.75672451279127
40.46749703562699	226.91799578473953
290.3049917439512	165.80200256221013
96.90089802113019	3.637901964750029
260.56311463458906	247.90460011176393
129.88124328566155	51.31302820455991
111.79305840486867	154.33603406822047
239.52123186834368	208.20682545398822
145.198667620758	261.66156966806454
202.14568933564394	67.87842050876974
34.42622913722851	64.49454836972006
360.40315661415275	200.84994816347307
286.6814610299274	24.463004123131405
15.472172563817502	273.9583461678858
129.8223400906133	15.764846380692974
184.85151388561073	34.22322262514715
248.65783517166386	402.07127876590164
353.67089463998485	266.9526985374527
24.429581816086465	134.9626847634092
30.407930483080925	19.100708693893704
195.9803489058491	145.59375161086567
232.61565463664058	123.48860762878064
184.94344550718307	411.29090146014795
192.82525613732483	166.52437509995838
115.90706193765737	243.35201450228396
59.90902427298288	233.33446122288018
284.22880087580324	263.6080362278178
80.61521054739792	354.10888489751125
400.78086857044815	162.766278519478
380.22964075270175	198.3586432250743
283.22617287535843	99.8345679156189
137.2024632207655	71.77480822716883
57.74707725528021	356.07314985262616
155.33469208650786	307.8503549833909
25.691020840235456	289.51423349993934
92.29911448470588	149.49634441010113
131.18545256213025	227.2630736320534
338.33813692272565	73.98071468424212
53.35014370114936	64.51044454486956
210.0015900197184	395.05358868867125
33.12662156771742	380.1035729077052
205.6314260888596	274.8023275186899
399.64275308007706	357.08392603006
379.80795934050934	357.67483033877977
101.32540919378674	122.00856964744563
287.7492909396083	387.307796264173
280.4098881513038	120.45833455177527
332.50789945085336	320.6634081440274
112.47341526175407	172.89860666098105
313.43380684075106	52.01063575135437
184.45154429295903	216.49057939467642
411.68922881732146	72.28696287771544
215.4090875042314	12.59467465559038
90.25999422032766	303.54729802895696
368.9875442920663	342.32502504312356
258.0957003751497	209.0238722509675
82.64806793699225	88.9924378492662
225.32459201648368	40.73966245470503
247.9282123367463	69.77993851742735
202.4413651914634	256.56378096254156
381.5955548044937	155.6756204831016
319.0446770295189	70.59732478860852
322.8037349773015	161.6976369269362
305.687486095102	153.89221448058888
126.44292176630961	388.14069435855043
53.11228139110979	251.373885357839
414.3033179020048	400.3269594852037
369.7934328413471	38.79169954062271
265.1395302430917	370.4199857597439
192.77163557116842	314.88597000858886
19.644981488483708	399.9013852436539
312.3539295910767	118.0748273060323
335.94423193409654	253.34882786016038
210.9096057764738	319.8953782648867
126.87073901013108	208.9320257307005
261.11471338518476	190.43062380559485
306.57575142948025	354.9702048610692
323.45917979153194	403.9530274772386
1.894973804185352	46.53608109817215
204.55274605664036	205.319146275124
9.082689742360435	202.54870405224426
366.66405012103354	249.94899511083736
410.5190085301479	203.34958390131322
137.99198334063053	297.8076590402003
199.1720662081443	21.936874481340602
149.56212829536634	382.2917599549066
44.956362625521244	179.40083167409358
38.93791803320276	358.51807796082363
41.93961277658436	151.2210461680371
22.676061548841368	155.12355630127897
135.64503979826338	145.5287097874361
393.49836891803903	212.72851398942367
22.113530450740633	235.76168795210506
340.1404027508563	280.030339713984
387.7517192503193	377.12410171348904
110.24014517142831	47.66257672113028
409.623294728751	110.6109689706292
101.14363771783562	356.7483892935849
149.70907305000028	55.32845303588555
12.936294724753687	67.1505102267335
381.1524991424959	289.8771218057157
80.29532752656625	410.03238152101403
153.68777296884087	140.89016991907297
358.65406379698663	23.064731438577542
249.01440677206125	380.71628385633136
123.29311341599491	33.929282523844385
198.56893011746558	341.24538040132285
5.615774576256246	384.09216078526737
124.00729224862961	260.0856493001766
254.05499265379197	15.103522257110104
226.10185398965365	223.26053841080898
37.586603310652364	39.68602833231776
1.29178616971654	219.92271234674877
361.0699603839942	359.5612520961628
330.57304448684596	178.71287085331102
151.95947818645988	184.56881086347295
11.901025320448746	113.70413212907894
156.8911717221249	330.7415641070689
9.786538420416317	349.0542577417446
109.24742281715656	380.29042791893505
55.43308020767658	163.91598279451458
311.41661116697054	176.9835881867782
183.53813349672342	105.66384762280931
161.66518364115169	408.91738442354915
297.0982467705558	297.1440804137992
309.6667829773358	380.9967783390042
350.429605881256	238.3428238613038
373.0893594732842	273.05841499590434
46.59171192645604	337.51694615469023
415.03935618331155	28.358652602144968
381.9732207117849	228.40000970325698
346.16332711556055	413.1491297703066
358.69248897235616	143.5993375544824
186.93822110429494	274.7062644223403
208.11997425774416	184.69329718020467
86.90018406321963	107.57329620195502
288.4631516378171	368.7305736078767
20.579429609344913	47.56620420736955
358.6020871224779	291.99373363078934
271.1436887286692	35.156094007568036
65.99425744465333	338.0727414164603
256.52571080199516	121.94879616780004
260.42419502904494	51.58504321533914
227.4829925178131	279.567810034832
317.27568450849895	214.50638297543532
242.81422752629263	419.83515478909817
73.30665474106188	156.11740829378002
204.50762758503961	413.73176956631255
364.56107512872677	163.7951319144338
115.76970444907771	105.34456641731862
73.24471300240806	35.57209975851345
141.5924941585081	0.8328214025663896
300.4108766778191	419.27727161394677
28.133224419577797	342.00344009989533
404.2551539167996	252.7724152930573
245.98675449887006	162.81819520071295
276.89830280413616	354.10153617999157
311.1262262756944	310.01700788241897
52.01999560375556	125.59622927105612
101.52286312184853	87.64384104071651
402.4311018510882	141.63677411012245
288.1607738879317	184.5011294828042
140.05771413714646	320.49155192173356
334.40455166084985	55.79040660998517
161.47090177758224	251.2769223195096
26.334368912150687	173.69915602713488
117.0318643031709	131.86848798377557
321.1457803225379	7.229475007369997
279.6964318179454	202.4881396643191
302.9557690331057	96.27172008146181
305.028479046226	17.84353001299837
390.31023858436924	38.595528973181025
75.73541865036765	290.38343196321574
121.83895615322163	324.9479674572204
243.7429489456828	362.65504809248296
268.6900903580601	390.0477351874548
351.7361228893867	118.5634243027469
166.78332100526427	390.0385251701963
75.16035731992876	317.0050356150449
331.3765410146827	229.1149910887706
58.91997456552491	272.6159361606744
251.28378219192876	33.69290635672453
407.9235388676103	183.46662130454982
417.8904402131099	363.892428747249
250.2130187670592	263.7135397174414
170.43841817559314	349.8616590379454
13.123310100013722	303.59753767048034
95.56954482000039	256.17893588528057
169.98585361292314	293.04318125704077
13.09994352224686	254.2880561860139
203.5223295805786	97.26696674655749
142.334931196951	401.44536560803493
52.90170455661296	386.5285240603683
235.81777011026122	345.68261230138455
401.0959896156977	290.82945476527465
172.68867731826367	166.81504886478936
213.9955471422658	356.65599151525004
29.46015556620491	416.6728486541043
38.36155726025399	303.3118766485724
241.83520213894408	49.92221823447142
320.1505095211025	140.0389086460327
403.24505222403894	90.72883686345361
344.0778946247121	350.70438870170466
387.80754419118495	339.7701968926448
363.1028658891012	98.01326986598576
371.9034109495113	78.75715936532788
49.43922249265937	7.396267159891717
55.554767485757424	25.233570807268613
16.762297914163547	368.3614124176052
242.11811879637872	182.82852967893677
262.057150721372	342.1025957506351
217.3021819542645	337.63889379624595
151.72634491822203	359.4247269039415
191.25149253598983	241.03302001158787
146.03258084601913	239.9947779127467
156.2590252041986	219.79453585946246
131.67867275337642	163.75308992927236
222.92298119123896	373.1393161628838
303.3111370659383	398.80876396582283
