286.1479889920991	342.1056035908147
187.35289971202315	387.47260810322706
63.1301802578435	405.7962018239839
271.1653008144255	319.8249511346042
266.7435190460887	271.12409985319476
111.78570263431861	267.2362826708547
251.91747391183313	286.2355883368728
335.2668695119501	12.160241584085615
158.75202657981572	10.511275517791768
387.40772470431233	71.35080662368335
58.69610550696929	106.75232392183814
214.20200465306817	294.58915686393584
314.0543924495214	289.50641469546287
0.3638529353091186	238.8012754409813
225.89302589441846	103.6367465093699
174.19023365698672	313.71509278213506
279.26289958730143	7.046855071212978
379.49299002429615	398.37842107035976
101.6120477352954	313.6586682858669
298.55866954713105	132.08130696887233
187.05150744800304	364.83129323951175
304.71075153814735	334.33661313833494
194.22498435945664	298.9330483374555
2.3828470963365684	328.6689397265588
243.4088491355691	111.60809296585663
281.6339914047597	407.4046729976096
310.8742773280504	200.42525949297587
407.5051256016673	382.1703612819166
81.41238139453014	390.63441589317193
6.60268724727815	86.8666200103609
232.5597918866331	317.0657949626541
70.76207735145243	373.3114302434248
39.17911875189845	405.57436610809907
92.26667162454724	64.4429116651417
80.72358293407903	24.002290821513363
321.8470162972936	344.9929832496414
7.460460648637888	16.683898413727423
269.96156282458674	138.81739680719014
238.86646086470458	222.70074238529116
180.50620048796722	254.6860474645318
350.8676871764013	192.2277469125085
145.28897625568274	156.5047356613178
406.65566444397035	1.8273859977831732
67.74193889029488	142.39263365211224
205.2747098589002	44.57501727742197
180.76963655871495	334.9917465795618
282.9834646257968	240.41398358273784
256.53685614323996	307.2552865714626
117.62407731759663	87.54108199893055
75.5580836187904	249.78529826271995
331.96191348092134	389.24419902736884
171.122354841869	226.3049178300203
64.88286458746649	87.0327011881964
272.22995690526466	179.1081012072839
401.32516056911624	324.82183014757356
9.511615753183849	174.39576291261275
381.5167160812979	136.44961306211067
151.15432007077402	89.1188304124891
368.3947702590592	378.05810237117913
168.96239508946965	50.89385864993172
111.69625146136599	217.69676891039757
399.55024870089903	117.17238538363064
58.65784693277439	209.5451640772337
91.43404814339141	211.47555912668182
42.17902854365581	87.01081554140917
419.29733420750824	150.3013496183865
26.526369280712828	185.20152157137434
76.04653535647452	223.68456686237346
261.5944977407311	100.47052054047816
135.8936418204805	101.18972516102379
144.96796328358397	205.63430056770108
235.68865718412056	248.20396726775095
188.73966439034214	55.6691146390181
351.142834860851	328.4611257835267
232.04860087562415	152.45380287358876
84.14252659434203	178.3305149682941
104.75942278148814	339.2219554111175
98.45734323091625	281.2018288398878
186.12109793789824	87.65582211553861
250.721320002955	325.79033892898747
387.91405528749794	175.33033011515616
6.205036603851282	416.08663621815606
27.6440344869897	325.5724314258043
228.39237320936914	394.1531200753016
214.92836635981854	163.33945696116308
401.1039270959544	20.392595706754392
122.56695969242662	348.9584187720115
24.58338030841495	95.83897411295204
372.8437645619167	313.9220600305774
36.88069631841027	249.29331845477682
347.3044468040936	162.79983066572743
136.02666385461015	121.84651291271882
169.09220491498607	98.62246469566428
216.77090786935926	240.1052853320137
360.8115425838603	224.7532037029569
351.75761553198333	395.17889529212835
81.44428949682253	269.53808470471307
116.2635028648784	185.8195411350512
48.721543430071314	291.16020512297774
396.6629244711486	270.01780658744985
332.2038766580031	198.50687054700458
319.41776657414874	25.149777971668858
0.8664349045620171	267.5886564892383
113.7578010319489	67.99884543828206
103.46511382619688	28.70676263637897
168.36765210705525	270.3254093943213
52.22402781111684	51.45214535278831
241.6749016351365	90.67160150365166
235.4689436320953	297.4005888197398
220.30469558122897	84.31039024062771
176.47574685633847	149.21228947269898
367.8585812973968	120.45984164645286
181.08709747094278	8.919400510285508
365.7102953334363	4.757531601829897
380.31643481773006	105.78027114549096
387.822764502362	251.77165305137842
351.433242662529	306.8698638116205
294.11614855032565	40.704015295993145
77.99490662384251	124.80704534615737
277.55452706847916	219.8205885620462
225.10047392289528	187.49155011434905
52.87720991140487	312.9647802983404
235.30149810160543	19.057470264340587
77.86147384267892	197.553405919889
398.1132776046553	234.50976058947336
187.32615476967166	194.43875157804422
329.19479651649607	121.31419874139164
354.0175444691313	51.75380169990356
299.813681237669	66.5334901476268
50.918353979764504	191.04054312127337
347.5970265646545	375.97390675499844
151.2239620167677	282.2973458603139
368.2252668932047	181.9691881902304
88.248167224271	327.52941857282946
381.4846196465345	16.15815658128969
386.12658511913963	417.2951557062325
145.33715954086088	42.62043828111204
301.581443906827	251.73297643376887
291.6281195366644	319.0989275407733
297.97421530628117	214.7981219371103
301.98225819949334	273.50211419693295
284.17779961019255	283.4913546616481
219.56650718290695	259.7232947628143
261.6117551835097	230.90155022242442
390.68558453909685	306.33100914238236
412.9767164444945	308.9828600253292
341.2718021150061	144.383171815608
39.84775347637361	110.56609468746849
128.6055670350813	279.68242939706033
166.47544692427567	369.37583476303865
363.64934020832027	70.45594119500969
122.48334890253797	410.7812383673673
169.78137452863479	121.33893485318251
187.51364713860377	131.16659958127775
274.43255341448895	300.2594556529646
2.7836118136163086	127.11705022230808
40.42578419373189	268.70232272219323
92.03578618456812	374.16958070358345
170.46798186174632	183.9575767534816
103.30543317550627	403.5636933983165
281.651183522125	79.33819820750203
261.57899074159553	79.93485438363948
173.17172617263614	70.44811139173558
269.37536908907646	158.40853738871536
246.88027265038156	140.08862170743592
327.1171977342618	365.11646344934746
5.194540942058981	287.5407258001554
263.2887126511888	414.28104262508344
282.03955673942784	59.07522012069115
165.10297146914021	203.71183099721543
220.73355373701108	412.00508132632046
401.40658890169954	57.13026780363798
129.47250648136574	371.0422193586375
96.63114129789483	230.81805624051606
327.6229286677348	90.52549402986217
138.75520459196355	336.9105885619744
400.41020463417163	402.5929720891669
90.35329192516392	43.9743267183907
210.32583894823	139.62334186405297
31.69574473720197	203.9574807028804
339.8020456077956	31.327246307858225
342.62003560803697	218.43296277622977
204.98236659646648	373.176411987106
68.38733874013175	7.659823307481798
286.8149267086741	148.7876740148057
205.56643298654586	223.1995819264281
73.06777899823834	67.613517354935
221.23612890421916	56.85985724883462
349.89313006308396	86.74218335812628
152.93970243351322	110.87043130656272
341.2368759008949	105.68268657555828
203.7604304358143	119.71328485231115
114.50861635849087	298.92110316307486
160.46020658405027	30.27168280823905
376.024887027932	55.50199004293379
410.3506460146868	343.6550045351932
97.84999741088983	192.77064730725786
318.604048003864	263.3510326687252
330.6739337401752	300.3094342055653
306.83029640015116	232.09639610185127
40.74994322348715	224.84559945255796
291.6584446455988	167.64741273043308
97.8894015668581	9.203391117893565
256.68492463694764	249.82679540610042
129.23501972487097	56.02920343793337
116.69480465211667	152.60338762848318
238.19793107655414	201.7181313378139
149.79620534326656	260.95842154276335
202.3222586298033	71.35863318716731
32.91762860851429	67.60076882437193
366.16849944138806	205.38758618763808
281.0579598857027	26.494981848013786
20.820506345181585	270.2218799625285
125.66037443989539	11.435456851990294
180.48651208092866	32.08579386348485
247.36493606737764	401.8385371311149
355.57612962292956	265.27619458125577
32.82329687161124	128.47104649618618
23.062862459896525	30.280623261708087
195.5926680850185	152.89329043210748
230.30918122084722	126.82297541886813
180.4335851830741	408.2411194426038
182.44155327771335	167.6975309911739
116.25750056733769	239.61219135265
58.89827455244246	236.1088478219692
284.7593083823563	263.56499502724597
82.1596690581798	354.78989898465306
411.3320832989705	167.85753340198707
384.32485843066905	195.05008622391807
283.3348611418985	98.96678395770181
135.48722077031334	76.22807514938899
62.597614788577296	355.1756958532526
157.24870466532752	304.23528130879737
24.822700652199167	289.138890059679
94.94302934430159	150.2030963764788
131.6907955692633	224.98024005601997
343.7106471061102	68.2194037088785
54.15524142998268	71.01991583648523
206.4780355174798	395.5187694384598
30.51805631572223	384.1527950282437
206.43633125450117	276.053906184952
398.8276186096075	359.85500950095036
378.8629796935511	356.8438380747324
98.87845905302167	123.12677385027986
283.4221473484857	388.2395172503833
280.59896840417866	118.41465330574901
332.1570029989767	321.7848821700348
104.82638957227987	168.8997619986467
311.5894965089197	50.15206237354314
186.53186102453478	213.85525337185072
410.44348730815625	74.95764506599379
217.25745866467219	12.106310171523491
85.62318323735262	302.63522147992046
368.7677357934705	338.272220282562
255.58063933495046	212.24792924851164
84.17067252391583	85.81251966040234
223.15401490774906	35.95046212604491
235.62270126636557	72.30783495839599
200.56656261269364	252.879143068034
393.3227670272085	156.17951654120657
323.73464944873143	71.32004696887338
323.8867035760099	161.3994734548799
305.8676726917226	153.22919789595787
127.15825297842764	391.9754782360731
55.7028761694637	255.40039182131017
0.12678089472683535	397.01754757701787
373.25378803398905	36.153986418717544
260.4883454820168	369.5705114106697
193.21119419825277	320.14258913360084
19.270879035320704	400.8740883706016
311.33930666763155	112.8740298392694
335.9208806796445	254.6880214274741
212.38250158402943	314.9503319219312
125.70708586119257	204.154650874247
255.6343113280829	192.50629429212555
304.21757421851515	355.24414425259323
328.9003409237744	409.89108387608866
0.5332992065836123	52.583160590383315
205.37463501664783	201.3428714822263
5.453487013646787	195.703644879215
366.56367629989154	249.4603229441529
410.052566943849	208.44132427735545
135.29405594082112	298.2981351788281
198.99307229037112	22.459327012684373
149.490192805036	380.2707462071302
43.584271955886265	173.27618604485156
47.62204841277718	368.86746086787014
45.20825036635745	144.58684839626258
17.809050047990375	144.42453336440332
133.20275935746722	141.5100320595993
388.69901312504527	215.58786511640574
20.139689051940458	231.96551654749524
345.1340722001064	282.5849602304162
388.3078749432611	377.94404541806716
110.58422228392526	47.10684476431923
418.3533237137549	105.24520070858198
104.48052471179943	358.78600381009596
150.88909260755094	64.20894316017717
13.02865588167993	68.4783622423864
384.23313812559104	286.53996066749863
85.74131402613286	412.53960470171506
159.93365424959595	138.68502378356177
358.3995724447467	23.76340559413738
245.00600257245387	381.034268090813
125.19573104714914	31.17862126641146
198.96317451999323	343.88758193765005
11.13276721814368	381.13941785216235
129.2137516492407	258.5783379791676
254.30418251900448	11.910235411421086
221.4760697165883	212.08162831434493
42.23634456547629	35.02579898443048
7.663802121809009	217.30926146021375
359.58279354279586	356.98790301522484
334.9147268260693	179.11414258757642
149.47896550682634	185.28176427992125
18.627345056438443	114.13118523461102
158.95905516087788	326.36065235468294
13.593939896986758	346.8351265574727
111.81278142060431	378.64794611716246
57.47865715880203	159.75453021767785
310.7427281067187	179.48667444327094
186.6902634341128	109.08222729072591
159.98131512291536	411.25149615148274
297.2501729074171	299.90956042194904
314.55453156456286	380.85756818585696
348.9023940259596	240.31847694548452
376.73171246749774	267.5798366844618
50.586994929749665	335.9298410633315
415.78128593013287	33.80751766159062
378.4881100622858	232.93460654116492
348.0733310951783	415.61567777509606
360.59473449899195	142.45372413104622
187.0579944618591	276.73508372518177
203.4653122742307	181.1885783462851
77.82510354033846	104.18792023662787
293.5172148707278	371.5421412563742
20.469193318001082	49.32585239147268
364.64483282240366	283.37133473958465
270.1504361666066	43.39361490360429
71.06921526205315	336.54286322575365
259.2376902083983	122.78776898847984
257.8733827351549	59.68773632958635
225.58513493548386	278.56054994038334
322.82736959651874	215.53778070341974
238.85935640876482	419.6095059146049
77.71727256118304	159.41773322836352
200.0613217244081	0.2709124708015389
371.4748921661223	161.01761825605462
117.59112024552677	108.82763214418053
69.64611233082938	42.598665710364045
141.77723697814034	0.6173565100196347
297.8023680801289	419.6626615528995
34.888771007081175	347.6752179922389
407.1355382757989	253.7890423331659
250.12168109325813	159.04259552197087
277.0644250333245	359.5836680965699
313.3758490567596	312.3595597918971
53.49650666971149	125.94291581758335
98.66681041175211	99.10880158520018
401.39541755253197	137.37581551721712
290.32170209637997	186.93830527036374
141.69253933882004	317.81704532650747
333.0727720846907	49.719368524143974
162.09842872561035	244.25450441631122
26.71773083837001	162.8155955949909
117.55493768578864	128.80758644887462
317.1123666614542	5.373945347782965
273.6159163370448	200.51924079914457
302.46425518185924	90.91690010608286
299.48880207458114	18.98084059929496
392.393499307971	39.806807944066044
71.47858560906765	289.2695517460116
119.2248622734418	324.3241251838006
243.46464695283763	359.6668674856289
263.69111942515383	389.79379901221574
348.9310893271469	125.16240568371425
166.9451751064191	389.1488802418896
72.04220873707354	316.49766680190623
327.7694362487754	237.14380258484545
58.94041188405333	274.70726242357017
250.58745759747794	32.25233190879783
403.074261404403	189.69836648181072
418.95749539800386	363.14570628844484
245.0327102048574	266.05052920021984
169.07787095089762	350.30512471651303
12.887256420673221	310.4308929881884
100.46741939566313	251.3282507504806
172.79535604510892	291.5324507028572
17.513719531635118	251.21201125684243
202.8939901104519	97.04945012850396
145.11076869420205	399.08156802580226
49.51448997571103	388.9129678348629
237.96408757400243	341.06741621608097
404.8906883807085	290.3720849832762
162.60232605929048	165.61878697024812
215.34755845608066	354.46638183630506
25.842505407988252	2.765346688207455
33.3653428886579	307.1237478001828
240.70138922140313	48.84385422192907
322.0017442735414	139.56671137050623
397.2460719822664	93.6022286061574
341.8303829900132	347.3956769192349
391.15159655650143	341.89531296261276
361.1406047477877	102.41716748985873
374.4022410173878	87.03160098358842
47.01212401777252	3.6025969663769666
59.99240572989819	25.11716841950006
26.23506755398256	365.082540824507
241.77974672389996	177.7344412134932
261.5402440342448	344.43501772591037
218.9174594699246	333.92144103149485
145.92798073505244	360.7090525804271
188.7264629950514	235.47071786348286
142.92452014114494	241.7929132062397
151.22549082963027	224.33826936166483
131.91004564845446	173.4208624823104
227.57483141261918	372.56231004733837
306.1007373154837	401.0099542603691
