123.28835745368961	379.47184435313545
386.80088460276727	321.61604184108415
144.5003963784225	91.23855735231759
319.772817512225	360.5246123902013
63.599995717470584	133.8445353678472
252.11773771029016	246.78353342823334
122.89225830339011	10.090420140717026
292.69359804907583	356.52347729373014
224.66013660249578	142.63732575982044
213.45220240242	214.8813093346549
308.29439925471087	345.6397665551653
344.41539728804344	40.5343393109371
354.6596219104119	186.43633563115682
240.3372286138291	293.8421876424469
121.3378539348497	55.615735355378256
300.5784472656767	89.52356840805207
360.15249845702914	1.2582197862689473
361.0569226857546	293.59377598010195
179.74115479554817	289.94511237373257
0.606151500825495	120.76145800861947
140.07031811965226	216.34628164790118
177.04670464133912	135.43697511163512
70.11274224067556	241.27675426590588
83.62108413595521	36.55610022390345
173.7053112059025	370.2611139376477
14.10221640172683	389.7689820853863
88.87793486524369	203.21660285795699
2.9123836965171863	289.503589107033
417.63323836851333	411.78861699996713
257.926854089451	169.0912216223175
15.27274522630537	147.8783285145566
339.31927140819005	349.9032954422566
331.06317184277174	247.70458241976817
93.13093350885642	16.1190428644958
65.18439449816495	410.60308993360684
333.9326180594249	410.1844210934983
316.1455004926879	237.4982673777429
44.196985549854034	418.3271644514966
82.35450600330923	141.0026157866216
55.55589934286121	212.45284386156092
381.05019736049746	190.0762892777498
23.405407343598696	292.98944075339
223.5702677305763	303.6627750876154
220.89362181373625	419.73940074505833
206.47377416888384	59.12585617543195
409.13050021206004	28.76135296878735
360.539439880074	87.21355730186409
192.76970280673282	94.02952479401354
357.21999796995163	341.1024683455264
280.8567935549348	45.34419260411915
31.754732582100647	219.3203777507646
82.5096880716188	306.7392344714196
251.40241854971677	222.98462138528274
196.7572552413236	374.3559476564902
215.44543335662345	394.7326634695848
392.79580497976923	260.41540840968725
275.13656062866426	406.33658557332296
112.68018360372724	286.26791630864693
35.297594360921124	244.71638325538936
394.60756808733004	164.60355615803587
59.87878104937319	78.62640216002445
93.3560348703324	160.66201674093045
220.45227564627413	193.05317509287875
261.52922558673686	308.39712919175037
15.407650241344419	414.23884106021114
34.66903708120377	307.67499710713804
325.8561090371542	269.9509406294575
33.62287191711763	33.09083591054733
0.31236047907839154	324.8482138162858
389.7161122598924	392.50772627142084
16.019595571712017	29.317544147965375
279.81000616421545	250.6639991167573
223.78193650486267	372.6787038337263
89.27087357187881	407.33106083475417
80.48867590186768	2.6685581767647615
237.00118407751228	113.45886866966944
150.72101624686553	276.1356590632447
1.905807809988151	268.55476249256606
343.22776863123613	119.6705735212667
16.526575155877588	309.23008828036194
327.6782137708715	137.60623587002172
286.96805521618086	385.18091243112485
232.52795234430917	88.66152330574569
310.23938126926635	280.54760755531424
152.5265856372498	121.5041091739333
56.85919619083098	253.24608327589874
349.7722335535552	245.026758505539
79.11841827833004	345.9718180162614
279.0088221251859	160.09409786777846
333.5125671226218	327.72251167798754
396.09227183978106	44.36729459237824
165.88364353351204	247.7364360291141
54.9278054794493	270.73957075216725
263.9056871994425	367.08898097316757
386.6591426380232	113.35330565653956
7.627209183293397	183.7436271163331
110.60207215810502	26.898703077616297
165.71991398856008	303.2957617032176
116.7282456543587	342.95382050653285
12.336288197494168	165.86047262796419
394.3923687207271	6.585655710726115
331.75796136650075	387.7288735566148
376.80806710670055	128.82992164038075
30.706158548832423	158.7943399024705
1.1287897727057639	238.2632307301109
64.74393906159209	311.70554503854476
195.42983830605652	228.86622383736355
218.82124615345762	74.46978974418215
178.40141581384	191.23492188797968
20.283689437247663	12.013162121362212
199.42044115890837	248.38280013705037
285.18872320306343	228.9589758564714
61.848754207249364	377.26460627975473
346.8755351918331	74.84498977097729
223.32315181607413	174.3072277445593
366.1879782467109	397.2716661636257
357.5996432590054	273.31829892412577
188.7011493664014	154.30084198272053
404.2061962074597	277.45801470820436
294.88234590269997	152.45226048809877
74.28905867060163	217.9984143449964
85.96871718362065	366.1399896834331
377.25382979173645	226.4393259166035
166.79205402047663	153.50801915726487
109.2710638547784	265.34487416354995
231.8335519250215	158.71558212350638
52.15073732032419	344.3445418209169
404.1514857346656	334.87615222687344
37.62663519852129	177.89360363113022
371.4558850854853	34.305271152331244
148.13020282720444	63.04423328326496
217.11978619457912	340.05820907377006
348.7586431261876	399.9500639860736
241.5628279452406	188.44457602874033
68.03833280967851	177.6107686062898
279.2476004889449	320.1609900806616
144.9528131894225	179.2107639678507
213.82573887533354	157.0345277375739
33.67771789644358	344.7759244627868
373.41240854181456	262.4857839103338
270.4286999334352	142.1911557688372
219.55162568990286	268.62747288816297
197.17560726435016	207.16159487745
260.9099935222673	0.8926737338534895
347.9040484051788	310.5228277144214
125.7975217983496	204.34487577621024
53.692570045294964	165.44898071026677
361.20719299761896	111.7196072760296
17.128817836551676	83.97367987853552
82.05359377483236	54.05965502363187
102.51738418935739	187.5192321796322
17.51940418029362	332.0184679508887
402.47089508344123	72.06795932763875
412.6868747081018	168.1705497019161
289.5396583963214	279.7283190335912
155.3852662992254	43.191149375809445
290.178071385299	75.08985713132054
394.8568015412439	90.21747759228604
273.2578535727006	269.1197827913803
272.2760719404855	351.2138897792799
414.12851655235903	393.81983774677946
139.29356011977936	297.7819616828553
170.5964631366615	114.32618579054747
77.47751351348461	388.8498018740253
142.714233297826	407.4294174363198
350.531726952778	167.84939497910972
211.15570623323768	16.12222715123706
137.7107405611302	345.3451951545051
401.16483161099507	186.72144634291814
282.6910826741634	206.6292452003069
179.71555165356813	215.26459075363857
34.33305437405752	400.0522575776106
313.7736923405922	409.5043893903019
41.196180392531744	128.123923842354
263.3918749325542	106.50156527929283
338.4610496208332	370.4478871815155
77.26281510611886	71.887512266914
156.91628668999547	78.36441331998945
366.9893516629294	52.40313650732133
45.382621983439556	324.64873299384635
387.78603318904635	242.79110401306505
70.89979288956977	23.66118819333631
198.92562823121418	36.49523790487743
312.5509866284957	24.11231034899491
328.05891472946973	34.04708251045001
178.28922918663082	235.00911172294636
380.47385936812424	409.851576889991
413.69306792788103	143.12495445602275
124.6876571999122	253.85331921563346
96.39507471013042	124.66711755380015
33.72676184120902	109.43284543568791
77.17543449442493	122.65240994235717
66.545347051437	359.50523012185624
297.15751712259123	33.06617591676036
234.3949904498473	386.7317238733556
238.0389052361149	411.8368045888222
162.00675758041262	173.18857519526577
368.43786496073477	242.66003609345742
356.810514131798	204.18413334113657
339.2052501426103	201.7101930569036
189.42420517140127	0.14530745332326458
167.43632564258496	347.0987278139169
208.27587086004303	312.54620156292566
355.2125739347074	25.221298358516314
91.14861252999451	279.7791875693937
267.3424887962	236.35071671283254
107.03214350606457	414.68245363690926
248.32840004889232	126.89427065043967
296.63528627384807	192.36838426729696
182.00471197129363	79.2605275016223
353.1585252530744	381.52692565349696
12.455389374048266	207.29013306227452
26.27136439612052	366.3190016685254
262.2104865925404	33.784157198595615
341.13349137833353	279.9761502774405
22.809025126279078	126.64439442525907
9.244089202256424	61.34744574897815
273.9624967158869	177.4297198382321
34.97458171674485	264.00889886678283
46.24110654847521	57.893431267576105
399.63667058812365	409.19934624119946
121.41139247277926	306.9497142484188
346.68887359667184	98.75485011105465
114.22865754813301	324.5367338452946
57.43591708149647	394.7423712748675
255.06909792181824	17.703764432549217
367.8581978475118	149.27510829712918
182.09974177056802	26.416937911959458
404.2198813945832	295.0342347811653
93.73730983464658	256.30440901295754
102.40745508995714	376.953506927201
46.26023508401669	146.07117630701325
153.58732758810422	8.307276425154084
16.963274312760493	229.83031988607607
12.140277158134797	102.12063487927443
226.41963837596842	321.09700142500685
304.9517979850623	309.9715827716648
283.42877051110884	21.895452141306897
313.28270142242695	328.6376011294398
386.81808523293114	298.01113269439986
234.33750510484947	212.3043067252902
295.6763359452077	133.8338116410528
115.23807046097583	153.24227334134923
104.27965428159797	395.6500022848757
312.773035645987	151.84471355183754
198.19128064904854	269.3081967468031
112.60253076406374	170.6525825607782
66.0567090957371	152.60777841287558
119.42397733845063	224.03964258946627
142.49324630912028	197.6676635955022
341.43402137889143	152.4203539822465
373.0217982687937	363.2614072545929
60.87846871372746	98.19367363390741
179.8037500938461	259.2525816566709
132.07282918995475	278.2490805810129
278.96164567168694	94.0973801389782
49.589329652291404	288.13308072332234
148.04671515275504	138.6121594178326
294.8455991274498	406.8705634993503
12.610654963232024	251.91082300104281
259.4410934736374	187.69128538679144
342.10785862077	10.850743022802222
252.8248119393338	333.86774264486144
189.35338460382079	323.5889575902181
393.79947307938636	350.5463132781212
107.28193289317541	239.1085457849154
297.4766671024586	242.60669544491697
310.8279279115403	75.04235826003567
354.94565811598767	361.98812924197784
109.42483275894793	91.00408690034371
410.471759666651	254.62040225641437
161.60409680113884	26.189027003880962
249.71165736167077	396.37577346362565
409.47569801732374	376.7968403243942
156.22863076980022	361.6938609982277
129.01176808090412	104.3536203072292
303.72151920953917	370.222960282904
200.49316885190936	168.97216868230268
193.8908566716745	302.2448026499801
338.4084243384378	58.90028190412581
116.02035144168312	116.55664487081319
39.89405686701003	15.569474528380503
26.329181308257304	68.74849315556179
372.5083936585824	169.3422729173261
41.19192957100172	381.17621277918374
13.857178219890649	352.22103493796163
212.99606214105088	234.07438969968337
248.69482895722336	96.33592619663212
377.116446304962	343.6717578513867
320.7582326158849	58.33733999300854
19.915007489081034	273.6156116585187
101.60491471017066	311.3753143132204
325.12619108319717	217.80774548430566
248.74350834625187	76.39276687780878
308.96380262010956	391.2310625205369
171.78117511915215	3.2379567784975043
293.91114754906835	174.88013240839857
66.25404933307877	44.82187543815219
342.5737152408448	261.58670773993623
402.8567195256579	314.21784531479165
26.83188465787231	50.81518190423665
392.75237371313455	145.4998293764921
203.92673495764134	109.98773578438798
294.5858834646581	260.47995658445666
245.62686062784542	317.0805998376754
373.35296027192487	15.498723651457064
97.93998703237916	221.63539755798092
122.68871963548075	134.57605817917434
146.9797584844113	254.4384709303011
329.507116512633	107.10558843089267
139.72787077156505	154.7173395926145
381.5320926247397	278.88130295144805
369.8118946954571	327.5914396520477
201.0241761236693	405.2519880360888
415.3944486850133	218.63730548955698
65.57820883097529	331.38012171927426
323.0218929961475	311.07710514226244
124.56242262283526	405.07241957470717
148.1682854000441	390.3788125935156
211.23503271012964	93.74414272083385
415.9104009330024	197.38223513513026
223.13438420377716	124.88319402315224
137.33504384426504	40.11262545104857
232.35022315050597	15.064957504019787
271.5948746390663	122.03514834961419
154.8623279715047	324.91396418288923
153.90670157986847	227.41045015537256
253.8331538530299	58.99921383786855
377.719776173386	97.71344676347299
51.88842962334185	188.21994496132518
44.91413122442582	363.6351371931057
370.3528095460275	309.77060766073197
160.35658692312106	190.97152696421398
76.17957280240071	258.4367358759474
391.5770421334435	24.23223832165009
110.47837967392508	360.740942943794
99.21407433341687	48.06627553055208
201.4710943084159	189.35826453138117
89.71653586402711	237.75349242640442
413.92842583153134	351.57745772570917
175.86043717424033	389.0237398878373
181.8247867433304	172.66687580433688
192.05048748730007	124.37602347093403
301.69051333257426	222.77324540826766
288.28043989706106	298.4923833729777
137.03594580542952	316.0051334376771
308.3462597276449	106.1282450064444
53.3448992552368	26.989044694668323
215.9368272127432	287.2311156580882
86.26257487383717	325.0415215762351
391.9868828771872	368.62336702578597
189.10104177880967	351.40506296645583
415.84372980600756	92.47950068495116
255.65352787273014	269.9560223031236
252.44465706344533	205.41212720907689
94.47281215818774	67.10077967962481
353.6691360256745	134.2154138141465
170.0058991153818	62.413342260376595
133.7793863214288	75.0210047344027
311.54650040460723	176.33542174854904
292.464963068913	115.51879840874878
335.78498131168186	297.29760819669747
170.39994150418318	94.80293055512183
29.158882310153263	199.94155722878796
337.24403782007505	183.7695711788025
108.38162797522592	206.62787439691957
267.0236082068237	389.00736575536115
310.21023531459105	206.7523029106724
100.3140848387772	142.32076028086198
297.23882031567763	58.22978444066531
373.814643121727	72.02115709088542
156.72202890080845	209.2701546836049
216.10795289235156	43.978130232081625
169.13337438182066	274.5697623198967
325.19354552218033	5.46174936130018
235.49380067416848	235.27566299222275
269.65225249843536	71.21688997337327
136.56304629033096	237.8603200970431
288.09745866584194	4.324372794233354
236.72919787756436	32.73948455195245
95.48648369701351	104.29085815068926
85.84051784133372	178.42569057001305
224.92248381582368	250.91628328861427
138.8995764809481	369.0095206057714
243.45032077713088	145.23468643184378
321.80727889283196	192.49756284700447
242.507926324	365.9604046264321
59.20439043050156	10.314898509078898
236.75245790527126	275.59596190526634
204.0709690663291	139.36168084285742
177.05016306466933	43.99401109975028
112.5504847515045	73.61027413159422
47.87861998024604	228.3863907372099
231.59674138832773	57.51653720535697
234.82513104248076	340.5820990361595
141.15412908630867	22.525209357634964
314.0717991630829	124.3892841801615
52.477219223917544	114.32625589755816
70.54680549506682	197.74011071041477
74.15220299113342	284.7861731709947
41.87190618339633	77.17393773912515
210.5919470974315	359.2536997615806
419.7190411979368	11.944513327579088
404.7334388633119	106.34023031436966
343.762058198038	223.494743204819
395.57540923492536	206.10149960940248
386.7054713674286	59.95472051956449
126.83205481327805	183.2955143269725
187.51477092023424	60.00952147800462
79.43103883959441	95.64670012767726
400.3778021398567	128.68896633666756
8.628411513525831	373.0308861686978
415.38565527793844	45.74281496722629
201.75745167774656	78.65965274355041
374.8756424354643	207.1199739331812
311.97988920672896	256.0007584048281
418.8673058530545	306.6725254567037
397.3964894846916	223.66079908728494
