217.03278870566464	58.36775836920524
403.82668654909463	396.6762364664238
370.9276222670922	215.63508434477873
345.65271945022687	346.4921190493008
407.784552109633	339.4432881477066
165.89971693917224	184.67303524277256
267.4707529360862	40.414561755360126
99.26826759342097	392.3717498673093
169.27444092708805	321.0253120830162
386.0913075209221	75.20996291286907
309.60214315210834	43.591156832508084
227.6387586877271	158.82977737871482
377.57087166441147	98.89930498550414
214.15053978838603	19.244544235053368
402.83740063653886	23.240676561579757
130.74675758669332	55.26866371754281
26.43770178757331	153.46824047422555
331.8068425591599	174.87595644822642
258.69285280546944	249.21815953344438
20.17453266361151	177.7388755966768
161.96486215887677	15.72349606275058
4.199260708401148	27.55063802201482
118.93208225733551	237.43955048098752
127.3774151027191	130.8519765234636
303.59759035303307	151.9045380101479
216.32944232776995	318.54098761813515
77.92643186824832	304.6201513935629
200.7390216511123	106.90482211056298
118.31893326166836	111.85280784236096
48.68179676925053	270.5500112039117
268.91272908007664	378.40306274524755
235.7181195869778	177.73623808223553
232.3706863593563	307.8452906398255
165.08673061474718	372.32801157621435
153.04029856592413	58.34498684632686
20.92844060984875	370.53522438465757
101.56696794458297	122.26104377330198
340.87581783413265	90.34458814930235
184.18271435448054	187.72428110141286
292.05251624823717	362.72606307619714
34.30551853668716	5.1540737644075945
89.37006024062744	187.8988694962444
23.662702594927634	409.88138812537903
206.25434427016535	335.7996890211234
52.145943892718265	91.1756367104183
153.04460773510448	102.97447142059212
127.23599233831418	335.7183949265469
246.60255265020714	142.26535716255697
235.60967233884153	58.49839938840092
262.7255126395334	178.85078740246584
371.51898829954115	295.3828376508413
159.41025508682074	235.54178087676402
293.3695022197422	410.2871073073297
139.7238755857452	21.70874577130585
85.92356687395319	286.3860114776586
173.66772184687719	41.89221334133533
415.49506145457394	379.47941100627145
373.1404304559526	235.74951576753173
52.330698844701736	359.8426679263503
419.5555988605862	84.09140655989802
43.576203590392815	288.97511888780184
104.64226265930867	225.39174269345682
203.97235625715155	355.14887658820146
235.832982969361	7.060437611556739
268.4628723548179	203.34974728804693
177.09967139082755	63.55626927317955
330.2347338658343	221.95506221265458
326.8921426369378	241.25369872241097
196.09254087582494	208.84220942476605
389.86394919855405	227.81769574571524
89.10598476678894	8.144499030229811
205.0882016724998	191.42871358707146
252.58887621743773	311.765505502175
96.51755042518492	145.4010297534556
373.42235130188305	373.58334409539066
342.91611707199263	67.40155383107816
36.22124106493712	34.77095311777524
408.1983002759455	250.18262753434647
73.88803588879163	391.7789169638915
293.52110677195117	320.55152504909717
38.465699024726824	185.3875523159321
210.81273428250492	276.4620143130505
240.43596822721747	244.1157703847412
77.57225817684048	29.621087373745496
10.236838762946299	280.5783225900764
189.35804048204474	78.63495732471858
388.0256465659953	144.73824558384115
263.654351067422	336.3728371689259
290.76369911407147	9.109039442656206
391.43522275802053	267.87609963392043
254.72332135044817	81.52897676103049
282.8066225362703	185.42776351349866
313.2010419217857	415.06499320556014
386.84296683415107	185.6690273213257
371.07253734493776	196.18895765968654
383.46587682732263	166.95520766410172
286.2870072609769	273.85209749379493
306.7461316579444	395.55693199615774
237.04579340761669	376.26461879097894
24.413700568766462	230.17122775970952
159.43687876892483	151.1996539290325
306.7106463711882	130.38465399275256
384.4306387533073	30.449836990161103
68.02206160089848	262.7083176655942
58.35226486025821	305.1626319355585
270.3074281607278	228.7833432262954
90.44328677772717	318.4937988562704
198.12274885409798	57.94435371303311
326.8212195337601	401.57388935268347
356.5585494751236	102.26228296693034
231.45079864706344	283.2569154892863
120.65593158321371	25.010139071541595
259.63302013185955	11.02565923994444
349.0362294564769	47.36551948142944
217.28643864526813	297.03599621147544
261.62890888995895	270.90578167044606
195.98264632953226	30.88095608284556
293.80964190031557	201.59671186745305
323.67073322786763	71.67351582417268
272.86145930747114	287.09033839620406
15.093404368907617	138.73270252208337
163.78450945193197	352.3492436162865
174.80596101825935	278.16350931934454
238.22815415399387	119.31429730647669
119.73957966423892	407.4777607641194
414.4401684743456	120.02686630849796
1.0700280034650127	361.02039314076217
367.16251565018246	256.09034122979745
258.01458503999555	101.96581252158538
218.13690286154653	379.2026405175006
168.79537078443187	115.55455753020317
349.1340394624601	6.483631392284563
200.69027800953506	227.2489956892242
165.121642329106	415.1141477993122
4.603205895543572	62.23827204093141
31.501999549400978	354.98365255272853
312.84752605174145	212.46293212485398
24.897386595334883	323.75008085073387
103.51357307184996	61.3191710882824
287.00285885581457	382.27145833687047
79.93452218618042	248.36265922511043
367.8851684649332	403.5632868259508
136.90282264682682	157.47225847225
246.13897989324994	344.32328301427464
143.49249582756465	193.25075430456533
382.77190027719666	389.70833892919075
321.59881118224234	27.717965612737835
197.68192403154862	312.3632672911161
354.94491430392424	270.8519978904392
271.0232389784572	316.8494505622432
117.69321094879444	380.8563323716301
344.851340314681	161.11294096503332
414.14111309116646	45.431468438920376
135.28351451017022	396.3507633391919
418.3975441833042	228.93259531901862
18.388785171530785	43.041959768616216
114.08619549286612	43.738980420702305
152.92464041751666	254.32517865976587
222.10670548258838	348.9620356183337
142.3549784639508	293.39421359107735
409.5364201016235	280.59843572897864
150.83196939867517	83.05457348216767
277.07856956681076	23.593232977814562
40.39342926982939	54.377438111834984
310.78206624671316	330.504091398596
399.1335220045921	356.35236386281565
109.59493390344818	79.13174187557826
337.99898167875455	321.173484305038
28.914488170733765	104.68462690930478
223.51126960031516	104.04772865610178
230.50391454345177	31.876323339493837
88.44109845411384	108.0279225361956
135.2176287358537	272.7437669123485
68.45149679644082	78.27055551507378
84.11772239280593	226.04098200926086
207.63404561233577	397.69828011847727
156.58503568185216	396.59622328549716
372.7093948823665	276.660191522459
293.7567609819938	170.37684508290633
411.1963351447268	300.3629293495565
74.34366526590343	53.63829477761849
148.51249448234313	174.91177045014456
179.0489988451198	299.2236472207948
90.96678894101514	44.53702377175489
279.6134243115711	95.67956708591603
132.620938230698	253.37552766997158
32.83699802291332	213.09926753331442
5.5831744656041495	165.0244390402455
338.94965102304906	111.27289432461689
275.1316015399785	419.17588287359257
40.51376265515188	166.90317888333823
357.0013868236802	120.99161636113722
21.968705731101053	19.373402602266722
89.92943551299452	162.73981539769892
199.02506681130055	378.8212947115396
329.6217411798047	202.31077432505018
396.78674226224297	107.75777476439511
142.65576615695795	212.2220312288175
225.28186519911233	262.6931923808879
361.62343575333523	66.75994379892181
110.48035088037004	347.84863319832795
85.74439289414919	69.44195756117375
114.07032611270222	256.8320759764688
388.62147665910265	333.74952419561725
20.89835531399995	296.3382053814717
306.5539653284991	185.61394977249552
53.8554055312725	20.870950782976184
253.82243085506835	55.13166413698439
170.56746396786525	83.71888777560596
322.79269614774165	120.43517259857674
340.7362087360406	130.92598832554734
398.5874232307268	89.1848275027836
125.44824397389118	307.5682741901731
72.30717727394271	323.51282454228664
330.7146245545904	44.03346399587333
174.2305044811739	138.32585362114963
191.16536472177202	123.27706201766512
303.6589691373252	63.8508354507723
57.05915139344822	63.663997208584995
317.7302565353318	266.7641363264892
351.23136547236146	215.955604348357
382.5476621316502	121.99321189938284
347.5056202377288	195.3660173032188
415.3283133028737	145.19993837831407
314.912413892734	166.79558688327705
285.06181088600715	76.6384926723156
68.35723633527377	167.3964689038714
213.54565175694742	39.475230632998915
273.34824878187356	358.95027953014437
386.21264216096245	249.6200584247015
171.79425149682052	259.9360451074965
0.22730701507468015	264.45385925758825
299.96330360348026	92.18202474669096
127.33065817927496	6.013844138371521
233.66331264342807	330.09624888907484
345.75663848450085	401.43541223721974
92.50180397417621	263.9188948076805
3.992309525511964	406.90128458324614
71.93173834826264	148.1920130062824
109.22248494569062	9.80981397045848
203.88085695124676	138.43926355980818
52.42131500763337	248.72304729221406
125.01467608804926	362.8323509345088
222.10186066348533	239.2582248787537
182.81280112485783	242.3463320837652
415.60164775560116	180.90178507146706
274.04899799790195	398.2990655070892
226.07177746417653	139.35195906876663
48.533297470857875	399.08180066838605
288.73745070340107	114.51545595127895
23.293298915694756	197.21993361245228
152.27713680734024	334.06517311894885
8.636581998234757	312.5248800787779
215.17679631918108	175.49036980969652
184.75849775402338	3.1837001784780554
88.279089570958	88.6324141099999
306.42970173028505	237.18549468565925
70.5839336318595	103.19811985254175
313.7807049425774	286.46726000215034
373.80340723371967	45.73277382090816
12.365990077820364	249.85787784256124
155.65990382860355	274.24502526875364
359.92371303335426	180.6717524977512
197.91237025783744	293.3422567726977
195.88221610507102	171.44866361299253
98.64282665200558	246.09739796460818
12.725367034965505	387.2930444848618
100.28279380814162	26.861999900141527
172.74119709497427	164.6223717322072
183.99604400141493	332.9666691375644
247.9276153656243	163.6461867320693
283.8797342502135	302.02315065860995
361.366016663044	23.764519164812942
189.4628224026174	150.28608456473944
51.19594961804987	112.20106564181488
291.8859718827922	340.3906025237468
14.02895005399739	213.33200408157563
214.59224725321084	121.64781808230379
176.6037094972099	214.31769381172774
347.94099738901014	234.89746124069686
70.01975495671945	9.436337716537246
13.120652795761236	339.4106533655621
56.04352712132715	43.46640726289054
182.88613199667608	366.044424986871
129.55195304773906	177.2723463157065
275.9879963700453	258.5002807501805
371.12131330286826	5.950965319042004
70.6209527700406	186.15787178063047
250.09759501051832	390.8331212564202
35.350031725343385	385.7769871778962
222.9755618061914	413.1360557662315
36.10230108965456	123.14881134366446
7.156470478248597	103.04728080489387
38.134926168310265	308.49969966859635
339.3117407272595	255.93247966492285
53.426875363708824	145.94933388929448
270.87890659178737	123.07578838614054
141.36408423846962	375.9278698235374
207.49958803295348	74.46728137371383
337.030381470252	278.25134633862604
252.89348214137567	28.546452636529832
350.67455874058146	296.66652808948754
10.860957338541859	4.104290107750263
335.24030290453237	379.65188750260637
379.13892997559435	355.73686425143154
301.19821347195597	256.9881648124796
145.8214566489401	0.5114981181610417
306.89457377739103	109.53634605809688
117.25965174920202	148.37311217630304
61.1340407897983	128.44505866298775
365.33262049535034	139.044565881999
390.26114603089025	9.16585744303152
179.10286571058307	384.54403633999385
309.4130618417687	13.584402044742484
52.09911968119231	324.3837569731184
121.4447604570917	216.8853663270046
243.93887769296916	264.0766077494188
309.2654350862059	374.7841779365655
29.164280519828704	277.1655400037794
229.36231789404508	394.9727780860883
296.73976914868786	27.459100449689828
255.02167984993116	362.3076277187165
406.1904874269689	66.34042898994782
285.37583570121836	241.67509069593532
226.42356061958546	76.9434535814953
294.4701173748403	221.93045576754466
37.55777674288556	77.18999440586684
252.67142403633216	220.56658627436573
303.66029329000855	302.1794447429226
145.94815306435123	357.6537323315507
137.43901145433261	235.40128555138241
31.224882597281987	249.818831624404
128.29131290205743	74.13344131275058
248.53205595271857	290.4174738084572
390.1232573330118	292.6182394980047
369.22577048484965	336.4134031478506
85.57720630984647	337.63089386588547
204.35103832946257	246.8578248207288
38.73144842349998	337.382930204233
341.0587929464649	25.151741385789954
101.85014199878351	412.20085670551947
330.5152015586551	295.7575696648085
270.0692004775929	144.54205862439366
87.44822805033787	376.27126853546275
364.83898430769176	158.2682219618315
388.77861761863517	407.6368704402405
59.19714266921601	380.5442792501413
392.58652696867847	48.00574331183054
150.65920397290697	128.05914979634946
407.0327268647296	415.334200703704
18.79858893764553	82.54934797482439
326.3214641673079	362.9554717067551
288.8813994741283	44.84963741030006
104.73491867132418	98.47117276568734
67.09463242876026	341.713027716013
203.16103878100918	419.27520284457836
160.03722486824572	304.08322744589
318.93767223214905	312.6555476897751
124.86361017867955	198.394276695225
231.81779389808065	222.7646574961081
327.71107416617787	340.58672854948634
74.66444622359016	205.09128153407352
65.87173727567173	234.63878133947355
208.7020956091813	157.49639717930722
63.10071417748734	284.6197223176292
275.72789222107923	165.52527564884195
245.67316074592938	198.65719143833033
23.09830039806436	61.81191483310156
80.96424333747396	124.9588198612156
239.753778144477	93.32322173706982
321.54273704744446	97.89811286166582
137.55001670381193	114.02230936208166
45.31211561054879	229.76972439604882
140.26334354963942	319.71721706897813
77.8458818439815	411.1374293158987
105.92625987882855	303.2417686232807
122.37148966716838	289.35179971481426
106.54526264138141	366.08699407396864
214.9479029444819	214.83113130470187
108.64866664140983	186.459418900359
188.90268150743373	404.4669550978389
114.16921899202376	322.5873616116466
275.32611492791796	59.97197966581424
307.5451937564442	350.79783500045653
395.82271467052266	376.03855270450305
160.1614924275321	204.21380457705973
192.2933874631113	270.2914896432889
289.6060102512137	139.49857437266053
359.937846015804	386.3557534892051
71.76545245645868	364.8535702340912
59.56033722546234	215.99371701415333
403.4017640653337	163.87968607551198
328.4299353763285	6.214376593462444
359.4204277831556	319.8385501178327
364.7451637357466	85.33877873195443
393.99299564247485	207.43120817882487
103.10146675808677	204.48598420791365
108.99920884596334	167.80539474355723
106.22298165113796	278.0958244118382
179.04069337039	22.869409730206634
54.04638162389245	417.2338802465017
125.59811858278756	94.76964678039748
382.0908936410355	315.61415462705247
328.1697423101587	151.32495152491063
412.9398230284448	209.04713115698826
16.613990528572376	120.2972154601978
405.6933118745745	320.59682234140126
352.83815065214503	367.9464928902777
254.41470810466555	409.7074690604705
184.31038788858342	97.17446419451771
227.04838913492264	194.67557789936276
88.83510149153933	356.2401338926184
153.23391070902386	36.4167463631932
