201.1695743003587	57.91392142741182
403.5702806540463	396.5479022692366
382.235473613038	221.14193227754492
348.8320261540293	347.954850924016
402.2833078066469	341.2245633349675
168.35930143323455	185.28636892673288
268.9085412579186	43.0961037977177
96.25270811643396	391.7794125544964
169.46466201633473	330.75364075978837
384.4162469366842	67.88092737853754
310.57353092746393	47.682193452955254
241.56856024914893	150.35425850203083
380.62857379144657	106.01063585868522
218.5738242413577	13.618120567770564
403.6732269762402	32.3393499576193
133.32798287300037	39.92706329912322
26.662275639308913	152.40943901117203
339.96946898899614	177.92125867765324
261.15898680740264	249.67708145910106
24.72707765733874	175.96956539398562
163.0691128789537	11.026141458673523
2.9971079711821367	22.9688261045973
117.53068422642313	242.08046893176666
126.78880896909315	128.13568732685346
304.73820199014654	146.4686315570499
206.3625708185462	315.3330824962791
79.45280264290712	300.3142689666083
204.93976587189297	109.39827139187955
123.90888171640569	104.3891985727273
36.097534580747975	269.8891738135718
274.722399400447	370.987694176905
241.31104861056355	175.23439795060474
235.4263473979158	310.8966213871589
161.21132936469022	369.1540561483921
148.57253357127155	55.7840207021494
12.165256352800485	364.29535274603177
103.88995940637638	121.76100707499205
340.87878523923445	94.94462998894099
186.46399713476458	193.73682616596358
291.30981832686825	359.6504921591467
36.1662567530188	4.354557582677021
94.16024210848295	185.5271314762475
23.712492243825494	407.9351812785475
204.68340349684667	335.67922042529585
48.66280559185399	93.17689043728842
162.34275167247696	99.23114259341641
126.1247944310266	335.6321971099517
250.32647790099108	130.35284470985334
229.03394782085545	57.07712514413254
263.56606143354577	184.17682032818155
363.84851364205485	295.09943039403726
168.0221494848419	227.75177832698165
292.24889497987454	401.3178361118079
139.35825661889214	17.01154112292741
81.45659649139535	279.2432103570022
166.61082597703543	46.325868688395296
416.8350001663666	377.49031366309976
365.11779176298205	233.16375464439054
48.290937752777005	356.4589929502332
416.0103384274887	81.15925808357996
39.61176978283894	293.041971283504
102.43795054832522	223.5869007222077
200.88420976609848	356.18342705177747
239.69413517975175	14.019410397175026
273.71577012593076	201.25439203342214
179.3346564036575	61.459042851504506
334.50840542268514	214.18943803300124
324.76367205640076	240.72396154787174
206.10273117004752	209.44403563589938
401.80384239664295	225.02917245472986
88.54538065748771	13.112618973512433
203.77791476042526	183.88051239193229
255.2107279652967	315.41222192735063
91.95359959045118	138.92990245789224
376.52940645121254	375.2574212178042
336.1882761007453	75.26832364014881
39.66720560184664	39.375367258174876
413.33162309774156	245.9398500896515
65.3446968013969	392.4013190250003
300.39071735231755	321.04812897005405
43.72394967220156	186.60964802105516
207.77150538956698	279.234168132919
242.41207111819608	243.8009869803261
79.14230310234751	33.82953732667084
0.37677634425117473	288.2522934141009
185.13920496218861	80.47469688566407
388.246571291149	155.60052095573283
268.8727670087795	331.26038364990126
291.94620919076385	4.386241349145794
397.5467304308004	258.44998082324895
260.32565988933897	69.72154078200968
283.3059537394404	183.98239054774166
312.02606405286974	413.7330595015665
393.76173069036605	186.5570818815763
376.15016902825124	201.29750960068563
378.6332430727265	173.10529970738745
282.765815165085	283.647138049259
309.8387143325085	392.73344110195825
236.05583587500684	368.7473535376797
16.264714147235544	241.35938072572208
152.1025592869154	158.61321085274054
311.8469741141917	126.49617989106278
381.092269312305	30.414745086674674
65.93785605766757	265.4163222305026
59.87490485891623	302.68141262598795
268.31142617287253	230.82914362455358
90.28081886002069	316.67386995025527
188.3167211616596	42.65069686822917
328.26025539439166	399.4924472871329
361.2124498750526	99.10563072788176
231.35383582156493	277.8269560978974
120.65356668340799	22.974098968195754
258.59386355495246	7.429224525806546
352.21515952583667	41.96128554359872
218.79665497147616	297.74442967331163
264.4169019852912	276.7588500225324
194.7950581169342	22.923431659668232
295.3925240065815	202.81111385322575
318.82646587659764	65.77928925030322
268.3366426135215	300.57037823563684
6.741381371905377	139.34680543711497
164.67189084347373	349.8598666551109
160.40619737843116	286.2211586409832
239.95732618425643	103.94755991762247
109.90241842609979	406.4659185542382
411.64014543586006	124.59365341306462
410.3379226128106	358.9708457847441
372.75126881210565	252.93272331868167
259.5716138355703	106.45421860238461
213.8704021097794	371.0877658831861
166.37382556249884	119.98553307013233
352.44847040618174	6.716845610057573
203.3173012095808	233.5665082372189
169.72253799575645	410.8883863446261
11.442021729007516	61.97976830552283
26.27799673545738	350.43566210556304
314.91884877146373	214.17098069862024
13.53389078271859	323.7374929733553
110.11437916575441	68.02271363192605
294.6393234481655	380.4433052069904
75.02994781532891	241.505520516848
367.35169856441394	409.54561361534536
134.45025512067522	149.69252911405738
242.5186384875346	336.6230383428407
153.78626151684423	198.8482920928507
383.84117966038383	395.63788580843703
323.39218513492494	32.303882877528345
185.8629052198655	319.0878130377167
357.28721926726934	273.9486096243609
281.26960327332796	315.70890066624173
117.54825402134657	385.32183192905217
343.3329916359216	155.91909673486643
417.1236329400682	46.484594464881134
133.13905257926126	399.0400571997222
1.5315608878610047	225.86819506506345
17.663460435273862	40.19119918760495
113.11135931064696	48.76285927840675
157.5767568408563	251.54728776268024
220.80973594237363	350.2682978437424
140.9747342662709	291.7427439741604
401.25547314816146	282.63225100550164
143.63306440584591	75.1076252215742
276.3988187772788	20.992486368685785
51.74292237453014	55.21078720995424
308.8537059299232	344.28285701300916
389.8252324735297	356.37330207318786
124.00299248357442	82.49683889578716
340.1847586182764	327.59426183792954
26.82619076989659	99.94948881278927
221.43160162970128	95.15565345453835
230.53875183435767	31.651267217736056
84.39848759256549	107.95116849071634
126.56268448946975	270.4296303248209
68.45682133176798	91.24132477823228
80.82251860461606	221.41802071883694
208.50963828189956	395.64676861342804
158.61005869989543	394.4604478900508
380.3771660498917	273.3654716955282
298.5442191522635	166.94126317027946
407.64333619372843	304.24950088380336
71.61338884503813	52.961162527790734
141.92468932862835	182.55958984353404
178.29921514815027	298.0177378606268
93.29574895296656	49.80388748659751
284.2168644240447	101.75780861669936
136.04539252506584	253.40305991693165
38.10249529286733	207.85497560635056
9.052392025407364	163.08009529863668
350.2112496073089	116.06268022799867
275.89457641968323	412.8256738078164
41.851458840768245	166.16285151698153
369.1181763904682	121.82127756692955
27.40637978160297	23.170402322632466
85.1322703022174	167.42424144857162
195.96077634492727	379.2692208110154
325.1057023017433	197.08578440553148
400.7911193158078	106.24283708063192
149.9915845298941	220.1585690831197
225.92167242859315	258.80585188712234
356.51695461892814	72.05537422323145
108.58131545614444	350.81509751735297
88.11475252892859	68.76428312026604
105.04310166716965	258.93506501998917
381.78458906256935	337.5608458971137
12.87488869364451	303.8095810775852
306.0208469379028	185.42088578149657
48.97862448342127	19.659725501546625
248.05892303794084	52.61865792602384
163.5703804351379	76.99681721914133
332.82539052746995	127.79938454017787
350.96862726593184	136.25917372022099
396.75128016176666	85.06686052945075
121.27053207724433	311.5220551271831
69.93033317923752	319.8878869951035
331.50630859512756	50.709105982529046
170.0174198979533	140.91960255568654
186.11524299242194	122.09796243362268
298.4482211679282	65.41358340798547
64.74213438153214	72.06068043104119
319.6516594227756	261.89185803172813
359.07581567716386	212.24896508548414
390.2722587892365	128.8900173934126
346.01652930594594	197.48626245534496
411.51282804803185	151.6612001196348
321.25380778454456	170.9672680888621
286.07286412732395	81.80663448567395
62.03593291074682	169.10208983243635
212.74885893710467	41.73181760022496
273.4854049180463	350.19360909389985
388.0568626962428	240.78662719565463
171.03847594804867	265.862720688388
417.3648341406612	267.5743164957356
311.0380505715361	83.98344268288596
126.27194769087775	418.382462790977
224.7978394398705	328.3916208378764
347.2338810613107	406.6081217580815
85.4044713006807	259.21834077246274
1.0577806220128396	406.43225697580243
72.42138176533061	147.1723869126767
108.41894086565169	6.283537355215798
206.11662090215574	130.04083608882306
55.535196408322	248.8664221302301
121.59071109436348	365.473722826285
223.84532866238607	234.6873494508743
185.01055884541728	247.82861420637815
3.312434016615186	182.28859019159697
273.9245595004689	391.6259290933393
229.35738630537062	133.92839790087532
37.02360313269622	392.80798336705783
292.6488686560882	121.98715437806841
19.800803927005507	196.28941604283708
146.72792775600598	332.30908667822393
414.07821846265466	324.9426468079891
219.96630937299656	168.96553052648756
185.43290599847876	5.000518728814668
88.76618476680238	88.73377154609393
304.61350494779253	234.38491193920268
64.60951015933175	110.50083191785181
302.20050632346124	277.6982068182404
369.1461813990133	51.850820295294945
16.51854898456192	261.54305906152155
148.0629372386543	271.00322945700265
361.79941764666876	185.75953960254205
198.19865519388355	297.46460298594144
196.92545451345282	163.8609856183522
94.6946490284809	241.69531785147885
12.305160705941939	389.83723716634495
101.41562076467135	29.309900900256604
174.21054901442787	165.7413753819902
185.68456551532338	342.0124070394408
258.5678336300286	163.11903390052896
293.6998251479026	300.6800831418856
361.52701960823333	24.825597025493444
190.26206208730432	142.12570889545344
42.70262940405296	112.56721228405245
290.4079908031327	337.9817963097089
20.753761677359776	220.96423602159294
223.7264273144645	115.26747258691066
186.67274361533353	221.11117001532324
344.0279478001376	232.483962403023
68.49658087975048	17.434624997833435
4.1131985397492805	344.0608617500763
59.58979257251558	36.64273452597084
180.21101067840831	363.1946304809028
122.42178193409397	168.91956995504714
278.7877776169809	261.4965533877115
372.56868102029074	8.729232510890302
64.54282255693852	189.34516843747696
252.49441057849629	380.6426762699086
34.99588950876447	371.3484654910406
225.83398061328754	411.3405202696553
33.57786060334743	131.25245180932882
0.4531223760414207	105.72665077508897
31.762228449385514	312.9853570346173
350.8973259032025	252.93377205053503
52.930636044345924	149.77361313270018
270.6539320777986	123.93229915786229
140.98762821535212	379.13627188582535
209.18144393084677	77.14415913007258
337.1568143155052	271.9223435072708
254.0746240050797	27.927629343846622
339.1087915598693	295.0512831289511
12.556038208690907	4.984021777200095
343.6655586781569	386.89771541546855
370.0631308421313	354.1772337851603
299.7320567140732	258.32889470029266
146.95162895422186	417.6543658241783
304.27224291664083	103.41204487779432
114.49266964054438	143.7706309861355
54.55507923163026	128.4435051095123
371.3645285527555	142.08898529986803
395.5064280316916	13.565934663058892
176.94664661162165	385.6578308244351
316.1267543006383	12.902043015592248
50.38606380442659	320.46129931231934
120.70061724637108	216.30856118844306
247.20974470451608	265.7227366812803
324.97043193863516	379.4099583835654
20.646943179752018	282.76718223034305
236.3298132237467	394.88676284136983
297.17672060059635	26.247127890082222
254.26307785430905	358.41896527015604
405.6633132893688	63.06399595132283
285.9814845345942	242.0442060032776
230.01596600982808	76.88567389865744
288.8138471754099	221.23753971228876
43.01503289585981	72.93428244390844
257.47195174117417	213.9153087917757
313.47913232479027	304.8658318184466
145.061390747072	356.66040124487535
134.67633784966955	232.67405962547272
35.24335867377395	249.2298774911056
129.1715080100194	60.734580626823906
246.98273230584795	290.0093081235271
384.72993934680403	296.94075823255633
360.50129317109594	331.72487045325823
89.08140322332777	337.196979407711
206.74197910687636	253.10622809698452
34.92583881771752	332.4359987553706
341.8661622300401	25.06163274873514
91.02819279946814	413.40576724160144
321.6850705032541	286.2338247874155
265.37288624616974	143.93712587108266
79.15286758299195	377.8569219443677
360.19614696877557	165.69428743209463
387.0052756353899	415.008639331701
54.64761051972125	375.02336796184153
390.65828994590174	48.42498610730925
150.1101346293164	136.50608577764578
412.87612557902605	4.500036196233311
16.201598473795823	81.82822592480508
336.5480364492534	363.2522621548999
289.9376051177658	44.63374531881063
103.35386630367931	101.72582292639555
65.01928033077601	338.92102977248993
204.31639202596128	414.8172392448354
163.81963997328083	311.3342834843201
319.63296884475426	326.61569142491805
130.74976715170303	199.59068671795077
240.31683175418473	224.0107946417352
328.71229967801355	345.02261790894056
81.03700359735609	201.2570458392463
60.90808447627803	227.08592600789223
214.83354869617878	148.53129727829122
56.46379043703587	283.0511802625779
278.84576333290454	161.3000481250815
243.98268251971845	197.78213868019594
30.476078506694886	57.62516794421856
75.42831283387729	127.00791551090917
248.97254155487727	85.81775064941985
326.3353844817438	108.84515283699729
145.7492138090912	117.1912923033594
39.161557047303006	229.09567991727644
141.05044615319886	313.62236267069915
69.88466639000258	413.9251212060522
101.89205521743887	300.6018415110878
120.86000192612585	291.793144996654
101.45281438425795	372.21819291021137
227.48736520778712	208.41646925375574
114.05734781393114	188.42120355320924
188.06370125629127	402.60949443532144
107.71606214598918	327.67350895592494
278.0486890004525	61.03404961368306
310.8899247600857	365.172354101829
397.1085519615055	376.1245367423358
171.5925970088728	206.93030498392287
189.7107789363797	271.5464954929879
285.6132746936717	141.65337059122945
363.871489464516	390.12144538230365
68.15845392771442	359.2655159661805
57.674086793677034	207.7740560123715
405.50390079750906	170.28156057162462
332.3926919387013	1.5702022528852444
352.2906313517841	311.74217209991826
375.50446155792207	85.23301431627631
396.830630930593	206.025875531062
101.85314986147529	203.65504665594372
103.43015744199964	159.9426420860278
102.96236317156176	280.3791639409018
174.7320715960088	27.824953555059306
49.966422570079246	409.49324326834284
142.5586441036196	95.407574111943
374.014197166865	313.98797910265694
324.6476302714732	147.22740563263403
417.2090852814499	201.14524453122854
17.52352780229864	117.15771365642878
394.1248840506569	321.29961869503734
354.8678562287656	370.183174506461
255.82938111105253	405.19431483906686
185.68824154486762	100.76822737290001
224.14749316248125	188.8504150295963
87.63581076821313	357.4721954551805
155.21983387580724	29.161042317961467
