211.841847372692	64.7666736342883
404.26002355564765	393.3432100732894
379.86839175079103	218.56881290154402
349.3682079882226	346.00175967146504
410.40764976195754	337.3520241827272
164.31887081081175	183.88497002821006
270.5647180065072	43.45383114990865
94.57942559877445	390.314662955105
166.7698225923062	324.1623503685823
384.0608432203181	66.16588587953571
308.82431195042795	46.287792816520174
233.73118116018045	153.87680038622554
380.29901632383087	99.94875375169018
212.94410979172963	22.102880331450585
401.9106010381008	30.094312609378925
136.70611738814296	47.69257361310334
25.56080134280544	160.76691814981598
336.8096591048201	177.27048238689372
262.2334401295551	251.79082879773125
24.873423652994095	180.17459099016844
162.593444645714	10.85746591207356
0.5928321308556965	21.71146901875253
115.32305297491159	237.9623480660367
128.48696308087042	132.37924177582192
302.2239797640221	148.5269877995294
215.22724796046143	314.83055641737576
75.79743221147196	300.1737279214654
201.66897036261457	105.38775015411468
123.28359136884353	112.79186715351717
45.08611113183437	265.5790669269526
269.50454031853087	374.52216087522186
236.28416870561375	177.7651818107811
233.9620071258818	305.29454180270744
164.6102890342267	372.95410162751625
154.67526726161344	55.65832722593965
14.189411551668657	366.40149450154905
101.34371344504457	126.02184669619028
340.1640631594017	86.68226685135511
183.99334360201266	191.82212498232676
295.35650056106687	360.37129637381116
36.75043127112661	417.48085387080386
90.16534429229314	188.55747599187885
22.284882334266193	403.8804960994049
205.79463701176704	336.36301303288883
50.24787732938569	94.75817879693162
159.34691518893638	98.45160445042615
130.02939296666182	335.76758210668163
243.37645633623518	129.6121626046182
232.1086583219969	57.51483630951808
259.66812554572897	177.20521277798062
373.1791148602468	296.45495044610857
165.4953341156574	232.42589153974419
288.56757287537005	403.7022957618774
142.51861696170224	15.053726600740946
78.2143400929632	277.6995550021421
176.6205325103056	40.89255827714872
414.16217974731006	375.67908568930426
369.6185958653756	235.1318703435062
47.84710262043695	361.2300800725561
414.17777302386725	82.56313586352896
37.484549417772655	289.8636437476389
101.47652930003737	224.17150699480248
203.20306607358714	360.2497750006934
235.83083996047608	12.986215138806067
274.73125621037036	203.6132397388124
177.42996444653656	62.24496595370571
334.7770913328276	213.23661479664824
330.36510052254187	239.98493502281437
197.74794887354184	208.1368387511686
396.21706422237935	230.4030470809178
88.07785489553004	10.626154378397972
203.53018497778834	189.625690859332
260.09852527532615	310.4589325606425
92.49947331794093	145.439711526382
372.6024404231505	370.06002785716544
341.79539211168674	67.29539886452035
38.43577667306241	35.9329523186214
412.12618757363634	245.9813788834524
71.59991337938581	394.5001260705016
297.3847884701846	318.4355119130413
43.54605712573897	190.59536411610776
210.974504106302	274.73017300197256
241.21219568684887	245.7941105428108
77.50198781047648	30.46613088334812
5.815445472834763	284.50038041072963
187.73588799323358	80.6221624932259
389.84965559597947	149.42999854597835
267.039686415936	339.35719939744564
290.78722133032204	6.429594527794896
396.91051870968454	261.6972769910234
257.22509216708414	71.03415782702746
278.9169376390151	178.16994866408552
306.58913703399065	413.2980555174494
399.72495658588684	189.42919290046189
376.30492315414654	194.03829054760192
381.16735934110835	174.05587995488773
287.89197652215915	277.0512022490804
306.8358618765295	392.90157837157295
232.5146790424574	369.6212287960005
16.195797982792964	237.43145075805967
153.50733141862892	154.64640106209833
307.96408450492027	121.47513926021962
382.3992568236544	29.688105991767742
64.4762794576114	263.9340028202507
56.00168876871621	303.62220431049894
267.74800963492186	229.27421054324665
88.16145387333256	315.04305560558487
196.61566039685152	53.06620914492903
324.6362342992602	402.2805943093141
359.63992750183166	102.49369634843734
230.92888572633848	274.9404425743039
119.32436581150614	24.818695026585917
254.74431668607326	10.371331089197996
351.71698621818183	48.29507758902891
219.818423872925	292.45455013065276
263.60976757552226	275.7735852382748
196.7534767263986	33.98187739869572
293.3286891160461	199.3939036180706
323.3245358634507	72.64651750646468
270.62592351436706	293.5083869556058
14.770507735804443	140.71228450271948
166.3801243900025	349.1364403333997
164.46931897936074	285.90398489163135
238.57596809690892	111.05488635459056
117.92339481930091	406.53397729073333
413.03180104752926	125.06946082999828
418.1414189246523	355.9318943127226
370.1220052910733	258.06194857216644
261.03472058530224	103.15996425307338
215.01927213490467	379.50392877192576
170.582561949475	117.77236280977104
350.9238264949155	6.944816465910314
200.775986504045	230.48184341980868
169.41694557490624	411.867711518959
3.8218016529290395	64.94659680950208
29.11003048285176	354.27838757100733
309.92751302523794	213.86296110966114
21.619304435526647	322.80411767471924
108.74003890498733	64.87340693698935
289.1676046066692	381.38077549712654
74.51917697778153	246.13587445128343
365.0244857585843	413.6329336498126
133.14801129783459	154.82798111624345
238.9605288625058	346.53882606813
145.8482559385573	194.852527439078
381.31001520713266	390.96145747571387
323.0798609907791	30.794864429103335
191.97422942926883	316.3448152925113
357.9823829932101	278.62180833619715
277.45284139107713	320.33059610916297
117.37348351275813	387.0463122778424
343.2337547903395	155.54288983315186
416.1608727304641	45.76742274501604
135.9329425175926	397.4415314223756
418.7674944742409	227.0290834212839
18.923950494540644	45.46585527294086
113.55317754162388	46.44334533678201
156.150927956788	249.2580020084665
221.16094131968646	353.69698380146815
142.75702944594676	286.46748753713723
403.938628720213	282.63061838497634
145.89189574406967	75.06113156453195
278.92745227072413	23.76161438722302
42.88885258474304	55.70776565208189
308.9495313767259	337.374122683395
397.371299388265	353.8560032188799
115.00139480290652	83.98155068390005
343.46260877789854	322.9166783037431
29.920154489974777	104.7008638290362
222.86610460281682	98.32503107619088
233.0512925361153	36.26873585730642
88.6699778669532	110.29563088648517
127.22488923947564	271.26008007445796
67.38362320282414	83.6137266620518
81.49110325118853	224.99544007311133
212.79597928668983	400.3072001934668
156.13460754810075	395.2197778396027
378.09671653120176	277.54891810569256
298.923325159278	167.67398766415639
413.5710804376161	299.16645329962614
75.29629006804377	50.03135898680129
143.27499583979727	172.3498545872549
179.99807286086457	300.55322308660953
94.41582370282487	49.89369640095501
279.20112104340615	95.44388205410945
135.46698306729328	254.0807018536691
34.78395694628215	211.0980265482716
6.183221215430719	161.94291816588435
343.5558398877673	112.810944710754
273.1430990642362	417.3991816893951
41.91713440565603	171.30432578534587
364.48207389797466	122.09614687440542
26.909593737010667	18.44350531073345
85.12674630371593	166.37565123859662
194.56331644042612	377.88728362727085
323.3375596399359	197.76411567806085
402.35588000072613	108.95093805998302
151.77847539615183	219.05300433256224
221.91500020659657	256.6604546652686
363.23416259716777	64.92905644343726
109.32553724402133	346.63874795249484
84.39984732481197	68.63002973086027
108.79984572282507	258.509047754079
389.9493958359544	333.9637484539152
16.273842069084345	303.01523662071526
307.5513242769988	185.25312174483534
49.17775044880064	19.654098699529104
250.58066186704045	50.79700158623124
167.93651436451654	81.20576144816232
325.7917332509372	129.2854233548868
345.1523035966632	134.7408657120431
394.0227669400944	84.08998722012416
121.14776118367193	311.13673047004363
69.93776548005687	321.2894545261022
328.58062904096266	50.694034008414185
168.29725144732066	141.01746606224202
189.81866306120415	120.60608210563522
299.1774025029263	63.008704036331245
60.67869921915993	64.804899167242
321.6335650247639	263.3523934806687
357.8161107208462	216.5527312110286
387.2105669286509	122.43930964827054
347.96354319301514	198.64032032751368
413.01491831916485	147.43341067633457
319.69505232067996	167.1954106819834
287.27200347850584	77.92716244942481
64.81785740256998	167.78125586627854
214.1702032455537	42.55806034733943
276.6302088761978	356.19105639368775
385.5561462040502	246.39614782102277
171.3630935120229	261.2003407544943
417.12904116411613	266.1009046709985
305.8079727378331	83.05683939149849
127.13287342726797	3.2369764682351123
228.98132990908732	329.7943958943981
344.4938129666097	406.89644427347235
88.8962600332922	261.4895790867733
2.9767997381208104	404.23031458950646
73.60330230322273	150.74552554930438
108.31449533709458	8.56600381936775
205.92507441612747	132.06838933630985
53.32493596833699	247.43535954276538
124.96946530268737	365.5618669992957
221.21926288359597	236.86891170624216
182.96760138631947	244.564298124154
418.7764315446847	187.7458208370988
267.44170794961775	397.84106020092025
225.51864672160855	136.40069281260637
41.66691805137325	398.78706931452103
288.70950382483517	118.48971782953754
16.806526717242686	197.90676893560527
151.36383922354636	337.0011885331208
2.1094879987800255	320.019890531955
217.0557479362927	172.2310193428489
185.48648946147745	2.1311227081887263
85.39014791651786	91.06681681166833
308.55232408826674	236.41031689914
67.96564663578934	110.75455580642473
312.3947015412188	280.6036543008108
372.1323141631814	47.65647204021676
15.399821885742087	257.7236985952624
150.41326208728387	268.6125234036919
360.8397534474231	181.86405727207503
200.05970612311845	292.51782967706265
194.266713499599	166.1784896764996
96.8958063984266	243.27412440863748
17.862583075430198	385.3387761566966
100.7023069994859	31.2124615143181
174.60612054358128	160.15708437744271
186.17601670614707	334.6998938099024
259.39943532580634	157.98269405027494
289.4559489328878	298.8333970557361
362.8793171248075	30.943663234214256
190.3525153333088	147.01422138956346
47.48698360233457	114.64702676718271
288.3013400464755	336.18041946442384
16.765399422475532	218.4007621091963
219.6483790343324	117.16813701389584
182.87503182801498	221.60233136257284
349.3843992065802	233.84348061259888
67.99905715144652	12.983008781910993
11.176993877583639	340.26932936851136
58.054170537209245	38.604136300962615
180.47629615198036	362.15561034480226
123.03071352696878	172.32828127630657
279.990602448141	259.6312416143918
369.43655786790276	12.812151484901044
65.04143203807048	190.35808787363635
250.0656499919979	381.0210688297821
34.71541536236213	376.3061371247678
229.5724434534429	414.60284837599187
33.59829333924466	134.25725332382913
0.6766443548629383	101.97491268486122
36.58307761747621	309.29462016680185
347.02303388157816	255.90990350036256
49.944896749541	151.31977008044956
268.92794251474993	120.87278461387383
145.0734846889854	375.80416239612384
206.6986746654775	83.61855478147643
337.5148336439019	274.4972782094313
254.37666213210136	31.506723556162992
346.92217520086274	295.7766505516936
8.877196322873543	2.7698231184889366
339.68961741548503	388.2395517589876
377.0461060924363	349.8438062946221
301.5366662763319	258.9329515028405
145.8441920611068	416.20268551582586
299.9070701941347	101.71827609552061
111.90558267500346	142.04664182177004
58.80035872586704	131.88525838139878
369.88301546869207	140.54032726417458
389.85061558836054	12.161476945385091
175.97093383919832	392.2715679222454
312.1081911485429	14.330527554047968
50.82962819932868	322.3727591527933
120.76764008235878	218.41577695854681
247.5673399692158	263.9979428807607
318.2703915578722	377.0715416691184
23.15543895436678	275.3116872132457
231.3495580131459	395.6473546723565
297.76800854699786	28.61916281871983
253.88000176001364	359.968867791393
403.92719954184287	63.1047161079318
286.87633458327673	240.0657208817606
229.86262039826033	78.15326670425875
285.9507697827197	220.84520442530263
40.559654664451216	75.25429857201948
257.54628711658984	213.01482174059853
308.4122590737588	301.85705702058254
143.91188057737008	356.7248048177039
134.21877346328444	232.9664242481013
32.8895391511377	249.59875052426858
128.47278740116246	65.38252594493754
248.74892985777066	292.34929681448256
392.73253913282855	299.0439422203656
361.3967201358798	329.80453661905347
87.6016912458951	334.36400007842184
201.6753007099032	257.7346350887123
37.11311414492121	336.306278355077
341.8642976571536	24.419683418633603
97.45716682321134	409.7013033891845
327.1125041395968	294.5527402467396
263.14518071515187	139.2031180799391
79.47753848759973	375.482694307092
362.274832647994	162.80702189047057
391.0077660966599	410.87209201727416
58.37442393739359	380.0307908639478
391.8744282551668	48.13463649322408
148.80175944968295	134.48105043059047
407.2399226737735	2.347476606952918
23.735615517725055	85.93041219565133
335.19704177288895	359.62297288381154
289.58773986158076	46.14292928152642
106.29142416883838	101.98615626209401
58.97777906705111	341.5689111573603
205.90490212425757	0.26488507792781774
158.22597728796424	305.2115679976697
321.1987659160341	322.7389795857136
126.01978875609724	195.60004489516515
241.84013758962465	225.04785776311485
327.87689936179817	341.4034729651566
80.34119150745838	205.34512132396333
62.43215726449696	228.64526769334438
210.44035276994617	151.62695347652718
57.16224189408225	283.4032021473399
280.1006549175088	156.9004795432657
249.77509815473138	195.14692972543858
23.245133538871457	65.35813658039231
78.53108111182688	129.830464871585
244.79428477868757	91.95634347125063
319.96278197398016	104.81434390041277
143.32117111609296	109.66470667032668
38.93118353118919	230.46385704376664
143.26597866207172	319.0329082873921
77.79530286655907	412.93010046208065
102.94108543739391	302.12282797870955
119.97994036135653	292.1177854738779
102.58940761381683	371.53264803316887
220.49644639168352	217.05297281197778
109.08173019076241	186.09385053826583
192.71652907639546	404.3641663986423
108.61184843280984	326.9040372900233
276.5543929889632	62.14622923979487
315.9612531500669	356.9271293844128
394.1683556697119	372.6661757221311
167.48873244891251	207.14357535507293
189.87846817443483	273.3976971638389
285.5908012794974	138.1608869165258
361.20706564410034	393.9706076696577
70.10407613779577	357.0765119155306
61.393511959250546	209.41416361094042
407.2216210888938	166.37128172547693
330.09823528211393	4.758863439461741
359.14772873143653	310.3879367250767
365.75701945286306	84.1471814359015
397.1996501647057	208.41676540483778
102.91605267813067	204.29024314587872
105.08553153316785	164.6165118002785
97.73987257011495	283.23031504608196
180.083455132181	20.812464779924582
55.42751684865265	412.3958134781306
134.1545136180894	91.37997614689183
382.27696617005813	315.88939673247967
321.6570998101483	147.8727170801432
419.3144420861547	207.49116231284822
14.371881568857756	116.39502878475304
402.21255590473817	317.9533386596037
352.9814088192094	366.5846515901964
250.91126025636737	410.4257903724871
181.74028733046194	102.16822414977369
224.83949977546683	195.692101100605
89.20911963636324	356.3156479746089
158.04983385955174	34.564083880607015
