282.90200743599684	343.86644005531605
190.29473850787994	383.1815538971285
49.94940613793006	394.31164325320907
262.6252652437593	337.2680264882421
265.6715645153932	280.2874975254078
110.71376146962203	286.5424678948868
263.4779009597185	304.0181170126161
356.2862643691412	3.249025761672143
172.86539558255797	7.548208653747351
392.61017812728124	75.57939153394176
80.84417994879352	96.594775733951
211.82444201336352	298.59273495258026
320.0261054681197	301.3864350560803
418.0950296928459	247.3558742598141
225.5349496822088	90.1227917249112
173.2045867078978	320.4569154983871
277.46374392204206	11.79398188317395
367.70582729302885	402.66717457333095
104.86954676032639	321.705723491795
295.92264082062724	120.91484375051618
195.4586214846038	367.369317897058
311.40767449816155	341.2548163388352
195.92856063236383	304.0935566105641
17.09828560171487	318.2739922496766
245.5177796310135	93.446711487494
276.3751767917091	404.6401699861805
306.1365364367531	183.34131844353098
398.144787914426	387.4161875609987
69.82438001824569	385.523619404668
3.191016597951345	64.30887450279498
218.86028862779463	319.7531202731634
71.74657748774631	369.3398325172723
34.35368937825753	398.5122883733729
95.20843269653362	59.63742617844776
72.55154089831377	14.3029814411143
326.2749589354877	350.7631833439923
17.48717038282755	5.7376926527045145
265.85431544547987	121.71749067821521
254.8131767508697	214.3872993696381
180.1347900653885	264.20569033876774
348.51072654424024	184.3492406155559
174.66646652708926	157.16420137250617
415.2643550016496	12.23823235341817
63.024560187539464	142.1667718165784
208.86239778478483	54.74672560045633
178.20629572116087	340.2164891302005
295.55323264707243	240.2565360206707
256.0104512473399	318.6298246686985
136.1687790821652	85.60213521554027
76.77861910042559	257.9580475107568
324.1779566862282	385.7977285090925
179.12096479125287	235.16806257552545
76.04237632237611	80.66606454619055
271.39857410919933	151.39039273003954
394.1225431822564	332.94176394606194
6.645443008947741	155.5684706241878
374.4246611286595	143.63768083936446
158.49760026432983	60.25195969914602
369.82425260765126	380.4926418241784
187.17753457481194	43.675637264346044
107.788809514779	233.0562659323943
380.7169454872978	118.11788775543418
70.45155356134404	221.86799321448532
91.04174167079442	214.29830440254804
30.812431888285424	63.02825556249869
417.69959219954427	138.0717954623027
28.021786900162105	205.79727491164496
77.17525631477383	236.82587559747333
261.6130342507117	94.86632603222901
151.5513646953465	84.55329195607017
160.37501036699484	216.1014263350785
227.94670098056255	247.91937565144636
194.37227682192233	59.390524149199955
358.29428410665537	329.459679679235
239.96886302250434	150.1197865219013
94.92067030206523	150.2783601233904
102.79439402031254	342.20215567484155
94.55109879680982	288.4286532477434
186.91608131849134	73.44557957357415
241.42025095031403	337.5057043164721
391.52238894480894	180.0291973036428
417.48683046048455	413.24269830682914
30.68877389862743	328.5885694581797
231.74575319230408	398.0550323364933
222.45344617991805	161.98125586778875
399.4637750835532	13.270335233023843
127.55126487303944	347.0712958370243
25.232077922181574	93.02955172369019
372.6412436876869	323.29758288077255
35.26965042562691	265.04986595708647
345.63321108146954	168.7764003761648
143.4344936781561	111.20714224764008
171.63855972103653	80.41328719719696
211.56095893039182	251.82550873557412
364.67107469680775	224.37490879403404
351.7842480417546	405.2786293460664
83.19635380408357	271.9859624358946
122.65791546992446	197.873091298827
52.33671573075252	305.3849073086874
406.70930774597036	282.0709266053853
326.68237551810324	194.4744658302496
301.1814547159669	26.98439683505255
408.422329863266	261.20377614603075
110.79688977787877	52.38678958455125
106.48837727220109	9.382551536986627
172.35262850389555	280.070888597808
52.67954835141334	37.469039443077705
255.0860462668665	78.60022430221699
240.2790635693224	306.33750198854904
237.13648346347298	77.68491328564718
185.37728289043605	143.99325780003528
360.5205984269193	116.09643222825657
195.04768947389067	418.7536579140161
373.0581252825888	0.6021694927699107
377.6032604983709	96.41868004149312
390.19150925408957	276.76540726750545
359.27255957534726	312.46927331117683
289.1019644525158	44.23998802640755
72.30151910473231	121.58909710024457
283.1617996833685	210.6310820677432
212.3304931180101	198.9469572654521
52.721408480509254	328.1039646256529
238.39942364975565	24.802760886171807
73.20050329872696	202.84371999467217
406.3068040166838	237.30234599693904
193.04071502331433	179.65027504972392
336.5688575280903	117.41515403238688
349.2763870504115	48.47699434267655
296.8816408423285	57.80825196715544
40.902380625459706	215.00465067110903
339.847738241337	378.23543542045866
150.72065693739663	290.0801250623187
360.6937875160058	173.29401089805805
85.85650972181386	332.5144222808821
380.65489023737973	22.051646043512502
387.1075061483423	415.15618872892577
152.10526568685674	31.777004080148103
300.1917960880183	263.6210366435774
292.2946476774047	330.53744841357803
305.33228972150096	198.83075967820616
289.1460898812559	285.62874080089335
280.69045572438534	302.6214578077772
225.60047336632084	263.6572248982569
260.7379156744514	239.35649884097583
392.7118302985963	314.7796885612792
411.19579795017677	326.7246249296369
335.9509486217283	142.37848175737204
18.206997086491544	124.08646557032513
127.22501445074506	293.2496941243169
178.11580131074697	370.07832508450326
341.2699086512218	62.412130816000776
129.802191524904	412.6413009079874
178.45883659297627	128.56568704670156
187.6566755448468	105.7841433801119
273.3177944914054	319.54427253652426
407.47216618332766	113.25049586801308
39.69289421889233	282.6501014500721
95.62850208638216	379.5140621056956
170.02336492493296	179.03499553543355
89.93439740464162	396.85039246618885
288.11123048361947	79.82100362852431
270.2261697580129	72.33930276687958
175.40221272596148	57.59728557330703
261.38131871977396	137.74143318550887
250.3707789191783	124.67303265920536
321.4928934107134	367.61117067881685
1.637600781064336	289.67739918402077
266.7507138744647	0.8037938542962967
280.2756427364073	57.553634846462614
184.84834202249658	203.0397238485384
230.33853401048086	415.30441790950846
395.20771498622236	53.249171007329295
116.48103465987568	358.05687311986117
91.19687050366278	250.8437722620451
315.4140460579171	90.65857293040288
149.24840320949207	348.81538652702653
382.9219461805811	396.0461694378011
83.11949209243444	25.77813186751726
219.33379500588768	134.13704379281867
27.341738408992818	223.190467290926
325.60745614382427	32.74657794804785
329.05660576412697	214.33904594885624
209.66881476025156	377.5209720414442
58.63102880210968	6.340564008896155
288.59618330137374	138.5971718032691
203.52708188134696	231.91888196293382
60.336727562927194	64.07116574560216
229.25919130881786	63.81783733589939
334.5551613523298	82.04371546143557
173.62296328248937	99.2573300797294
322.2243082886412	104.81836201262077
215.45266163053867	101.42223336267695
110.07067270016833	305.7099849736051
179.163479849932	28.36739560111546
369.1721760213304	49.284390289369924
407.0527880035714	343.8691200007774
90.61863969368261	198.02464227925333
320.68421932895365	278.2862130030128
342.08273425614334	322.2320395743587
312.428834874523	237.8389686615705
42.36876287186449	240.69131832943984
288.14614164546293	155.14745900531625
103.3986514565191	405.9208622089151
264.5496676498673	264.8864449157458
148.61338940900237	46.584184916921664
115.66304441063184	156.65355215118237
253.0488185692027	197.65005671931075
137.73823179502358	279.29691184138994
202.6749099882101	72.60219519146167
32.359763171644	43.946118746862396
342.6741581233272	199.9053664413023
286.240074525826	24.807709342470385
16.533201966057934	284.8240200232842
134.13248688665792	11.929586203175655
192.78517246245855	21.680413984152764
251.03415218234295	410.5873849607107
350.3177506001312	270.7922607428106
2.2519978714822804	120.15310964139448
23.50563292811974	19.59642675552644
192.08194606279554	120.62481527827634
222.97386065299486	114.55434321007728
184.32357344674105	407.5334823655796
208.36103499639964	169.98572303630158
114.30599278442014	252.13655441764982
64.26157676668329	248.00529178346486
286.90179988877173	254.90411553250095
86.85551563796623	350.2583851879501
405.0304801590478	158.58103649238794
373.65881004838684	191.64324389670648
278.3615582357442	96.00112185853685
137.94513062985345	67.89580825859316
63.3675333190272	353.40543804458315
151.72724000581724	319.52559009010355
16.171399199104023	303.12692353812525
107.93952842999161	141.32364745316576
126.84153836071927	236.38709409581745
323.42441341358597	71.26642398036121
48.40226804725539	51.926872276893995
207.5327228639795	401.01201258875426
38.54883396361717	366.4909959988311
204.77064729879703	281.33502643425595
401.6516034128351	358.1322975260026
374.3212075973737	358.2433450820814
115.98934243745423	114.53765371797715
290.6777686166841	389.55063423689666
280.3732628344107	112.13667531768209
327.2628096507434	325.84248460825586
108.79537423010565	188.5829379128863
305.41722233163097	43.94929271907386
189.8875611256314	224.40711081854306
404.8494333449944	64.98148902225202
227.05464358054363	13.321090196011975
91.87257506400435	306.983618447614
363.1573502052977	346.6983500845738
268.06852351738047	185.97843513934362
91.31197055287721	78.48311031076395
224.6982719871307	39.207166839520795
257.630008152214	62.69263414595809
198.88960503995983	264.30530375713005
385.24538171109486	154.49355620141873
305.1363138863166	76.08677210213315
321.6076239418572	149.3822688628693
306.4360133785867	132.85368942615844
125.30409151038228	386.35019845755596
51.33716701696997	260.8103054828332
401.00645780852	407.66721368656295
361.8986578987852	20.747027592674836
274.541899333774	382.9144361004575
190.15844410590418	318.4424913530459
16.669841737745056	388.4961636169901
305.21786835724635	107.08101424897123
332.9833195101171	261.31697604667056
205.8840173465636	338.81111244598003
136.86878873330346	209.89495418714898
263.9368564813102	168.45063507374996
301.27931129513183	354.5580974799395
321.960220900078	410.97809550577375
411.1853280973604	42.094639064581536
200.6482685201486	213.01317005930036
10.940489908797757	210.00655782587296
386.62858649964704	261.1377021895564
413.9575090098224	210.6229386520895
136.32782640407055	311.1136335560661
208.55790449985338	16.611317869328314
154.08522390434814	393.2812729661694
55.18291708185075	178.4676169398728
20.912701866469185	348.90730237453175
41.72860280660616	142.57345617402098
20.09862653959608	146.0829026051448
134.5790272244842	144.9865794244521
393.86764628819446	209.605320091402
12.868735728886929	240.47929467331772
335.8579259240336	298.3801750689426
385.435951966853	376.2421551886802
124.44976291400954	41.42449782342155
393.3876574454985	101.28983829499977
97.50932318645275	362.6851538633819
164.24685328175724	44.263401446466936
10.397775183647001	50.958964865718684
391.862739283151	292.8992458455865
71.83719395890492	419.0743078447471
160.97769214965567	122.33811711030707
340.55262544191186	30.14949833984798
247.0026576118408	382.5274177551688
136.91182052921226	30.0060469485756
193.53224716213415	350.65328877786976
414.18419964798954	397.53111646744964
123.98287951069663	269.12375233149066
258.8052358137751	14.751513818177841
225.71466898562497	228.21432068788368
38.26414107623294	29.860006007899276
1.592936951175462	224.04429623854762
357.4667249221	371.50856939140704
323.89153345072276	178.61592372633422
146.36024009875717	187.91308484436976
0.049931750441972365	98.5595644311464
163.53815935806637	334.1060778117109
417.62943897234317	362.95870438600684
112.39933731435443	373.9482047974218
50.12250285822161	164.00940991924247
304.9794520545668	162.25773410985224
193.90839990269083	89.01242400726117
166.7004935290874	404.424138813286
298.8137127904372	312.4770717934985
306.38051121042986	395.1605674194804
363.0265617132042	242.32803142812818
359.8748898465234	284.1050396214427
36.05677640118006	347.22246253122813
7.295264027688012	22.59810992088003
384.31957935886925	239.74111905406184
340.2142677037038	395.08785187695975
350.5708651210085	127.46619842555188
174.75209987431978	295.3527299246108
223.15633059610562	180.43757963056623
101.55221282813363	105.53868884335604
306.7991377766	378.0406563110209
18.86071014317601	36.066015854800995
374.43740488652975	307.02844630305174
273.5878391300123	33.553715057442204
68.62405312120394	338.4306856628417
255.54191522514122	110.07848671799603
265.08645825212767	47.76709809722327
222.40673890193193	282.02594932034503
310.3456192658228	215.5646302859162
242.16684709485807	5.603035057332656
79.19641022077444	148.9863754144708
212.36756840344822	417.8937377031825
351.7883606108532	142.7932701984583
124.81971400811602	97.95778990889393
56.13907672486416	22.663869730367075
145.47125823311964	418.66249423863275
296.61524323264376	10.530558997056092
6.181680304338052	342.64490601205506
397.42361294861684	250.03811581392762
246.33234727866054	164.82736084485992
289.54965873685694	372.9630865823703
312.6233271620664	319.0047262639706
51.849672568941905	127.77668087383437
119.82286690764678	81.77591322754687
391.39678658736847	129.17231099655388
283.5483823054426	177.80042614955548
140.71751092409698	331.64757278253234
318.41373753966593	56.85634645227846
159.63819211059294	264.12298350268907
22.066487176204237	165.65169954045277
129.84521491474462	127.47120052599895
326.5936515212828	5.820685469863412
281.0640666683843	193.68098119142616
299.65260052805354	90.33475232456252
313.85068583518864	16.597356966808896
394.00119762400254	32.41153719756676
75.87493721787723	303.0203206187597
121.48982353735231	329.1918102269568
241.9786288827012	368.1174895287266
258.75869638418806	392.97608815666257
339.46866852489825	100.15428506334287
168.7458604291377	385.7165798506627
70.64425416941873	319.9296766076352
332.788373518139	235.36734843119433
60.57455165562509	286.7385197600825
253.61626530960385	37.70688698124213
402.1776342113686	195.90558626850188
403.5547012069418	373.2962997926477
248.0670447070426	265.68284013493775
167.0825044851951	354.319477412747
1.7785966287132704	312.5028957793348
106.37723220265738	266.5034205060942
162.408773195643	307.9715402145935
14.82993486634992	258.0534595631519
218.82526131091447	75.32006326076635
138.44912909780814	396.80169770575094
56.28586575895424	373.96449315166586
250.7530041083312	350.5357252557869
404.5012178818721	301.829543681773
192.74392129605965	163.33889733079036
210.8914355991569	355.1906870252779
14.474876214136522	409.5822899311192
35.16747070773451	308.74542189143546
236.7841120357117	50.484738642211454
321.4010706590224	120.90713282594261
408.3225405259339	80.30586540790198
348.9087829074751	353.45876715535934
384.22080319450913	344.3871493887519
356.6569586034166	76.66946814280394
382.0227445192883	60.85017034903576
49.49167773347636	412.5350313111041
41.7014228945027	14.241736841769663
3.4322754962428803	379.2512999730123
242.9239815999134	181.6729774945827
258.55277027780323	365.90041636028394
224.43449121592604	339.7786157752999
158.0777684325239	366.90958461986827
193.92204170992522	245.95874360670047
137.24465026524794	258.1502997727145
156.40255377117825	237.8256672050906
154.31047004805063	161.2796914869414
222.78506215952098	385.5451142254311
294.98425103817374	409.2261253077996
