211.9377429203003	66.27423245174919
404.4816604189783	393.3432813715342
379.9515728596561	218.44733382558368
349.7062669530481	346.3762394926837
409.8264470169128	338.6077820726762
164.7963440633164	183.92799060537163
269.93860481526076	43.085863311666245
92.97691553533909	390.8402137892063
166.47987462461495	324.33610551045956
385.38212561370244	65.8607087725636
309.3744886227614	46.674910043945125
234.27987589540254	153.88873375866854
380.4998390964813	100.67988132454354
213.572358682506	20.181172381887546
401.59392956854555	30.042538483148057
136.61584972605093	47.010270492443794
26.40003073659366	160.04492497207858
336.90955042853597	177.59073323079718
261.79270091541485	250.80455273011793
23.22076446863348	180.15257655114547
162.21428472495484	10.13600420795301
419.8045322538732	21.804776774834078
115.68988263415538	238.8853292251786
129.25322796321683	131.73314264694315
303.0583908397118	147.42852500609962
215.3686847961562	315.8784313792828
75.00339841656206	299.6435248636703
202.48431194064352	104.91310011107116
123.21739318217715	113.5797117419301
43.98930980939095	265.81893812801013
268.88490431504636	374.6176973208729
236.2754506034686	177.3190346687925
234.04120250646102	305.43813365062084
164.0833673225761	372.6896631006969
155.343876185829	55.92379012705228
13.954060693456213	366.73746638397944
101.24144857225915	125.19895641760557
339.9762370397989	87.43489200067248
183.68673652842568	191.88880854230956
294.93277892762126	360.576447446604
36.15485581244592	417.24302824030815
89.94617540893991	187.45261892923085
22.170169825804187	404.1533970828422
205.02388482891763	334.6897410252491
49.516370383460476	95.31172748861223
159.43795555241715	98.42164983692643
129.68082733229824	335.5558623098904
243.78336485638	129.8603264828849
230.44050933033762	56.658332735448816
259.6900371638511	178.1881384474551
373.4232063792532	295.839672790106
166.32692642859521	232.79572155380563
288.63733546577134	403.2864625424445
143.54359651015957	15.221695147356261
77.73292316588464	277.847731100046
176.46321672395194	41.05256960316202
413.89819286619667	376.00063667455214
369.1869646639547	234.70178945240806
48.49479417049477	360.14561920965133
414.0427074878538	82.21528959429779
38.09983563923021	289.603604419444
100.83106109176013	225.36062043593478
202.57846477792515	361.26406206392676
234.85952680857875	13.417497784143857
274.7558804248595	202.6373972612802
176.60715565697438	61.915802255593164
335.16045754552766	213.1139824689881
330.93313147091396	240.17037725374087
198.09156969638673	208.82746367055296
396.5027291774996	229.31948117341676
88.10946888169909	9.987360734640946
204.85350242604315	188.08955876008685
260.124449502078	311.3791509635287
92.66166049444334	143.9014849782098
373.8363867268845	368.7582540423578
341.3631698687494	66.34766348491794
38.16183205724884	36.259193332313586
413.15932801246	245.56954358105853
71.37334123867194	394.00744950264914
297.64964087274114	319.12798052668273
42.9963504051931	190.23311285074894
211.53304689260924	273.5891479833837
240.98842494116974	245.3678838756401
78.16099590124253	30.24523247493785
4.692216928627587	284.54071247721316
187.6934247890579	80.760561042469
389.28181114364793	149.33681545111787
268.1014848094411	336.97752877420584
291.4180813550171	5.238159127924988
397.5956989047081	262.50118686250414
256.91867175459237	70.98643440640427
279.68578087930194	178.7513728057071
306.3067131994361	413.2545978202513
398.8098740624197	188.63073525929735
377.08197586349144	195.1044673355296
380.95840827667826	173.46202384827575
289.72894371713403	276.45698936782867
307.23934800536756	393.88734302251373
232.31314890334343	369.5186417845785
15.845330121364	237.79532445369244
152.58035407717728	155.3395960331737
308.2352813635474	120.58394381426098
381.7386297138262	29.62763738573159
64.55893617458274	263.50667796736445
55.23040571446328	303.1546267904775
267.76026009593073	230.54195979093484
88.68350171288887	314.8558323935249
197.21045950468846	51.3115169301641
325.2338834442896	402.2083777185739
359.9726278925933	103.95931994339038
230.65035638220056	274.56611793997234
119.03219875912616	24.96011953448034
254.40015878890287	10.94287490001033
350.26177509284105	48.38971164475449
219.90087832554565	292.35228706274256
263.23143660214475	276.01717185778966
197.32637355873266	31.63379716842141
293.5198752966517	198.4465368348286
322.36126277935614	72.69244466965316
271.2439966089057	293.63961684019586
15.009425835693776	141.58586544208447
167.0143121914964	349.414004736907
164.09291803330763	286.84032116497457
238.9387313948083	108.69241708541428
117.28037115021485	406.37266003086444
412.5318702885774	125.12254138145006
417.5654857159183	356.14641962541623
369.7937551054115	258.48400075888526
260.17751002567854	103.06471101364048
213.61169514018917	378.6354906442133
169.90540065863095	118.74169887055527
351.33220196367324	7.211959629614854
201.20387955632327	230.15346206184836
169.15509730453076	411.4154452692584
4.6075821616232675	65.00377036094214
29.23079201160352	354.62624293887467
311.0030432939012	213.2229386455321
21.422683973325086	322.722101807719
108.05631050608241	64.9740161786164
288.4651225011127	380.72659116694354
73.93054978217774	246.13620449667903
364.8055895075954	413.0612037893704
133.37910818623217	153.2482766071057
239.08401876914874	345.88067179247906
146.07382372843267	195.18290558314465
382.076969501282	392.02545540053495
323.34090874022183	31.165501086732185
191.9160703602408	317.3266641953722
359.9098755489665	277.72267332212317
277.68504519589675	320.01448418924855
118.2517073894518	387.1464241330449
343.13309372130436	155.08060877855922
416.43802920349555	46.98176853698093
135.68933342964053	398.1166709422966
419.02145264936405	227.04319341586273
19.41433878938273	45.05211400097837
114.13536172898394	46.490014632121834
155.72172731438522	248.97587798513777
220.78178902656413	354.03097267901313
141.2503545901773	286.8742165483773
403.0757708309164	282.6466659609075
145.68196014392788	75.19395786021619
279.1126158815578	23.483960919855015
42.06508815157642	56.24687263269519
309.1342455856608	339.24508344474293
396.6886240913133	352.7309385769371
115.79657309169077	83.10099125472432
343.83413997243906	323.67917003056044
29.693450261019667	104.38213966371896
223.059771299654	97.88040173713038
233.84796236193	36.40186199643085
88.96116419988533	110.21899706227856
126.59595395792377	270.868862500374
67.3285916500263	84.3622839385057
81.75253830013138	224.1996560842614
213.49509050469345	400.38344421928474
155.74599466122677	395.69990618096165
379.28029767573395	276.50913571986837
298.6787501291396	167.84676501793157
413.0414192992965	299.66035058945283
74.37122197197003	50.13730831655261
142.68554541015212	174.32574221843728
179.80804690396346	298.95926344765303
95.41998458194827	50.42565577139471
278.0118132318034	95.95783460326318
136.30498486567254	253.46007921343653
36.35360493776445	210.78949954376566
6.787569991786147	162.3197249299527
342.9383291411082	114.30172008835629
273.40740196019215	416.8711083239455
42.50587207155404	171.0704065502519
365.58118484408794	122.19935838502562
27.591928825742993	18.337842436808977
83.84315511310766	168.09876428040425
193.86359528688493	378.6429079230833
323.2662179498415	197.73042331939118
401.60832583548245	109.4611940363926
150.56474744372244	218.65519475520048
220.9642090705906	256.5841520165754
363.0561569004622	66.40174464866307
109.49469286688743	347.1338903523195
84.67625689426124	68.79183540267063
108.88830852856262	258.2556093581077
390.4800134324431	334.48375627775266
16.55593991721148	302.13764429442205
307.96849417714986	185.56897275629555
48.762421092150845	18.85794272730365
248.8945476139816	50.635927574251625
167.82693202770528	81.14544958067148
326.7002955513673	128.75169499452764
345.6678902692422	135.94279465877068
394.94678492779536	83.14112901917305
121.354935090735	311.88430505484877
70.27667478480869	321.0269001246837
328.2282626630923	49.85960219404603
168.34644183614697	141.82648406041656
189.40300281374385	119.97405487919148
299.3057671323909	63.01243678133098
61.33010570189182	64.55910925503922
322.7196571545699	263.2270109588852
357.4234651060109	215.98690378266303
388.26944225288474	123.18855857067345
348.07045730545013	198.9430646092735
411.74195705153954	147.63999168793637
319.69507623802076	168.16813076420448
286.88783482214865	78.44914636547382
62.79496877774165	169.26173978842803
215.4600952813218	42.68617130611539
275.9262837017283	356.1579080615073
385.66788523057545	245.47113143705576
171.89821243264691	261.9134225276683
417.5525546301308	266.1751230602362
306.02155777336213	82.80675490336718
126.56276347189849	3.5757211289095165
228.15511481768257	330.14377937092877
345.8546930155128	406.41923601224306
89.09980389666673	261.71260291818214
1.5497244913112493	404.79190067773203
73.28660990636246	149.97780918211018
108.0349691296824	9.25770684844477
206.58586686318154	131.6905756814703
53.28466686804515	246.92429824423613
124.66415455602699	365.8003500448824
221.0557362412935	236.73100334675314
182.47853640889306	245.00843246423014
419.92935964723074	187.42606332156313
266.1875214888321	398.58666012927984
225.09959748610552	136.41724924893094
42.50699708391687	395.9752516420912
288.70179924463423	117.77904386239891
17.455596112084518	198.859465630612
150.82982830764414	336.7918506994654
1.00864152124678	321.01240119702504
217.922948967843	171.47639087646726
186.78394250435898	2.55004051072463
85.8428425719538	90.65858925085358
307.15351103959915	236.99845896901056
68.00092540903752	111.31493687440017
311.83118632774466	280.1494966819067
372.32680228606966	47.56533145596864
14.70102405499829	257.096863935292
150.91810142980447	268.62117191838684
361.7069355357097	181.73191685100974
200.37660333648364	292.74349725847344
193.72278033467802	165.9755433762942
96.11335145989233	243.94029766956854
17.00123205336847	385.72928222034926
100.4438829202793	31.423690891901717
173.88015299406953	161.35876050348037
185.70689980109591	336.54837069267194
258.3818701733215	158.74184070418212
289.51931850916657	299.7892587515806
361.6033031242692	31.706047572299482
189.05958570950068	146.4484174371325
45.850626097417866	115.01521681210322
288.78019061581494	336.5701997667485
18.40103033457306	217.9481823750773
218.26137105610036	116.57079740707015
183.82896839981436	221.71480397054256
350.1078604660737	233.71285221420288
67.36190436915489	14.48336277636169
11.163504154754639	339.7479978021459
59.162921066167904	38.331103275747985
181.80791107964959	361.52109426944537
122.83362552010287	171.4551333680555
280.0228261325937	259.32561072498606
370.6517998819653	12.6611715313789
64.20275081996115	190.4522552853839
250.7088440219627	381.151387277421
35.05726560500035	376.2173094220692
230.55696961286625	414.5057188197778
33.48506248853774	135.4943241807653
0.09612163169798307	101.26210351584083
35.859461853587156	309.356026672997
345.34972831078977	256.0079855279957
49.264103167424395	151.002691979438
269.9236419898404	121.22808941847157
144.81737359057485	375.7391552234458
206.44984347777293	84.64026678691783
338.17821432098754	274.8003280321754
255.99379598552144	30.020200202300007
346.1942411032738	295.28700972809384
10.505533207766645	2.305946171489074
340.77062680639705	387.4664639424318
376.7013524352284	349.0667948120097
301.08080866408	259.2722327826816
146.71461475954652	414.03919803417404
300.61367757498385	102.87088945496066
111.69138407157865	141.59434981240986
57.72204989349022	129.959362429401
369.53010728769317	141.04207455506767
390.3020996479044	12.36582239959142
174.61375235076076	392.690672807289
311.75192921537007	14.253330278471376
50.80466644883353	322.6933172857323
120.09156629108713	218.75621579884313
247.12900825198977	263.56409410040015
319.1235385327114	377.9081346321532
22.69956587761356	275.87173213131604
232.42712783738386	395.0609709404474
297.91969951105875	29.179628128122197
253.71569012184847	359.1393533886208
404.7549834221544	63.121997345892
286.3556380234231	240.44357136964166
229.75159081324693	78.50925860647169
286.2070713040387	220.97942859063642
40.588991310773146	75.76046043225882
257.8527761107442	213.61554889866633
309.2605473865026	302.14936080524313
144.71069440364627	355.91342826075396
134.25684927223685	231.70126263752113
32.7637445568037	250.10040313476483
129.2283049736884	65.02032238125156
248.09428201692202	291.8811209962856
392.5249455014172	299.80412412800945
362.0986057899425	330.3417631251836
87.25217959320337	334.7152311439357
201.05176389514224	257.3212639185523
36.55274069210293	336.5197943654407
342.343683069145	24.17958607469909
96.44203552691587	409.73204750251904
326.8918517059489	292.97201623380187
263.445669612417	139.3647752692373
78.9451513768081	375.24593636891194
362.25241187558424	162.1070993964058
391.5852143255103	410.30095810401826
57.387217395370264	380.7857656898059
392.56081113519974	47.997700334685426
149.04630371050317	134.82617638876772
407.01113137316247	2.3943148584789986
23.627518948812426	85.89299665290115
334.46916237643	360.0040305762507
288.96232725972766	46.42401890077731
106.58572343323297	102.84760521143868
58.700364552987644	340.3176240074353
205.8647573482798	0.8969611336391639
158.06406802357003	306.3509524553145
321.0182920872332	323.3225212400986
126.91926402111227	196.13838398191433
241.96912086978693	225.23516140943045
328.07753728057133	341.9238056896595
80.10450644444307	203.88101518808426
61.768006566550355	229.67826056515992
210.83044174282932	150.90293715441794
56.6352248363847	283.85929769070043
280.22356236662785	156.66084184080603
249.5367896156096	194.64687615506503
23.690119463021485	66.60054544881613
78.51318477880709	129.67140953810528
245.7723725140813	90.47031616610151
321.58843592305146	106.0989603286481
143.39779705811878	110.80659623639731
38.772230111333016	230.71262215090854
142.9427503654383	318.2787694103764
77.02539875174591	413.5923226764264
102.50561325615972	301.689722885286
121.18090360464205	292.38549477697234
103.55771027277919	371.05495412332516
221.42805598337935	216.62244303809712
109.05524771451826	185.83884784990536
192.24054038791277	403.48515626843624
108.9407242838775	327.3837259461943
276.43934560941346	61.65539206868513
315.4670686681172	357.2495078941363
393.4474794873374	374.1257723103596
167.79912221191898	207.56801940364613
190.0707380355397	273.84621509914757
285.91973259215416	137.35632567216834
360.9427965121873	394.34537790565327
70.03301373024729	357.7483078425119
60.71004182453116	209.59102947130927
407.850247305258	167.54643859879113
330.2174673931222	4.23524486120079
359.6097248468482	309.85043443347956
367.3976676518734	85.47269247861614
397.4630202218092	208.63732832621838
103.24462581391509	204.3657795840129
105.13499463684613	164.02344136655293
96.7280044410764	283.36291614149485
179.1951075856218	20.137849762331737
56.40533322394849	411.51459760863077
135.46164355550516	92.42304821288795
380.3220927517453	316.0722525539852
322.2364219766191	148.07623286536676
419.5128151351269	207.72746458688977
14.98868631485654	116.90514258655024
400.8567255313072	317.9611998991863
353.9761268438233	366.0455742942223
250.6200893182606	411.37740752148943
182.34081530248756	101.86158714422622
225.4696016259787	195.36603592656837
89.42925311334858	355.8100222714168
157.88097672542708	33.368801612591106
