208.40578545931848	63.3579097139261
407.09795186201376	399.3911991361994
362.42190949886617	220.29331836266638
360.95299309692126	340.5652306014662
397.032372527952	352.1528562897348
165.35501956517416	177.64761769606196
273.9719309754415	43.3935623241948
119.74268854763801	370.2164842166962
177.75499679112622	323.88945416070476
381.7358867729369	88.79366145035229
330.4823272390253	68.95034951786512
247.60229657988307	145.93367096435327
388.9379451038994	110.71828020135986
202.96952146990216	7.426112075880426
389.52495951277865	23.935162546761553
117.36209086727207	58.681710856492714
43.021164221736505	135.74790147077314
336.7999457538488	164.86827873297443
240.672844982089	216.55464346497973
3.5243146790080786	166.00874238899715
142.92648813938817	34.86888485874176
418.7112687131373	43.82975744844942
104.71602064748672	239.22349314979593
116.80105267628589	138.2401853115712
304.64353580844653	177.51688238080666
220.39715796245304	312.8045259202515
89.96320470544173	317.8507895810621
197.93089076071834	84.89033822847146
143.11141081263074	136.3268595727996
52.91057505844844	266.84565125688783
283.68227290575004	391.4537079106517
220.03615912030375	178.42245937628164
232.95985532971673	291.07889043751993
159.315885098676	398.5259977886211
146.05327468409428	71.96894826281618
35.1276627524413	369.1316832167599
124.30556349104566	126.02416472015781
351.18841028432917	85.08230733171209
178.72428353531612	190.69494201061735
305.55722640741794	370.823440172414
39.744495236298405	31.87400678696541
72.43256199373194	171.68083011182534
37.2998234029602	5.283185729148589
202.38365633094236	340.3615064253536
50.317392788625824	81.61050253425572
144.34485237012748	89.54377659651631
141.1706834271863	320.4822743765048
262.11137549313196	143.5722134727565
246.82466180201095	81.45255423623881
236.43486495454474	173.1736126630913
382.19057498094065	287.2415899402387
147.08549580406265	238.48697579998904
292.5997044658052	413.56071078187733
126.80259962789981	19.86740225200729
86.29575518827434	296.16508873205436
152.47949355151465	49.494787533560775
18.812858034319557	393.5459130141979
366.9610760148668	242.92586269302655
55.38515552881063	348.21880463965823
410.85892692151566	74.73543626439216
60.77537067793175	279.31096383880674
84.46431134817644	225.64680887687842
219.72406531818007	340.31127865802097
248.68881813847742	17.520897460971906
286.2732850479889	204.4654619232468
158.63850835773104	84.66466276003355
339.1615004450921	213.07909592550982
352.86307346061534	256.143411214753
169.7720539480886	207.33299853850068
395.70720880657996	218.44179664959958
84.1768623970432	0.7714218522561525
187.57424927066964	204.7729389386124
251.08934054594178	292.31695964182825
81.3097154148303	141.84957871224242
365.4029719915679	378.8341509265829
346.64829702410583	61.90646021701319
24.18635010044892	20.890658928543193
403.3216730093586	234.0428629509199
65.37792613493838	385.60528668799975
295.32176051720785	334.53714839237904
24.376919521154665	176.19260820744478
188.26576185141292	260.4365085629522
243.0485798473547	239.38689899213946
76.0445343214316	27.171426690306447
7.262101327625472	269.57523624865826
173.3157494944823	53.87735053720654
411.8262611952925	133.8184336497799
235.16851711871684	310.1399730394112
320.84487813908527	12.690942151446446
408.70947835280236	249.50740121220412
279.28141571149155	88.84570562720387
263.9424808725832	189.90322970468654
323.84562211618845	402.0479725163459
391.9086280747097	186.83076375943435
378.1326820924465	199.38416760754882
386.50660185206647	166.3861711127791
292.40459478302205	272.9183751343235
334.60586679115784	389.11079020399427
265.9822496877104	388.65376121148876
18.308575255335207	232.27165222140295
148.06270937803535	150.24171021477244
324.2697014600246	120.70895419412508
388.3369413681545	43.442194487772674
80.51626549957534	262.0436659559916
69.78431379731619	302.3842153676411
271.1888125693743	211.78028860385697
99.06350866140198	328.5118078555588
184.62297030726083	35.168122310161564
345.1368709155784	402.62764788070854
377.2256670028109	126.09405336947792
204.93852919494628	266.33864053047404
109.10459564728457	29.405640316099078
268.0713898233444	18.892397183323894
372.8844162136023	36.405648175705124
214.23378616408914	293.9127279500251
281.6428759616651	225.80191642786235
182.55299458098617	17.068364726744285
311.32917003746763	194.13170528502513
326.6382761226318	89.32545313436908
265.3379282204783	273.8068857692163
21.314695445059822	125.16140292704492
139.4145130527991	336.59840217033667
178.07133959485537	284.68113744687946
239.1689926324509	117.97816218692324
106.5972263646864	407.73973197840365
3.953952165862868	119.6476239129735
415.934964120894	348.9499394025843
393.9895960060153	269.88285855011907
265.5759115007993	106.78358983367616
220.53216954819447	371.81938097156063
168.48803647993293	118.94630290528016
349.5804756615884	7.554816702772006
164.4589076334676	224.14785546922352
150.44450093991782	418.9217340182368
2.8585630037704925	60.836011593647726
5.298580578446417	384.6083634689541
325.51159205784666	198.97132137470217
26.384298993906192	316.7803905193633
102.58971020787484	66.15503552861469
295.7611476714028	381.7046565356488
76.10550518008476	237.7184414463075
388.13193624747845	417.9071639808218
112.278900897517	154.15972625685853
246.10859448313042	351.78795665287385
132.48046841505158	197.8103261985609
391.30539926215295	384.00392740804705
325.80001169761084	48.76368182926333
190.21585963535682	307.7006482286076
375.2798117313111	273.5206867629102
265.4998424310359	333.3347875754079
119.4377686276529	390.55804888418425
356.0688354912504	159.3886088064139
400.3964917189043	32.81197294702998
127.65955154421631	402.58219010813536
419.8096575309004	233.05381210036563
14.072673025602784	47.08989659591416
122.49323751701442	39.409216087003074
160.95829127766385	275.1741785372543
221.56519731551163	387.69995663753093
142.50229205174904	281.2399937495024
409.23761203465875	263.79998121416725
117.39570686447703	83.89088717018991
291.538802942848	39.909699271308185
29.22394373477101	48.18740317680301
315.08168835164633	339.42511873224015
380.97734734024414	365.0507620342088
121.68249367167363	110.72903180567097
345.87334395233694	331.07212450822726
30.59247955314971	86.45433615088261
223.69041698432636	104.09385691453211
227.5823445197664	43.84774482110964
108.4973079128831	121.69227305262345
139.51860594009494	252.66720749954953
68.82631483616713	80.38132947872074
75.64512906480847	213.789517693984
180.6251364028761	403.83210044614543
130.86724576197048	1.9053616843778582
404.6645935302364	285.43135260001685
289.80035158781567	181.2712125114355
12.130185871498309	297.99874550166015
76.59981702930993	60.27690178734447
144.0223874818557	182.879701179851
174.93612848613213	304.4159980018906
87.10456461922124	38.83810061399923
286.55044938043727	107.77298519028614
129.47598258422136	233.36938718406657
33.5137219511226	208.93960271378194
6.741553183443735	151.4362085940354
335.1006989979391	108.23686906527972
282.24905195952635	13.842599897104494
32.36175531610477	161.00499541385645
363.1067958670633	131.20632701928713
12.694281120381307	12.490808716390045
61.583953934359435	158.89485004345676
213.37030917973595	358.95924429961605
321.7036103650452	184.56298939040153
403.64417314800676	111.99970901604493
123.56092111909548	212.92466660938163
220.70554057221582	253.47014203316934
360.8393709028462	73.69190206451792
104.97907106690354	344.9590636188841
92.77975523261901	54.45355908389642
116.62733373549864	267.7282592153008
4.82381145237726	332.118558469013
25.997746390844334	280.6634273105949
315.7731447704378	161.07063971392714
66.75899187957083	38.91998056060187
267.3214942658689	75.56064099196502
175.24568428788768	97.32062450751208
356.06787405689045	117.1679742398779
335.563994410684	133.57576915078766
396.14788719664114	97.6614798579607
120.92360924926828	306.38985125710667
76.04677566307988	325.76958555437017
370.3828491746255	52.73845600689587
168.46185077335474	139.1301649841378
206.39375512849998	128.3047890310883
310.5876385565768	69.83956580086532
41.93388560342651	59.11706170990868
354.4362533094226	270.2786639821778
350.58176781234084	195.2887059842521
391.8671392180213	127.46747906728939
358.48258094502756	178.84606298048865
408.12862831393056	157.02317562407796
339.50384768181436	150.9214482734989
295.6502046071386	85.34418689189329
46.23240509920433	155.35439522857715
207.23461992630763	34.23742264257878
245.36037834985416	375.47551263067083
381.3555867807892	243.56897693116292
156.54014366374383	253.3610145669041
9.637597128203822	253.10600980022173
310.13472432147813	85.1396589644744
116.21473898137887	5.089080457214074
246.7858871775741	319.87575881295453
363.6905180766222	411.927378862968
101.68959937685044	276.1669217905901
15.318978720107706	417.66555345961143
64.09764374858521	140.50451402004475
98.8684005030089	2.861002725919056
206.40448701965124	152.8173877300268
62.46653776482458	241.53939144321643
116.64645949271001	356.15564152015986
204.6394964776717	244.52981256742405
169.68313357910688	237.87806797782196
411.7951883411658	200.70352930513957
272.0289331273807	404.246869923255
233.290876013093	147.8569444843019
35.357024487919325	395.63996557363805
304.67267059166744	102.89909278383456
7.355126090434189	189.66283063185054
169.1334172684196	340.9480030402469
35.39926970833204	297.52624454485886
218.10935347520387	162.2298721741006
168.5835358577254	18.73649616752654
85.48525890888986	78.87585835688726
299.12079406259016	230.3165812715732
77.94860281814194	93.1831613711788
327.80648699415616	292.43263007586773
376.4216511651445	68.75999686915254
25.498541799425713	255.17371075752732
151.86343159882745	292.9629417740522
376.54958329058167	179.13312049026501
201.12943110268486	285.7198447583742
190.98670409449412	182.94910090823225
98.42589818235692	252.61365213696035
38.86137536097541	410.7698637348692
94.85022164098979	26.189362143972417
156.94630036543668	163.42437171019145
186.82085702195968	347.68262978407495
266.6768260365605	158.76958640223117
282.1587351830683	325.82709934992766
364.0947272830849	23.481059038945375
179.69375798652737	163.38190942367993
67.88207500507919	112.19295965788002
258.102707031618	359.1369452296857
18.780811506007105	214.9060391044147
206.3087266430878	113.91487093015316
157.17635609970634	196.02172870184975
348.75397843020363	239.7304408932897
64.63746309387768	13.530819421024
18.371159320922363	362.46254487930986
49.95996168588355	46.53056581561059
154.18941876020097	379.1725398025879
120.4611200363487	182.7416673875577
273.3834437142798	308.0210427333783
370.43157745852005	10.492577930571702
54.782538483198984	189.1709498370669
216.90704550090368	412.1183927936383
22.718178189685478	379.6230052358208
227.7124423730701	1.8390707888679427
27.609771620300183	108.02262783214667
411.7300023900516	93.02285463510712
52.22373935857221	290.57351698135807
368.62933464185613	257.86498635250365
43.33355001143667	178.25737023488557
265.66055524853743	122.43889090181477
145.05538936248576	393.66491398564364
175.52714839655957	71.3356415534109
343.7155292896987	280.24626483842735
257.6530719159463	44.93294073141583
357.0156487844752	308.1279891071993
4.348905960882741	28.348476419011778
357.9594373865875	390.7962341748435
370.14899273198796	352.555521223911
329.9053911986928	250.39137188651446
139.45316619219278	13.006642451656049
308.3503811591087	126.41981054809567
94.29465784881184	129.5151080125641
41.96056617032309	116.73577460906732
351.38307390206074	141.5738934376832
397.79338738108316	10.371696773174543
192.618504892311	383.62252925258997
328.64734053845814	33.60095818727413
43.35618825803976	319.1385964703467
103.73723235796729	216.06959243418783
234.9017316412135	254.89090432954055
322.45511279183836	379.8465046413305
43.82148159025849	278.8659778106181
198.9335084870518	396.8075997009769
312.0886724130855	40.89676721861784
231.12351876708772	361.09873996924193
397.26209282955136	69.15348367102986
283.5619745062419	261.784240969016
223.79324128860608	79.79858868453165
297.4174875366098	213.05628773635104
30.336181373745646	71.64139060398463
247.73151278009794	202.05357476536275
317.59624113413173	320.29191745777587
129.94655978323993	360.58855722408526
143.33029902389853	224.49757915210458
48.268774152489996	252.98065079884944
112.65107261415375	98.05516695772012
247.45485151815708	264.49725978236177
417.025730865123	299.64048257582704
406.70599015684127	325.18084371353626
90.01929843505839	341.6711965781816
182.20127162299912	244.53729414680856
28.952501085715973	343.1953765096297
343.98589575808467	38.317452277785534
83.87812365061335	397.9967190095266
333.14752947929486	308.36575948950434
276.0879601317703	141.60277931483265
62.4376533100633	364.0255994550319
395.4166954755785	143.29805604803582
387.3944279373475	398.7122210528661
47.426017026021604	359.9055748742233
403.44200921232533	47.003342001055614
143.44661550245954	168.1827713663982
413.70927929509895	7.06594143454203
13.144291392463902	90.16239368177486
334.353627805213	371.5557588394163
312.60221945466384	55.187363707568615
83.17394771431047	112.02234617050003
55.53117295088228	333.76220853028383
194.36902373173888	411.2951156427953
151.4858709374056	308.8376650669533
330.6202188150074	336.9458396004604
114.6482605144106	196.65407134173572
206.71959012631567	218.49653217726006
337.23294723259056	350.801353047083
74.96024968745671	196.4444849641152
55.46449715925986	225.02967091008998
195.9360788240164	163.00299589418222
80.38760917071814	279.66819477175505
282.35360968829605	156.67054974532462
233.87258554547248	188.02603913640755
18.270374968916023	63.13962697896438
78.24797271668902	127.67776497819396
237.01503498161858	93.9076519019466
320.47433110280895	102.94660017353317
153.53011786763307	120.922822181248
40.01690216416737	231.02739342156016
134.57230495966914	299.7780151332417
63.32738966797113	401.51703266808306
102.9688217481901	305.0410002102435
133.5161753233421	268.28441089753153
94.41312588515524	367.8933728698908
196.5271036978365	232.71240172679646
96.97838895840825	174.6976427083928
170.24291476977874	418.17407450615
119.70937560207918	328.3212469842192
279.32387010600405	61.61330941536678
317.92048623381004	357.5619543137224
407.4880904059308	377.04836770264376
146.6866527099857	210.4265581700661
172.16436968977027	266.09788252677913
282.90528037733947	128.5207909032524
372.7207909864663	395.5600721474192
45.060110348316236	384.8573167407804
61.18461432290503	202.96913987001852
407.1192538319151	171.32388950165023
338.2801040483331	16.25294350325362
372.7668632728054	324.93054267922594
371.1065096689432	98.28552268486854
397.02799318403936	201.46576814455702
101.47751449013745	202.09498678694507
96.23619344783873	150.76553284058286
111.27551781084256	289.08723987265904
167.36016215647984	34.081114559954415
51.04342634647736	9.50367782465021
128.0993889175738	94.96645544098114
391.4563574263332	314.2227817699445
319.1930052552184	146.3152908005116
3.703129091832146	209.2227608463565
11.734239645203278	105.59927892521277
7.439495477847717	316.10177202259456
352.7840628320179	356.53046713813944
259.4051198334601	2.290360608407199
194.81032714158923	100.01285618463723
207.5475314693624	190.49503906355898
69.34187710991459	343.650017203966
134.75954909064626	47.12761274942574
