212.44523310041316	60.532298673183476
408.05567155770274	407.0177021860324
362.16576816523553	220.98235254834267
358.2501260504425	340.8245857431596
400.9452584084642	350.8158317868038
163.46225374686787	182.13219095559344
271.0419262768203	46.53530295212589
114.52524226362317	374.2534671247469
182.05165893172963	327.97417335328635
380.54263928019594	84.12180738721737
328.75650067899136	61.23578796376857
240.86110783804781	146.73896786339915
379.6128926221911	100.91276655879544
210.17298037545427	12.705869043087423
384.00222726889365	28.26676462514256
129.92465566481465	55.07533983314342
45.665177255335855	139.5882273715169
333.91268841007377	171.09635116309528
241.22179207882556	220.81314654673307
10.205618957981633	171.40123189169765
154.14748306168119	31.7481955088208
0.018604044407506657	45.33798850460334
106.59789266365651	234.11455373625162
116.45008851926845	139.21658789216906
303.8806513480237	168.44913582652316
213.0611345423319	314.35726899896537
87.72786375116786	314.46340974197653
203.50956874176143	85.52890374513979
138.80318591979417	124.21327749954293
59.0351929434221	264.2752141036439
279.446971714906	389.7530946715605
220.4952083954284	180.96195890697936
231.30838455709107	287.52780088217565
165.97282940417318	399.0584501665113
138.2586868531172	69.57313918715808
24.911068456865586	364.50602608229804
122.28292307151186	124.22653572397587
351.857214695048	89.25061334691148
179.46606051924456	190.77938781101975
303.56185049476875	363.94821365834116
39.93743184664869	32.39474167499181
75.57365061643745	180.97682899402068
27.431924270607652	6.356700794391044
199.00784057576018	346.5859998848743
46.46914946213654	80.77993039193726
151.9042526265883	95.45371892046361
134.64549961603478	328.0912183711944
256.64211484210165	141.7374745079514
244.92051101508875	64.22018093346126
237.7255224647498	169.35781536691326
384.23935678975755	285.48134845176565
154.56114177735063	239.1971400898033
289.0238534513627	414.5318181843434
136.80745836641466	22.08871685432209
88.40988395802	294.30978875406475
158.58568231040965	52.36831439694889
17.3107775414985	394.4415599007337
363.6871769887702	240.7455099978888
58.49379299635773	349.3043476455919
411.46379943639005	76.93320994404583
56.93465347450327	286.79065784202777
91.0581154786808	222.31560227502166
217.1881600400925	341.23289156304713
245.86347622581815	10.163914580818977
287.5580991592958	201.89826479068046
162.01334133356218	83.95114143018377
342.7276869030395	211.34973336426887
346.36840239660626	253.97333023242143
182.37838456146824	207.58928371628303
398.9052699142946	219.48002971585848
84.23195736071311	7.375508077679605
194.214585219224	197.13037009696444
248.61887963832604	293.84414243871333
78.10925914820545	144.2636149847601
370.2456437433017	374.0639034989953
352.60351849575136	61.40313109718731
23.085937196875317	29.357912573270255
404.8970157181442	237.7903125932262
61.91496426173698	385.4059015861654
300.698035955918	336.1893773977529
23.825310340362208	181.54809015267656
195.37569658876723	267.08010276405844
234.45685681964926	235.67143017777863
76.62386073799594	29.296063594825647
12.212759587852604	276.13643842259773
174.99597013365175	58.03483337696188
403.9045919259084	135.6429833523405
239.8666023165396	306.3330164020964
323.94039366163196	7.365638252035748
409.9797786869731	256.99183661789795
278.06719840012926	80.36872565001781
257.29533033538036	191.39770979916622
326.2047041733643	408.8959265266518
394.8455343339921	183.98108431103333
369.5319495864447	198.36594399687675
385.37039215345607	162.9004766195066
295.62578296795647	274.7886213951215
328.8006938812112	393.58196706443744
257.84725728059414	391.2251399759102
19.17433353647157	235.70971283872794
153.3408455057372	150.99787376619145
327.3862777349036	119.05766381268573
386.4441537094351	47.09504302933611
74.20851190467272	261.3537370858384
63.15191427357565	301.94746392067213
271.8423059504163	212.17577436340505
98.76613426974868	329.9719997721119
183.6400824753288	42.491721830035026
341.76938802709066	407.16052797614014
374.53451072025166	117.29595617559968
211.90664328694936	273.7779232679264
111.80606412901025	28.573296623493402
267.08944637692866	26.058014614758644
372.8153609912713	39.83400786320223
214.69130256487512	294.93882234932966
276.5534384079767	236.81449706111815
184.47341989604706	18.078749030701033
308.244512397907	198.1226125588193
330.0957635507881	86.41262806570651
268.19721474377786	268.5380106717181
19.43548779442758	125.74108517873623
141.76719713856298	342.7354951464018
175.88823034282586	282.4421613831224
238.3907086916144	119.68905945383486
111.1262368520418	407.0727515433876
4.149210114743852	123.70167633598248
416.02519251727756	352.99306452711295
389.56312768209915	267.1753096937281
262.29701997461177	109.9827505259313
213.46143481299137	375.58393385215294
169.40660500634124	118.56307472780226
351.45027968185144	3.18395772570301
166.24364183410998	218.30659359511606
157.66305311049172	414.2798530054261
419.37949884773315	62.55197641114092
6.59790298457542	373.8558992433206
329.13044382298705	201.72455537668398
26.886819835156537	323.0274033622454
102.90050856013919	73.67701080485547
292.3844607805928	381.6788429990558
80.59577419489436	239.10301011692252
378.616981766936	414.8376348479572
117.79657867392173	164.33342853757674
249.4942068089621	345.6059902091276
136.639076809687	201.50832164660244
386.5351446489838	386.4719979485337
329.7884868630183	45.68305356975576
195.62401172334395	303.13182143832177
370.00698440872316	274.3457319168526
264.1965840022218	328.44275665804435
126.02312175482457	383.884279306066
347.21051223951537	162.78335801020003
404.18568589926	36.73379794727037
131.3285467527133	401.39082589866507
0.5893374137667098	230.82668400722525
15.060586154140788	42.61779054252169
120.54545600729028	42.54835983971601
159.169060316826	274.88478492001934
220.8984482126666	389.56745755827603
146.05453682410533	286.2625101736402
413.7774030821089	271.5852637128403
124.41960608643068	80.55087983547008
289.971078064633	26.600638627517316
31.026958582881694	50.576453720614815
311.0178523867458	349.7893434636665
382.9655748748614	365.6452434603426
120.83754222202987	107.22649560988648
344.8516399887627	328.6844568767958
24.10855890049227	94.45367918870124
225.30518618457717	104.42496559164225
228.6303415013404	51.488788418045424
103.1524554895746	121.51539044038954
141.5231227151918	256.0502299688852
68.58388738329782	78.92867900853102
74.89077098393646	213.14620042103098
181.93786115695406	404.4161755874943
141.38466407945523	413.55248401542445
400.45830210519904	280.13596248822586
288.02988520973673	179.93730277322408
13.155894214299234	295.27653426796655
72.18109098448313	48.83123717494133
139.9579272797221	185.0595269671649
180.07608278788615	300.23061578229
91.04206634511542	41.57859098662589
280.5554679545049	105.70592325456386
133.27305096690384	236.38297064145948
32.453011972154634	208.73391309179763
7.412455553420865	151.98857368160654
336.2652086016726	102.97964419587264
280.9982541102345	13.359373523823162
27.487349369624457	165.2428799891669
357.9362423376091	124.91465233781274
13.7286181691554	16.23686540239757
72.85500339421431	163.02082563561737
207.20888029202303	359.65151199332956
330.6460216043873	186.1245103788501
401.35997217044644	113.44995489295336
122.4422765896155	216.28451311169817
219.38776620549453	252.79355218740884
363.2003210380327	75.73451264595656
105.86560854427076	346.2697238908542
87.64695112827854	57.12468583657027
113.50331618055114	264.226289654926
3.648036278047396	338.82154704254083
25.80261112720324	284.98656643333777
319.0169858740524	168.97119051849165
61.22228156702992	36.745679128782
259.80809973884044	67.23211716867337
176.2853530951075	103.04087632634288
352.684915205144	110.42121795634728
336.2011821552607	138.16509611270058
397.43057581544065	92.44657119100918
116.58545241424196	305.3490277052574
82.99944152143314	329.53566976838414
366.3143625277972	53.342185905007106
168.4794178836992	138.47843132229355
209.3332810489295	131.9992979192304
311.29154928579607	72.26409009194353
51.48226321677492	66.264193394222
353.50720679358864	267.6804098150631
352.9952660831225	196.15604403898823
391.9005800810856	125.12749958506461
364.92589624044103	183.65542201515925
410.10889212380977	154.91287129940127
331.81212195778016	154.31690936848904
293.02759923025013	87.63361777828194
56.57740975463579	155.70267170553794
204.20499560854674	33.51658848122826
252.5773414275424	366.96935062873166
383.1013014125867	249.33228075255076
161.1788457449493	256.2701696242004
6.9265912637786595	254.89157061708949
310.24311530144695	88.67703110358634
122.91835235376763	418.35388655780605
247.9737496620758	324.4050987639257
357.3686563253527	406.61622738979463
99.67185357045517	274.541420185605
5.742824193057503	409.1463252407396
61.071978962698815	140.80890820963972
100.22832796342739	3.2014361535764517
209.03251501990837	154.3312963802781
60.90984490938699	240.42724914888174
119.48842643147356	356.3330081728791
208.52027769883134	239.40846233953835
180.3523937867801	236.23824157663844
413.9883766733002	193.0030187603383
269.5591655519461	402.47128999961217
225.3965792780721	144.77187592375168
42.971019718537995	388.31811199473015
302.8909618988923	104.8807951515013
10.314777282198264	190.58320380101074
169.52549853070371	337.87095143513693
27.349446328772764	303.5905497673648
222.40311489623198	164.99770017806696
165.21639837309232	16.55205662497372
87.78205796595122	78.03567742398093
301.08725102201987	231.0495360621954
78.58716912058428	98.75898888015686
313.90015073842824	285.96355501626715
379.6642292325144	65.24695956481187
26.863356088528274	250.5923490452781
160.40809136450454	291.2721621261589
380.0491585826244	178.32393455010074
198.4586647933669	284.77683751958216
189.29313804860368	179.33397152247835
97.313524453298	251.8248758150024
33.7003120818755	411.69055122265786
92.73318715966076	25.974695223426632
161.7081583522914	166.5956938223418
183.45507575943776	345.49912924775714
265.08818025100965	160.5012324587515
284.1602804382839	325.9928011335483
361.92875658533416	27.69801794067394
171.67051819050516	153.65651045374136
66.83641501701176	110.29733797305707
264.8209252672853	358.07601994970247
16.93377414680915	216.17434842155748
207.1157660982763	101.45728126367652
165.61506168708033	197.30817521966864
346.5036058828654	228.09639489189408
64.21480326399065	13.23404600442
17.171922606468428	350.6746739050707
51.73783354905888	48.45492631307216
157.80308289277855	374.29489717468397
116.973427010757	180.52604719825646
275.99356441438255	299.378573108769
366.636650952126	12.198804775015759
52.86412125336325	183.45765517503804
218.7500492954186	406.52517932431374
27.516312362903808	383.15230026731535
225.18245045043238	4.596138728212648
27.412634614315255	110.20515333112229
415.1454876319454	103.0249968601768
40.260233495638154	295.2417448699285
366.50782309825536	258.4181801311341
43.283885776031894	169.17986548888206
263.0577583431558	127.09292717626019
141.03831145401116	384.17612993333944
194.04237388080415	71.45255650012095
339.71584609588797	280.92295279327624
253.5422208213269	45.187101803329185
357.30314327141895	302.3127270175111
419.0227060939467	21.060278495094316
354.5359399361433	391.3549163551577
371.04514132770316	351.694331725548
317.35683259688864	258.2393436109036
148.39096660249658	12.39489893191949
307.8879927759046	119.55432165242357
95.56516493023815	136.5788743917658
38.009125106173535	125.11076624453712
357.74228332728893	143.60553422241279
392.830108196153	9.276311841950337
186.92760499455193	380.6617345281508
325.52914822582795	28.34039222531756
48.037260726267334	315.344258105074
103.29146934768546	212.581193482262
235.08810852982074	253.23005841910438
312.97604233330316	380.97972827330074
43.11471786106158	278.52276762956967
201.34250736969693	397.6871613508309
308.24021310124584	34.24469599623956
223.891170351383	362.02224318791485
394.7694755322774	68.85160320227067
284.13377737376925	262.9968428181683
220.32929125318788	77.59154039065898
298.6932839204983	212.64504453407807
31.994846280943545	73.30087794281263
247.2743290244624	203.8250359407906
314.8885737023429	305.5229965744544
134.57406043711993	358.26258669371725
146.05177042657886	224.86556526573392
42.2648609340545	249.75914533394453
114.0171826301144	91.72782985642041
249.9270279660916	268.77797399656913
412.4017783969158	301.57394559831425
400.66984611470417	322.993126223545
89.85098279709304	343.8263146244589
189.93290272344422	249.90452229804458
33.73084122009458	340.4869025947985
340.9017351617092	35.51983403930105
84.9435059727189	397.8992097191457
335.29920764974065	316.086148164774
275.02416148312324	144.52431218555185
73.0140177716616	366.925299066966
388.81401166570504	141.88378262056958
391.68806195109613	404.4450595884913
41.642687014874966	357.0249897778645
402.1140298856405	54.07762909563345
139.29626768524713	159.5213629387329
411.76631323338006	3.121894199041297
4.810938139383856	88.72219227298643
336.27306051841487	370.4555806140978
305.08519175076185	57.21306955184851
93.19681267025385	104.1117577565152
56.20593386462113	330.39905558277894
196.7356469809938	412.09748498969503
150.50399580565193	306.48518186155934
323.16428441247837	331.57384734052863
112.34863487634384	198.51879800150016
211.68359471066242	222.002869310882
334.77297684462167	346.6082104410673
76.29157871060373	196.60915929582376
57.99396434185676	225.3757988718751
197.14357231946178	165.7766564462563
77.45466069799733	282.63860983624335
288.26195179663205	161.4860886254774
236.58073262815532	191.5872591410924
19.806728176395804	64.13306357626095
77.38873406725986	122.6978089350964
240.92949766255353	98.62306469742649
318.2170910865694	101.41378566460234
153.55440888348014	115.81469629116694
36.47170380472432	223.17486948176813
135.9800490472861	302.5419271904519
69.86205143415043	402.2627956056745
101.50678466165297	305.24866189401706
129.47841373026017	275.35438160928635
98.00248539187945	365.8474696883488
193.83316907453715	229.54043515396896
93.92271974279731	173.08457615851626
173.65023292303667	417.1965916432258
119.33148458456374	321.2855849603349
275.5218038444021	63.21191680525053
321.5417897169173	360.73790476279333
409.9764290247923	377.825394441564
153.7403401718166	208.5530666776139
178.32109567115452	266.42058335922883
282.87274774171163	123.6793301762458
370.7310129464396	389.12983994482073
52.68225074017804	372.06932922477336
59.34811333133095	208.18891262290057
409.0347320768194	174.05671405892892
339.4038663838883	12.348082469226014
374.25631090733845	314.7948761494329
365.197725739982	96.16469346346554
396.59450885176716	204.36812029988604
92.46729334915977	199.7869972396919
98.2889584322695	155.66831038354567
109.58674390359981	290.95954477608785
169.63175861058915	31.564757224548792
44.949768318155336	1.784265774746176
134.9586346868786	96.75558591417506
391.7613889098634	310.48925030742805
321.3584288415484	141.29672099052985
419.42091736818645	215.50413996387064
12.354896461214935	109.30890265750604
417.6041354957993	320.6853558595992
348.8059494262695	361.5088492178033
259.93098127734754	0.2136733116840221
190.9543741246714	98.91522215697022
210.23071435008154	192.4438014999692
74.27369707412544	348.2870377951319
141.9078026418823	42.212171884782826
