110.02392414822312	126.8953237484696
338.518459866781	173.88648855962592
162.73996270938278	176.53324009811354
52.47768482173746	163.31924477488198
59.13253840729054	33.23684532157702
206.26682525580998	213.41283376742433
331.5004789622964	25.421001943517375
220.20007984887542	127.95949847134672
336.0289562441232	155.55039751408646
363.30092875588895	172.1896636513697
128.63271458617623	133.78729929052147
190.26025155400978	20.805318311821306
381.65683586856613	331.34295923094254
228.60580386303522	231.25556344253246
193.12399439785895	102.34059114113785
44.14163324403055	337.676031830111
290.1168572996897	41.75280976420194
177.9717985844192	32.86556564861291
63.531960219711344	187.81136576155896
71.35159467361505	241.4760985235444
119.28539876873822	355.2529477284281
383.28046401512916	246.85733879070992
42.105770823261246	54.20001627154123
28.037463709937924	13.253781547255423
220.98808300927013	410.7590555013192
179.64925990947054	106.0784001918482
155.7886991777869	416.7274715520343
334.47164612205097	142.26758629001841
297.70639864965693	275.21461788528757
114.53393723343184	268.4878041196973
180.5427457147695	401.10719226279355
51.51753905277886	16.669625888288774
23.495725022187738	385.95680643679214
118.96961489173556	71.33255425247539
37.6457705031924	171.7192178256757
161.59788007612474	318.1734740961815
43.02994869489882	69.01561004685688
228.5850313138721	246.80933215491496
395.52850152683635	390.1986660292428
80.86279085573763	190.12670154254653
197.52901180529437	388.9859965107949
29.723611962996415	229.53973989163953
244.80880059889867	193.4641956290936
80.53869827004868	123.15672960539402
56.64324965112323	52.63799270035367
299.40470298537923	88.0903760241004
178.3085198585542	119.00222336934235
61.55614817679016	65.05819239363917
51.93433326695807	356.4560555744902
54.775399369560965	396.1234647946007
256.41592377199186	231.4133172151164
271.5396803884826	136.07158705548707
12.359834699605571	395.8972903336419
209.98595776311208	108.00212195328118
6.585578274290283	92.19065982461144
363.8913323328096	341.1916522077953
339.36265122642607	401.22087491356524
120.06585105549767	176.13156904855472
81.75154045159644	390.99547550368845
340.9312786273646	114.59131037916036
11.7201692743822	301.1455556323557
114.0035474508149	58.13129495212629
256.2045777645652	108.41163337769781
281.7352215039662	357.2894092242504
229.63608217481993	6.838025393257936
214.58726466142434	300.6047885675764
392.84545952833946	1.8093013462612384
79.36206653446443	406.6024501704235
347.5193436549237	19.892641673378144
320.66002387071427	311.1005520784046
235.07214651418838	59.484633421474356
397.8852717210578	138.00162530577543
169.2007471033969	306.1194363451923
351.0648743902174	127.58218806318473
419.9694231571173	334.5400335041874
343.62552999670623	210.6894107578194
302.48928048874524	317.04472143261734
349.65927628738274	183.23596617039559
165.94591590753612	256.33696984933266
161.61679826357633	343.9311075102048
105.76767347714613	244.11937385772853
15.561219538404334	217.6007497127881
360.7122008471956	231.9064705658937
359.5513398616747	355.7235652144085
382.74063880604535	205.87846979319673
161.31220531143998	110.06844126110315
3.8644705804085624	33.06447259308783
132.37341810757485	237.6108702617295
90.41719138632223	11.173174055464173
313.29970060778584	342.34650781655364
184.3700139265036	373.6674307603873
381.5007122060677	384.1627749716014
402.1376985463231	172.38452103773446
192.91463763878133	196.38917971312534
66.48165359876256	408.86835862708205
32.73317843459677	198.47991918481685
14.577586847485117	138.56896143072413
307.12585155558	47.31593357001259
318.68170565475305	248.988534975295
125.01577378420976	148.0697855629484
34.539652225972276	125.8634767734948
415.06264603439695	163.47260739660945
265.39663195479443	244.42906699025357
314.1316983000321	59.52792498212364
268.5912126665479	4.450232644191168
314.2767709389914	210.63160867460522
364.4903833853173	247.19942860522778
122.63742015120138	418.6658975268723
88.1613113747874	240.55216032080213
377.44061135569393	175.7936734269534
84.32859487507812	101.86670950962808
330.9065372175989	198.64629991268717
121.41771177070511	396.0849817427254
76.50195714214658	219.28160868412212
258.7896561296885	69.96917146655113
325.4988970945406	233.56628383703176
398.84256447447814	339.3961853015584
364.7398012322115	121.7925903128763
192.95197367039813	163.49158692251922
123.54617948773428	317.90064268153293
57.8876396677542	218.66121729836914
10.019593975064158	124.58007902381964
187.63456592548292	130.65616718870604
130.4312174696105	79.45361659497482
332.8438785970001	316.0279589749521
283.82306143816413	14.534960363498653
408.6008719181276	327.03114023657736
368.8044154229273	297.62028433991446
165.66857017634484	218.62718247689094
172.54030342492678	205.5621856164405
395.8231188040428	45.91561332816509
74.87271072580165	63.478671144815884
92.59484161625817	137.108184594449
240.25964486905173	150.62334748454603
276.56277346951896	313.75322187441964
0.7908113604156461	13.204947461913312
242.8570469708105	212.73467012737655
204.49361318937022	261.1852580425084
349.3153632995883	143.1444779753515
277.53457246972397	180.89626768724656
336.63570444847085	222.33974902091694
325.18071357669464	281.36368561885865
388.48046403159145	218.35774159895252
227.95503026025526	158.6349612294736
204.75298387127708	48.20745800068619
19.234329922973327	319.1485289834548
398.1552520187277	73.71383691558334
144.6250922848497	389.2153938114409
384.01040200467986	75.5283116966909
191.78700745110885	216.61605611789508
347.76900076253094	306.38659217234226
370.4424001488261	25.470527620955274
104.71278315689369	41.40251330610553
179.2184780764173	385.6939801201541
338.5817671154193	246.25161898521748
276.16409257041283	27.20682564832297
326.7788785568762	395.3129520678734
375.41095004753674	160.60173304340773
294.6118422202611	22.77658692407028
312.07261752499517	97.18401611280741
368.05117126465376	323.96997078602584
308.21163947795947	24.76245162490462
200.24840183871657	119.85496939102116
207.92218176543045	173.1068629619896
122.001468808992	115.1086471986907
1.2337082639941774	314.9293335627462
355.3105531553352	201.435423649571
173.9614295106711	74.29801375264842
175.87605003429874	170.39777818073162
328.06288570801894	364.97866845046264
88.66355218036033	153.04161645247655
380.64527965988344	308.12625489307936
216.24439742277676	222.38117002735945
48.1251794305843	40.16165433879169
337.617498281912	415.3338495120731
312.4285905979513	116.68777944041341
192.38533137457736	61.27761056268486
286.4099737576984	143.29653342003675
99.09898957440075	111.6437863574652
161.65958140774714	387.0932294389924
346.4949435421538	37.28167390462202
313.8552556028217	141.1826246579849
194.53741439610238	411.4917242984946
237.13040062782804	113.22806280682843
257.42249462992396	134.1627291992773
72.3714711111001	294.68261905716895
221.87567206321276	19.096763727740328
95.0564933773404	414.37665816688695
31.769716567072674	363.5192616429783
419.77263814611797	151.30099911415164
346.32684740797436	389.3680263318405
247.721477073913	14.186982172617899
260.4353105737629	90.39559291609704
370.60649590903705	213.57259595074396
19.08130673143498	74.36551175065924
253.20688498115624	415.5014389440937
101.1529442009498	66.1376455675281
80.97101112071078	326.1201436902114
42.01205864579748	311.03926525677883
350.18318199554665	165.90941418041908
114.10455741594524	191.78948711986206
86.63588473194613	173.05757191963443
338.6942678447451	56.0743781277511
105.95493967100464	82.05930492246051
353.10077741109893	332.9149270914428
312.7541312441315	182.95665599442685
313.0943748300818	73.79540191171816
404.65826705555463	377.8677449569757
37.1967707559856	379.99897082571084
382.53891996332743	287.1610712763565
239.59917209369914	91.12040888675158
0.8414071607825837	354.964911824787
413.11767233000535	118.37820186451262
346.54925557941823	258.1962863087472
267.1168801109804	120.23358622336458
225.5343888864311	289.8694857567056
260.4685639242173	338.30820469314625
301.420738138915	390.01803300684116
411.33554436238126	222.57826657168346
297.6008141864625	102.10409083687752
154.44472957656845	368.41749769545174
371.87144450470146	62.472637118092216
359.7662356195843	1.6513847114836073
251.41653937701025	322.8053811786337
15.855309411754382	236.60957157300135
391.3416258549338	350.77292282927186
177.77256635825592	282.54868669291994
18.149639941757282	101.5980868345845
155.40719988947748	55.58560289577849
404.70463548349204	354.94334450972286
309.74095104104816	296.60251503277914
7.009993189315406	247.91904631938573
133.53168478126048	328.43520673197924
98.52486418345144	25.986031187355948
210.7784326903897	278.9064471334938
33.68476574062716	214.7384385506322
198.97161984554052	314.80518546122624
8.895634718988928	282.02306648261094
215.91969778561932	254.4153937407816
385.6687601651305	364.43065996023074
144.52294896140768	402.88247634325825
323.63753579565014	327.27423119589145
154.9833333102741	28.0241728614868
385.6268443831778	132.55819638781878
32.235078625235694	272.192273321281
216.5107731474392	200.35259705380562
363.06680091756573	393.83694737983524
117.4588915185882	331.00645993452815
204.339700763479	340.9598223107421
147.6309941418271	278.6549980444491
146.56554175416872	130.5350798872996
51.06642807494446	3.136064317115052
204.2766739601092	95.02374359135995
236.8658452897868	261.881673372705
207.86583655705275	32.74647030021224
254.68471077215423	373.7211032554715
66.8984377849415	144.47702405322872
103.45491561666861	315.1863517848259
272.530713684202	153.85679548947567
286.6691487719669	168.93276655632158
0.076836674803873	184.45495674458533
12.580804254149959	166.6913089748326
238.83939346539208	293.4947561419515
213.28271444441103	156.3537509401513
70.77526730958316	26.37151710900444
294.25828888095157	360.78718474028545
357.76936164181717	215.60316515991158
227.92908976617397	213.10525929217766
166.39828124482165	402.3963647647503
205.71402739020573	61.74194857737597
164.1590992419382	87.45436254990362
140.12664693279126	117.00845858003919
262.3485706250012	392.13741949191916
380.67909063746794	112.2516208549306
133.26949046078158	380.5806110573543
58.03137093991803	120.56008840887195
405.89975711634236	243.7643972518474
206.93708131304237	142.88291753327172
218.2432200232973	350.62584313793764
155.70853602027574	188.25309982093478
405.93571629043504	187.6855578661085
113.46171384025584	213.80301699856233
215.25860516721306	84.74352526381261
71.50092915592879	345.77701809050996
227.01932209395778	172.10333353718423
244.84565962471967	126.49640176584253
157.02917777102246	40.90374698881359
388.18757111688166	167.88822596577515
217.1174335536102	315.79967365483435
181.39325686672774	299.58105226436885
413.6056878938975	257.4114265224303
358.784889952669	63.180578880309085
188.7522347786157	78.61301533767512
144.1196759948229	98.69109606327757
227.73764241873124	335.96879077485454
193.64388534550665	327.64950082098926
258.44471231838827	162.31033790856443
51.681538900930775	204.34304198488354
58.18698448201565	83.45938864443339
293.1445727420083	414.89866386268153
243.89875882619307	357.13561032144014
303.51709387389946	197.49743516628584
384.85183993490807	190.53242706467344
140.72469130144856	289.96379525831736
389.49985097248697	408.4447830640278
409.9051762752251	99.27487141187947
366.3530125571538	101.1798797902607
15.556335565583717	190.58146315332294
383.56556590812846	34.282864134684566
382.7750461401551	98.99363276459646
263.52272380221393	295.84033629988323
102.44851994886822	295.7196872287162
285.07325988389266	376.02446220630594
112.78435613506163	21.126537199409913
283.98949375608606	398.89554856946717
290.567801258691	191.66260159270036
313.0849865812639	378.96454695043207
174.34725241512103	5.542481089849717
101.40477907351809	384.2968102051808
168.39253656684224	138.55455433299375
67.67975013309419	320.3552406255549
198.05733088425407	274.23558903495257
130.83683155189482	103.20967293341012
207.3938151663607	19.598661253027473
125.4981354322162	367.86941540208085
229.24659009574222	77.9384863428934
127.58149111550948	262.6205561326783
170.78192574792615	152.81823546670273
372.4666296958135	406.75844070195564
277.02839586553597	413.51331304416334
418.08020361340766	201.4966577100773
102.97913097235396	153.76037823755013
331.53496480419466	8.852411117440429
14.69320319105374	43.04649151915586
160.97777434846205	236.22950076579914
260.80351124622877	45.310153006204686
353.68860437970767	403.6207719960877
146.65460336501545	67.44881255998106
314.00556415437046	10.560907496051039
245.99695482114643	399.5763699985468
243.14994828134098	176.44964986180244
382.4126788241601	397.45777236194834
118.19315137931626	305.5651227973757
278.2796683127271	342.1991888222574
178.8781724569611	220.92704683027307
325.05632544263983	101.26874627188539
30.885053593645857	37.11414351465433
318.5999141734308	153.9366323406984
279.20405254098165	50.72226882184014
71.24798897482714	163.96098362589944
187.04147222925621	178.67898084716924
245.8261563984235	41.10208450691757
36.01745204059802	106.05229828875362
288.9937893379725	247.0584607065914
318.56804101935586	264.71848164561317
222.60453789007786	185.65676572229302
57.750858241792486	293.76433617166
222.7519857372412	143.92771385531856
330.60273223744645	299.8179867026804
419.15353447648897	138.07547753529974
370.7448952955093	278.5373382446145
128.11228827115795	44.07304351320063
89.5480568633413	361.9757709082271
301.2212810518646	162.4286916074956
406.79059183529887	407.804177675107
242.68052557017728	334.20460063656
413.07628179170206	60.151682045844595
252.81622434039878	282.9825978390551
66.27500950292567	357.6886168348884
114.98487425022269	92.08426770676135
266.08654037250477	222.53599383399623
131.6475795200627	64.72251942965931
400.9175192016673	17.068758002902662
126.80331528510828	343.93490422603963
73.83228342147287	93.37015232369635
342.43026175923137	83.18235022661084
16.714997455805904	355.23666981404847
209.1777206386884	327.4494944317907
261.05823719380004	270.08839433972344
105.86970717588652	6.990774694323394
49.93623472077854	275.0240197885644
224.02221702721982	106.81641767568586
369.20527823571734	372.1589286594692
333.86748785439596	381.1045893353299
291.2116942521819	129.91924838963487
142.55068687202424	44.524556022133666
224.0753957006604	266.49407696630817
366.80077508746353	185.61851983488793
150.5048537735624	206.20004984130745
161.44139637442208	15.892022643053469
194.17880926739616	296.4462407773105
286.59801864110904	282.8990496446406
261.230104316261	187.63359836255813
138.69529890230868	156.31399994966466
416.6691097113775	394.2919962005665
22.565502459611736	341.8245907144653
379.47563634730056	48.06459393550436
308.1499864625839	241.3154581140214
66.71345209650995	9.636015050895157
45.83869624284152	288.0726894425257
293.3400236855271	68.25075770506392
44.508025748722204	262.249601156565
301.50324303289153	146.83059680704915
160.41725811634865	160.96344520894425
419.7190207752968	234.6054824742332
315.78165561985	224.16914591796922
339.8820724721611	99.67742347227149
378.750728165046	146.45014431511396
181.7362038087156	143.2638072974686
147.0993885387854	304.9243938783697
340.4645878775826	276.3184076437911
170.89929957792882	360.82531652290425
140.74193449528397	183.42525787630075
