116.06936890404836	375.0558883277269
403.49525072433164	319.2984111361016
148.8605433479423	94.79817101067464
337.7551810946347	365.70805221784997
65.30226271849425	132.4188933954976
265.20864431582305	260.2787934427617
121.53995373953562	24.091087505216066
300.02216405013263	362.4891857427457
221.37837547038535	134.03748780628
189.52419238234458	210.34118882031177
333.9219552449224	344.7271516920557
332.0950448473432	41.08164635236801
369.21943557529613	191.0522033756956
252.4227048652995	301.4131106976028
100.78547431425896	63.09724472121617
291.63910209646724	106.26559388733622
341.76947511070176	402.78116362412203
382.10265387653607	303.73737044656707
193.85632776741204	259.6158149838433
416.60863943593625	137.81557687771496
125.59137540001471	211.92613974533955
167.76252299955064	126.4566390697393
58.851109361522695	230.3776746680686
84.7480773077371	30.99494441841589
160.65954962890692	393.64910583486574
34.098277970137175	376.9034516216631
99.76915961419547	203.30204876441303
9.571422783421818	292.67630289950046
3.37655930628996	397.60230178194973
239.85942812650637	168.86590042912295
43.29643657970916	161.3231261544864
350.15175858889586	337.5585459007358
337.74194080393175	253.6230073101275
82.70463019806206	11.424814191964481
44.543871594313565	375.6700777127393
331.9008517514438	398.774292667362
328.8654944959971	244.328758673501
45.57660444353357	6.792517520438122
80.7661841801437	147.551179946079
79.79956802577139	211.321185874723
378.4978444007568	186.59694656194415
19.153534093991308	284.30186438635036
241.78339520527123	301.8595408335718
204.9254054886179	1.733708336111089
213.7665382223296	51.78589937956046
417.2786241598554	20.631892777793862
344.92545819583637	98.96682830746437
203.45063741496182	96.08113835279205
370.10520814059083	334.15761604881146
278.4313004910385	53.28096470192134
20.251900143802494	229.2737814755536
66.39902337424878	311.41348356388613
225.50805329789367	232.9137348389099
216.75299972658584	358.05398175158723
227.0116577412877	392.5924906169811
378.49083209603145	261.88722928147234
263.5324433880797	402.267676193568
102.46232688717404	248.44464263860792
43.10380923635746	239.1832586290084
395.09350010031505	159.04846709067925
62.127571886259894	87.37590966226483
95.12745857649563	165.34723669115894
209.80270171325088	195.0246609136164
261.8865814235226	295.3687719158386
15.332823874934213	386.21002168821536
42.64626027547025	305.9144626497558
327.1473281550935	262.7573207466547
13.814940228081614	17.542839459223416
0.4066614434574571	322.838344018859
409.01609159311386	383.8636193657029
12.61876177449427	37.416368355741184
283.39578302503105	248.2197576081155
237.4220016815026	359.55228172839605
91.03665455189669	413.28498155580513
78.77399240401948	0.631109327895779
239.602086153087	110.25890004874105
128.053118017512	258.41571386193726
8.417851212770461	271.9246047877746
351.30473796955704	126.59736527814864
33.92300840034191	309.4694919845908
312.85489009598336	140.55816762091195
287.2434323256754	398.0766417736076
241.07158128806756	90.97243255088179
310.0581061455879	286.92120879828366
158.6994118708817	124.8389791651637
33.225656875158165	244.75045092836422
345.71363350935195	241.99893191513894
94.76922374424774	329.6069056726426
285.84271740698495	157.28937539268767
354.6075133641978	329.20308503283024
412.82925187848946	30.46510936589345
162.38615349491548	244.86927100887166
39.76207141247757	289.213548054545
261.52689799053513	355.23542996346015
382.6565391957141	104.39218697858847
13.38065644446074	191.63793373279128
97.93276945632155	35.385374383426175
173.74952729483311	308.21062720218987
112.59367748833078	350.5284968932275
17.170283429304874	166.77202040663389
388.0017910215167	11.478425107029063
344.5884736070353	381.91035363869094
381.55991441528676	129.47996596060176
24.478139082533193	148.81448466921643
419.7941414817227	246.92175101723853
56.04916683034584	307.0359247011424
178.76208558863655	222.13169859384058
220.8874865351313	71.22284932424218
159.29111442475875	206.05601987960873
14.709387554108647	8.003813649035173
203.65344851650732	250.35119028130427
278.1719804814394	230.6818649598392
66.02324128105082	358.67492885942886
345.44821415999724	74.92509582827127
228.07505389351857	168.65544944331631
370.10512210909275	394.9008383932828
374.52340322547275	278.85413020095945
168.48734740902609	148.93395387289868
406.7662592446098	262.4323579967408
278.400661644563	126.69135590193092
85.5588262080508	221.11607741860757
78.57150273547326	354.9069812673657
373.8171079765087	225.49447551657522
160.46805653885355	164.8690435699361
104.0549463219172	238.2709546843459
233.9290160182137	151.20023082650783
54.801713066837515	336.22113470780204
410.0900751642651	345.4067918582185
35.62873513551151	172.9889983171986
380.81264901975777	24.446007170123774
145.0637452876818	56.533555193511624
223.15689422617797	337.56021744396503
340.767886536932	393.1103246835697
227.31070545710023	179.31410316285786
74.78714296946391	191.5557626268343
276.8938445069457	319.22576863638244
139.15745263549147	174.51946668953087
224.71299939022276	142.95046165408723
47.55431576242984	326.1996813932972
382.04563386995994	273.5078448295273
261.41304188109245	130.76502518566514
224.07437604755856	295.48397454531744
169.20205939197518	210.03734805093166
262.05157776971265	415.09201357545356
335.9428793057266	297.73368146723743
119.21862317424105	202.09335561719945
57.413305091034665	163.7844905853351
349.77956903058777	110.06795189879465
27.34611058654785	91.71650088847349
77.23338103653333	52.81637382637593
107.5669775941237	195.15007529116184
20.721879668098317	329.12649493012833
403.19980993873827	72.01688423665274
418.39347065049066	194.3895520919683
266.8962752527111	287.4931171000059
152.82560458777468	47.23596070446057
304.3008207342006	72.71647754802464
389.2460768838594	96.91725970650461
277.04393182622823	259.64486914007335
265.77621248061894	334.1477243808864
4.444816484223182	382.9415527438471
139.52529402831047	295.9526407018684
175.0904845132307	121.27388241990634
91.07842980450593	390.663476659579
147.98261237040796	400.09156034675794
360.4861246929303	170.63090907837775
213.48442539673403	35.2394222344272
127.80296975197894	351.7511737896666
408.46615331767526	205.57110135260697
285.0222688865905	187.7530745442774
164.45014807114978	218.05777365585294
38.943030880417226	392.44928209696235
315.8177978929031	1.6042047089156692
42.379318819118176	129.2544397725833
249.7944276982928	107.13001751821962
343.0838276889907	357.4436085687875
87.35443177141896	72.01324382688588
164.69599279190274	71.46479596132124
363.9235829258636	36.16189740145114
43.07551790730446	317.7635293233206
387.46065008574305	235.1586723077989
71.93826669671316	20.780584677697522
200.04900906710157	50.52400905332546
298.1262831560414	5.623104579667982
326.47212872469885	34.74065041972135
176.2132011425082	236.80290453149564
366.7788646290975	403.4897057126995
14.669465655340181	151.63064844901962
127.6310207517334	241.15457384547366
89.69988601332732	128.79835415543167
36.503266604557886	104.72346337132198
67.27495923755271	123.94906202074469
64.4912313784839	339.62465814761816
301.40979630634854	39.66610849726469
246.14379646487365	371.4074541436146
249.9508918994831	403.3569882016758
157.96598319741304	173.0973193132033
377.76170212949216	242.773280253595
366.09161028098447	216.58457662472662
356.036809695449	208.7954454964371
206.84394961424107	29.803647850213355
162.12322941526696	347.21520286455717
204.9834355727602	315.23825427601565
365.3321244060998	21.813709735552084
84.32319214036092	297.5808986458418
279.3790837755012	239.2449033767612
102.50462883932813	413.32929890648006
260.4342234681865	115.32156826589508
291.0089400153064	180.01846891151388
174.00245766106266	54.9915445961417
355.81912697689995	382.88772704651575
10.235929831276913	223.15420744532423
30.955888115599944	361.72677980654197
274.60149239666686	45.35022549039462
340.5455907728278	274.8850505870201
8.695386731830652	134.02391373501436
25.645277614085696	66.46251728861027
271.15253846729246	176.81324274952843
24.96122084950115	242.55769511559643
62.061343853759794	61.00271794355255
380.4252442151288	407.6833342567841
72.22522762906425	304.6713366900805
336.1256854379106	96.97067669829536
104.33760897150434	335.42387415402936
54.203831098442265	357.3875873706695
256.836372273946	42.44206438000254
370.06652679893057	154.62167536782457
178.2389905095393	46.790135904500495
412.66600323429566	297.3457981093657
80.4303725753826	261.45817985942887
91.37613866490746	381.38352431348625
55.02330038604754	155.49355676873802
138.49952708142388	417.3227901959405
15.621910705627164	240.80960438696303
23.527891630464858	103.01676808305922
228.45662149001683	326.0912898414193
308.8073230442913	304.5010813396031
277.96237851084425	28.683837502267888
332.51497061637605	333.92771267063836
388.97486317414246	310.56507959866934
212.12526598832594	229.56663384608612
304.88369308946824	121.17044915734262
114.63968625636515	151.10215664722787
120.56341476726294	399.34282826585047
297.4407563137606	150.49717611575926
201.94187610757956	279.259495017144
99.00945068305329	191.375501962692
70.48079009166082	148.63173200911476
115.52417153235135	237.5512518219654
139.55630202221545	199.23193921388966
333.141621259684	135.03663528020633
346.4112803765117	365.712793049027
45.35228343279258	100.83205008677037
182.6370698620548	246.16403787828102
113.13819024894917	262.9017912872586
268.07663649531287	100.54131313437249
61.06535044479437	277.8489847277535
155.05924134293244	152.41557743695452
309.21591721128794	410.58957785476935
8.6880001601348	250.04519076854115
263.0371428114249	179.83065035086446
348.72852932004315	418.4025618445686
248.77206120434812	344.6054350346927
173.35499158834074	321.9748597803307
376.81968584294526	349.3744300569405
108.77180496598473	221.56251213574777
305.9402156317154	239.52829030208204
320.17555064923556	90.27604782537905
353.936315800739	346.5800428972006
126.25594852841144	112.70997943995744
414.519760734806	255.29032209106848
154.6963127074996	34.866654900009394
249.3535472901696	381.6007223407674
416.1150013297933	378.41796299509656
143.05172153033655	333.1006714950965
130.4111116483099	122.7157099650529
312.7429989547746	383.95697994737736
206.7003788831658	166.1796339065035
198.06754111005608	294.9247802980225
322.5150194986048	73.56753622589237
102.68232956807189	125.72537116235375
39.66249390996012	18.28246496862869
35.4105978168191	76.64450322333089
377.0410150164953	163.6688595212568
40.67153703040246	366.07802857642304
3.3874734144532628	336.38550383967726
209.2634264883906	243.21212032453496
243.1536041831499	99.18232394755381
354.11877824368923	358.9336455818699
311.65363094870895	62.70846289120913
13.187874899143814	263.87003139061426
78.11906815671719	310.9773969644187
318.4397632880602	230.62105560995084
251.84824556243322	91.6209409345239
316.9009575905094	403.9540335436309
169.86258360162867	419.6913085837468
297.2432352594484	165.89748718873133
68.5740065191138	28.71894370530393
367.30564874779014	262.55608346846344
415.83490529048726	313.6838186320691
28.608258057424596	49.540315980114876
397.77246766057755	149.01426480549668
185.87444935069576	107.24003309111184
300.5732573964205	270.8350469806121
254.7446272483294	323.7325604195736
357.674712075441	0.5161013358649763
91.24318375961025	227.95851460215047
113.189524198378	142.3415846034605
147.31241135828228	248.36915373217246
327.4526726207618	104.17692009739478
136.23796624148977	143.19187207253506
391.11646655763366	274.23260252262816
390.2176346061959	322.0440301122516
204.63832907069096	401.57011846328044
6.279570156329647	235.69835211153676
56.70200354904695	327.6489795163505
325.84400779176696	296.1113106811745
132.07958258946948	405.9672063481494
141.78085102309274	392.75364458862794
225.07922839851156	109.28351645399499
412.1864043314448	214.82561744670934
227.70625842364046	127.78858829181218
117.59023485853939	49.14149228034967
238.5141820565094	18.947727943369905
271.1697098826798	116.0674340796147
148.8794878002097	316.94289633635344
155.96829334290928	216.4134168125813
270.49753978081685	59.28050822505983
374.1655313530286	95.49663110835782
65.77952189368008	198.5924961258378
50.759371324244256	346.19309512089455
359.85762527506006	322.40381896420894
153.6057177945807	193.76960037982633
74.48097015142022	291.41230507663977
395.731927530798	24.629402518211112
104.00858165283512	356.47114405112063
100.70705948340117	50.35936190957644
197.70057182876042	197.2954628333545
89.52930655104146	249.2945972551887
22.11858728947849	353.7944504813613
169.07835365147807	395.08293116351837
168.7494044212757	167.30811811142078
177.76873999679154	144.63948845777796
301.1662839658094	230.96941675297336
298.33469154531235	304.63502116528787
109.89910718641684	327.7717856592458
300.6524471413396	109.19078851056037
46.51138364083275	26.290358922358248
215.57989989239618	294.4079561257026
63.6861859996886	320.22215420477943
370.60422863788716	370.1369696817977
201.7734480414836	342.7427484337143
6.2096917651769195	78.59939548077435
256.5541332301457	272.711698437187
246.13725796583148	202.12024069373848
93.93798050700079	80.58649220316838
365.2337170496407	132.58370642317507
164.97570511969113	55.52121720031253
125.99515814217486	62.29617256950058
307.65539296645784	191.18208458234346
279.2855400830539	111.40836839790705
331.2847775665245	284.82779130493685
173.72017229010308	72.68946047520033
30.829118167932858	221.11108569875574
331.2168192427998	188.5846068163603
114.38909412920188	210.9680410026689
265.9533228030647	377.66905198587233
310.5326916670551	222.41467177772037
96.8557246462422	143.55767745646781
280.2636003327962	78.21393530471715
341.07448154241524	52.53386069779001
131.56248498628432	205.17561652971798
226.90098751665084	52.20214310533731
157.04033956452236	251.98041698560897
322.1858587421758	10.219853134072194
223.82955300279116	244.53325206041674
274.99522774740325	91.04289159400093
139.57690237006	236.2660496130342
271.8177770669835	415.5363867774165
224.31575586608298	38.15886272784763
63.11559472640971	112.46309476821128
84.9028562755135	192.82031128789222
206.08046722651608	269.11079410250215
109.53824407061943	363.51271024193574
249.29717852314724	121.28764830087403
332.5082593153339	229.3556827542246
246.57668178534612	361.92298680318277
61.897425852342565	4.35273731626581
250.382450149008	290.42499966531454
191.03889342387458	137.57459206200926
163.10206097417887	41.777110685258684
104.87005031371405	72.04393428886635
53.234440259720394	219.1490151451968
234.87374926649562	67.85361961053857
234.549490080299	348.5130126293981
132.75928775275628	27.51591732886391
319.8146050089881	134.89444418375774
47.40111147795819	119.0774624199236
82.11688675157913	202.9464965344179
65.21807143385041	296.26309777874513
36.07031271241995	90.47296816072362
222.52318018331002	349.57770398782696
404.5559632443011	417.6166227510757
411.57068730437896	113.7721564051399
357.3807751479361	230.59849285496077
392.02467634262365	217.27804251149553
381.10999619121316	61.9830763432509
122.45669835563827	191.062465140746
186.49695304145155	54.02806763324882
83.15896339799257	83.89346088023328
393.5847328181174	127.87620348635478
15.504612814534587	366.3471324566987
0.7137043619002474	41.09656796879678
213.70341317157494	80.98915892221305
378.46455934365105	213.2278834813614
320.18389339549	269.46712521771184
11.859595086120153	317.1050732851123
407.6528573391054	223.5530868035793
