216.67205762146523	62.442533596646044
403.1642224771558	396.33368432069983
374.40951088289086	217.29852265752186
344.8221498336014	349.75376498959406
409.92966296549247	338.28591937359823
164.84552876328902	181.74066360836431
271.8098203589234	44.069772046830344
99.0999604465591	389.76759989014187
168.29353548194328	324.5433166302364
383.0310336157868	70.00476115091436
311.4164408239929	46.534893800648035
232.85454042323906	159.01472400752075
379.7568415942051	98.9971267970789
212.3460833451877	22.943819149542115
404.6384527517523	23.1818840352568
135.0787870977831	50.57789230632551
22.976687323399503	158.40164884611943
335.7944657414023	176.09971508784704
260.1711111359646	250.29214650985116
25.64151436062892	178.84852255146478
160.8298512469159	12.424889673824735
3.237667969623162	27.155377843351094
117.55679561814843	237.06879376459034
129.39277609437474	130.27880088545476
302.81990808333364	149.13713716290272
217.22077538451805	319.36206830713894
76.43637047133561	301.0674272139374
202.653542998518	103.43541589609727
117.69794550438064	113.35599387157147
45.65099697353072	268.519002060065
270.6094347009037	376.7888175895
238.23754059415074	177.8182535165282
235.28718973611998	309.8052277743426
167.0317035455898	372.80697948644024
153.22231764036684	58.684202748866234
17.903091226989932	368.6732197557236
102.19964055045271	126.00081676845694
340.29458754186726	87.33827783431487
184.98873406930878	187.84110662198424
297.58520559021866	364.51961499917957
33.04718991537762	5.3772867270926445
89.02738675377078	187.93318834225434
22.64690245938509	406.3010524618982
205.82732247225104	335.1335813618864
51.81887592113841	92.7674797708706
154.21953060393525	97.04290468463475
132.28783967384325	337.1393693133618
246.12627229709838	138.61047941536623
236.85897603278076	61.00356388138051
260.9162117470099	178.32929322605312
371.93545743331657	297.47170466279823
164.73945578961354	233.32714655049037
289.0407187055799	406.63915717521746
140.56687087957917	19.374208478405933
82.55296857938619	282.68927754647683
175.4521062754176	41.111931313535194
415.2802223654026	376.5120081298152
369.043329961091	237.61597352156159
48.717003427479526	360.9703245872114
414.85830717455553	81.61413797642207
43.46726423102112	287.33678380704384
101.646405243588	222.67992728163708
202.1438857913069	356.5106530312409
236.27928912923096	12.787169056600428
270.765754371393	205.80996973261205
178.08778792995452	61.82687660282241
334.9581367428496	218.41686413310796
330.15818853748624	241.2931877497852
196.5846023107229	210.23012958549734
392.6668503301944	227.09090847476733
89.74374757245089	14.18888639863245
203.83695144542475	190.44103689221015
254.31330696812793	313.1161577056078
96.05797609239562	144.90464663384168
368.569661352321	370.05561723770614
342.197880253386	68.06975513026534
34.878837512580205	35.86532320692825
405.1198666015231	249.24885082981334
72.62035285362487	392.69319626955314
291.7889103499737	319.75615066209457
43.647775476482565	190.35455245838773
208.65752876706225	277.24934856149093
240.31239614591627	243.7071589605587
75.95760478087948	30.782890258288433
9.37763173605428	285.32518898278477
187.7758385781968	78.22431305067532
391.4849657000701	146.40980998670645
261.16712945387377	337.71837707226337
291.23402163264734	8.00854513411507
393.2371642636206	267.53214098480663
256.545701032799	74.59488071218281
278.4187672258556	185.20199520790717
307.8663611188219	413.8376309764104
392.53216199654884	189.78499950124805
373.70976878034486	194.7808950920797
383.98675297770114	172.90117574453012
285.4991474427809	279.03287653057237
304.8433084997456	391.24497032181085
236.38218647350547	371.4058842825643
20.33566279419372	233.79405369052455
154.82713212908257	151.980656177263
305.9563918494137	124.99256606264765
382.295862282339	29.317886484988875
66.3358670234068	264.15700500569136
57.5077622076409	303.57312718954677
267.8699906532492	230.42263705406043
90.66678896924621	316.21052621922655
198.17662682377227	53.75540381453578
322.83942981776744	402.2151769687383
355.7442269290774	100.72199987338864
234.9959604427954	280.3116218659572
120.48826342729177	24.492145498606117
257.4786274423251	12.382156752246512
347.7740355942511	45.25479078493012
219.564926228213	293.2455307830445
265.0659633820605	269.0682837792127
196.90807050560016	34.236270634851884
290.8420773991458	200.27698970057614
322.1604492079744	71.15263576854434
268.1677829683602	291.51516147123397
12.5648206052564	138.8015325974178
166.15091685233492	350.49202073433565
167.66257257088688	280.2593265288228
237.8055085249289	117.53161310367493
118.93393820239905	407.9635606488209
416.4652432696289	119.50419685817492
417.4572607872558	355.94659370492
366.90244536057736	258.2231722040691
259.5460331072924	99.21400766397184
217.62279257593218	380.6741241826084
169.241911547523	119.10521273527274
349.580982799316	5.939580201203884
201.88123938783934	231.46010624743278
164.37486187983282	413.99026865451657
4.047847666620592	64.40419997246723
29.506439275230683	353.82571454358884
308.69134480058426	215.9533979093399
24.775156462134962	321.243565390449
106.60320098321282	61.656297432624406
288.87379699242086	381.20588409368156
77.43246851724969	246.2879269328368
367.23096763253403	405.91068118073474
137.01002332110596	159.92820309445614
241.9750353016367	347.1892458280175
145.92655828123048	195.34689475141096
383.60574328432136	390.9640313738811
321.8025842098783	28.5351334640473
196.8553387337291	314.93902086302984
354.09677916205237	272.27437510847454
272.4593502053154	317.99982597443665
119.11302667408559	384.041569966561
343.88596383647416	158.53812809708356
418.15446263199766	46.59913229511614
137.61175640099543	398.89263840341084
419.79331117099053	230.44020808055816
16.605363531570813	41.968348936405455
114.53686553587524	43.21980544641319
155.118725849724	251.73273609564072
221.35109511280461	351.14683332745994
139.11389738529294	289.1452236425241
407.32372883511306	280.379648170061
149.3422097729653	77.9927685418212
275.4796452426878	22.25873816408396
42.38013261148829	53.92220731724773
308.9863336885779	333.09297546245364
398.66353443086	355.5606212123179
112.67716371517155	80.50056939655423
340.6473950336702	320.9852895310913
30.42441149593141	104.96600159018689
221.00331656498452	99.09827417962745
229.42735212188703	32.590714114239475
86.37256052668971	111.33294543105306
131.085146233337	270.87181984787594
68.8638813499632	80.54871659233906
82.49357046610051	227.21400471136366
208.96321801667997	398.27423627058266
157.8460936469558	395.19455294870477
375.9534140639205	279.03533186112395
295.2386090937439	168.02632843265937
415.29068276369435	298.7649441717379
72.09797970929719	51.93569275207327
146.65518680551276	176.15013233461644
178.34924913777712	298.4424276068077
90.65585716873038	47.71498981953913
279.5113901668039	97.49508677135952
132.79676776994535	251.18397931404695
34.128966767837476	211.36821727651125
4.98078304608096	167.39209200184354
339.355621421863	110.44625140804901
274.17709778494896	418.5882133714355
42.82943479800781	168.5723577502706
361.88203175314135	120.96730089819204
22.71696474813093	21.105636059767082
87.04175254876391	167.81958987545397
197.63584288036355	375.84557868866267
325.3952844438822	198.83540109095696
400.71516956650726	107.86595745896933
145.88376786699155	215.45129869341991
224.7628633742531	261.57719726899194
363.72109812473406	63.65816464839046
108.62454029987605	347.67086169734284
83.9334775070841	67.55407483702479
113.06630455028007	262.6242027541126
391.2974340195526	333.59363404717647
21.303102791111847	301.3781345354439
307.249591999392	189.29689603764749
52.98007651865814	21.253781789214134
255.8356342507741	53.908152714896964
169.01445139857955	82.52131795388073
324.6106664019168	123.0209911466886
342.625480628191	133.1562172471778
395.52992107201317	87.98149452993837
125.52472959605642	308.001305255205
72.07611564386947	322.98938716359294
329.37141506006265	53.33425769973678
170.53684686353384	139.9059495085547
190.55428915639385	120.51898533918765
303.90631886983346	63.772397496477026
57.31258898227618	65.33671063929503
319.96487271217745	262.23389247169325
354.59887094670495	216.92163911160694
381.906999437241	119.411559674943
345.2220358006735	198.7586143650028
412.2316281997747	144.1649538493499
315.5361599144588	170.0726683098438
285.9979255620812	79.09794433084924
68.09092124099374	168.1780606519335
214.1254577739876	43.735336687061015
277.5762326481242	358.6106242063268
385.43290285477	247.44347180999566
172.70582187692767	260.5882470783814
418.40150618881387	264.35849708490014
306.30458083967227	83.16388889997859
127.351103279995	5.591889348751127
235.9448741016895	329.0298290928393
340.5262557222101	409.0473704965385
89.52488499686778	264.05295120649356
2.256650540868963	403.2704913397426
72.21411371865746	146.47671307949997
108.4261662949591	8.022730356148251
206.85627327183835	134.8342148690263
52.84757512345485	248.57626065512613
124.05709950274348	365.92552713970457
222.21407701892707	237.772156810333
183.616260962905	243.49823748644587
418.68744952681914	185.3635563320287
272.7903140133533	395.69730309790685
225.23012352571664	139.7472050274916
46.85409679351168	396.0184637756102
286.68470925841984	116.68629999001693
21.144224041131423	197.79742441073785
151.3679007439432	335.7893060525368
5.777488473088843	316.6906373877619
216.4445383881962	175.14440814031317
186.70487370411794	5.127020344256683
85.15228998296347	91.24182799969402
310.45633876154926	235.03983342951318
66.76348606458049	104.89464576032155
313.65151657738943	285.4236796112823
371.8229468151572	44.874710031371
11.825442396385256	250.76754486337634
150.01543387115365	271.62158740404
357.3115674410425	181.86532527445587
196.3664244658453	292.7835498391362
197.59219580313473	170.83970100900908
99.4629599700229	243.26231077670587
16.229583554810965	388.5306316615379
100.55096370028966	30.08955252317502
173.77687066506508	159.8682303523343
186.2241959904247	331.45244997234835
255.7102661992842	158.9920870336834
286.60834045866704	300.65270697483925
361.50427870581586	25.091789656927464
191.55962798879577	149.6448941911422
48.64732478338039	111.40496708327011
288.06419290636984	339.22912814963615
12.244133646243942	215.80264187872183
218.1174035131127	118.59139416465726
178.36408793568205	217.78666790790496
348.1430891680687	234.58461660400408
70.12712060738845	10.84203012607145
13.480518610868724	343.6594965652011
56.7140234853732	40.78212615325731
183.83548452262485	360.84415052239075
127.27526507235079	178.9869964913517
279.2298335322091	256.37432137862817
370.370827035137	5.632431902552698
69.427615024654	187.57815073125775
250.48330331799897	385.01752883373297
33.6710930045872	381.56596104020537
224.80182363910754	417.5929237562187
35.67170201044022	126.51403240343595
5.5565662590368605	100.7851933110803
39.16229745492134	308.5196025313626
344.8825566141392	254.10175949033209
53.708327788960254	151.14508336107554
268.53606825200313	121.82145990531546
142.8022922701033	374.8542650018481
206.1743561644245	82.572109351625
335.361118126873	275.29739454732174
248.2636717770742	30.273006028402882
347.04035600834897	297.3143042367547
7.9284260659694885	1.651805354426266
335.31874346153853	387.03649272468556
379.8043802941651	353.99658982854714
300.99665762255506	255.01708711666618
144.24849230398743	417.2546849023032
300.79676037297736	103.5874469519736
119.27939472700605	149.41972924318532
60.589554445144884	128.76256317789964
370.8557964277751	139.02648304741206
389.42131503579105	11.551755705522407
178.06885504241998	389.9367123167673
310.95596732897553	12.444454584488627
52.79384969584943	324.9588649029137
123.79238162323236	217.69259544090565
244.83171293866755	263.66104760460763
315.30027067763456	371.9756063773615
27.782187835078826	276.23370305602606
232.3932861462972	396.55988994463945
298.4200997771112	26.656360753600218
253.78163711307968	363.022507790738
403.4915969336781	65.63016520293024
285.8502731085011	238.25016933088972
227.08209571734315	78.60184473492492
290.077302278307	219.41935285207373
40.259870930691775	77.2681470784515
253.63960250505096	214.94526262771996
305.2787149943204	303.66126679200147
141.80510166448494	354.98709025709763
136.12593906204208	232.54533710618853
32.45471930604169	250.0541884268166
129.1221666879521	68.79709441781397
249.32679674557585	293.97687125905014
392.90163904925254	294.90066674629514
369.61317892532077	331.71744407122776
87.31789620249167	335.6164962111777
203.74639632019725	254.09681933674227
37.366887280938556	336.678773224822
341.5977225602315	27.48038465860247
99.73832201373163	411.3372426924622
327.4475694095842	299.32633052555457
264.9721751611258	141.31073186237523
83.21913299602333	376.54371193525486
363.3545223819257	161.08423236704556
388.841445228684	410.61404950214956
58.56327537880106	377.992814426791
396.55851688886924	46.99210836585512
152.22311454356222	128.71455246196078
406.4582806862439	418.6584674023589
23.946942276176543	87.29267334371382
332.44175756704277	363.9810361923968
291.28552452266086	45.26632570382982
103.89871934545727	99.87748566463007
61.1941839634037	342.51144740700187
204.88972684534315	0.21008561636368572
158.273297559376	307.176809799649
321.85398218957295	317.51039797424346
127.00648977947888	197.82259586595043
237.12449906594497	223.87342151021122
329.99663583686464	336.9066064379763
82.30120539499963	205.6127956334503
61.88746235939769	232.03027990288174
210.42006292785513	155.79253747713173
62.355510627557095	282.7486353006136
277.70237074167807	158.3251880341528
242.2024644736203	200.03826604773587
25.14180475248057	63.12903289817307
80.472914849212	129.444074659029
241.4108231823862	91.0581575798129
322.42373225949694	97.25173017997527
136.82519809956668	111.69265871968965
43.207817362379686	228.48836464554967
141.6353989112361	318.67570865450205
80.79766710763673	411.74980651223814
106.30828933625386	304.89515110095215
119.7410182333973	289.9770498628776
103.67235427392525	370.2399265679874
219.01534799216404	216.25945237577392
107.78029911189326	183.62020668331255
191.3602990915009	405.9557464177316
108.07559573093887	325.02543419230756
275.85742055658426	63.19171228790272
314.5526152946067	351.77746777191726
395.9705006866491	375.0545487592329
164.21490013580544	205.24681097431431
188.42390712477354	271.0065539289249
285.1846623943914	136.40746348924645
358.5130962167158	388.3405547946565
69.28707667840165	359.6247984403115
59.70449279642956	212.81335618145897
404.23980724148026	163.50248509871201
330.52977656532374	6.208395466207528
360.47406900364143	313.76270318759373
363.8401543809981	82.62796815482817
395.5382862243824	208.31277259929556
102.27985463629531	202.10106637695316
107.54310442875794	164.73016276364592
102.84494896263463	281.4998299439697
177.79197023528474	21.85169709241515
55.55580648222686	417.16439067385824
130.08227364481877	90.52616458644998
382.5878057960973	313.88758053165424
324.1004230741725	147.60310599295536
415.4030244224731	204.3686877440492
16.629655014617473	117.7079314334538
404.2117721063136	319.8972083872105
349.4928853058339	371.79220442072153
255.20144604797267	403.2585870955257
183.0766978549655	97.85418724661388
224.93616182242562	191.9943578796479
91.1762604076698	355.4206916486758
151.00857841951225	36.673882035800496
