125.13346442609046	384.1405129628246
382.3253132714853	319.23594793951395
148.52252431481625	94.76659335355774
315.7316328786958	367.21435624160716
67.37140223223335	126.18114965146604
250.134823648591	256.6568832723151
125.36581173408507	8.28519643414194
276.8808349272608	363.6255901036327
233.9569213309336	139.50437970062856
217.93262285130288	219.94546807467847
289.6849194698577	349.3740430937511
344.6367923316156	36.34995999870811
356.852440314908	190.25567194800388
237.80855552661123	293.982242341772
131.66501406682247	49.70256315075253
304.38094294802374	85.63382545016063
359.94818865942653	419.5484704363981
351.63788835049047	294.16261491875963
174.15734504955847	296.1018785079178
418.6181170843569	117.68520848830838
144.4245170650953	213.78166831690348
175.9381608650464	132.71481091831456
70.42869705511353	241.95554036748888
92.85529655230015	31.0455072772951
172.6001595113592	373.37573766065276
15.631474814336277	393.2886934770654
88.01818644791996	205.25726168729895
6.27932299573025	284.7185090069925
2.7045220656029594	0.06409166241819751
254.28886487884353	167.3857354186876
2.8489364896405314	139.00143419428522
329.71206522298473	353.85649326704987
329.8167895237546	244.23464267715744
108.17390953906006	19.097188515747387
69.1849137583262	412.6597984058402
331.69864342698173	416.00858332593765
314.97883505640885	229.16529881471203
48.81491788630632	414.1321914529577
80.62164825828803	143.66324055325043
54.889504065386234	210.71902059680576
382.29706267198503	182.01575901732588
28.466220620116136	293.3298856526485
219.54046679243964	307.9367065962072
216.43613090624274	3.2769106235398393
208.6235340844538	57.005836350957935
402.5644847601442	28.88198582509246
350.6037454343835	81.72113023275101
191.0375743808374	97.00400853061831
347.84342261306864	338.9410456612307
270.4335394229836	47.873443271333564
36.081843567419845	217.26906821055604
85.34235699933821	304.95315739207297
251.91504325867584	227.0219751028113
194.87700762915227	377.36745993172246
215.93378314630894	395.4091771838178
387.0241868446711	257.7704235057533
271.8137651366913	403.72840672539894
114.1515348845847	291.76400334032735
34.34792427568232	237.7728384848138
390.0632041663103	163.52933292948563
58.75440344996217	68.9829446757541
92.3241027009291	160.8200880731018
222.65181220580774	196.58494275010707
262.0195371310427	312.0261247326993
24.5064883967112	413.6599311901101
41.571232330522804	314.3330087611442
312.7341324417938	276.5941410036532
33.24700594688238	34.63545177665974
0.8458084328152624	324.71507416117163
385.23183840894654	390.4171087367552
14.0659459536176	36.34485947893609
282.76417564606635	250.7143108754508
216.03228509695725	374.85311104216146
90.33021585036775	408.51235962797773
86.60754317353212	12.630499714222772
238.8565361076304	109.22372348997303
155.5848825055566	285.7930498392218
7.117899641749452	264.4623090885853
347.55641062015184	110.93595092211493
20.130425123109738	317.7961695618369
331.50448025429455	125.8436713787766
283.2157936011158	383.49168722765535
232.2271103697161	91.38141013092499
312.9322496153824	296.4055015419069
147.45948623681227	114.9001451564871
57.98633199056643	257.89275209507656
355.76051855130646	250.50264058969984
96.67696157954194	352.29091987586895
275.11906530720375	160.6649300174841
328.1133944499488	334.1352099348205
402.20811753544075	48.17233899192379
156.00325631636593	247.2698020506147
51.338109512111714	275.9398022442022
256.60847243021124	364.37020540185574
383.0834804892603	118.10905924224457
11.050471752954154	177.71959668016459
125.21491606463634	28.499998597705567
163.6600188118985	313.6937130206433
126.27923046380722	346.61290193895917
14.618832559886947	154.8980914638709
402.06707467194883	9.786848893233907
324.85690296151085	396.01604401037883
367.5442410044679	129.93231353351166
34.18383598952251	143.41698301256997
417.6097565336803	236.36752037540572
63.48955650016133	308.41945820723265
194.91260968813052	232.95841340527772
221.18984762313346	73.18040343837522
184.97319269701632	197.834609485127
20.78458887098379	17.874342745675143
196.69456295233255	252.78806639773003
271.6732812113274	223.82068777652987
62.87393181079825	372.37377240495323
330.90238953460465	74.1053963904717
220.8681751751666	173.73657157688154
372.0219094693123	404.2242517172283
351.5000647810305	273.3784562437178
188.091709162847	148.9772168964754
404.4913203326389	273.0012757193583
291.17706152693995	147.630697464051
74.04638688614848	222.0859935101881
85.45467200773176	375.07073683766055
380.78607180566786	221.81545475476466
167.41979943531086	150.86315145341987
119.2610349589137	271.2478666208163
234.8375393521689	158.58951938318992
59.030131971560344	349.6921564357603
399.96214717154567	333.7627405270307
29.844021700194713	166.8375763564211
364.7507389643461	41.70335209268584
149.12691666731675	60.16753953026823
221.44900594319756	347.43871224789564
347.5704501312035	402.0585745407131
238.23551658682905	182.2947211164195
65.72886558982158	179.61992387008027
273.9416679645341	328.1938292691283
138.05289410787566	174.94771892839393
213.31435562738778	149.7048877065064
35.9842533140161	342.5196133347289
369.27068915745184	264.90665734060616
271.19165959666833	141.81555469668817
212.48405325686858	269.2609894074382
203.75239559158155	204.23767211090626
266.35197284654066	5.607628840962182
347.42493588318314	316.70629122212716
130.4077082509339	200.63917047740318
50.424763195157134	166.55849127498396
364.0006925396647	96.16622262837902
26.609019340147476	88.69516941565868
90.77955435256074	50.04926175785751
100.73470856034895	190.39798406620625
15.74747082147674	336.87501020045113
410.2075954524901	68.09324060946008
415.6056347561026	166.22112232968686
282.29625956244735	281.4111823221898
160.68644728559528	43.87412770038197
288.2268786378843	75.49364805422852
398.63108951654056	84.1773701728287
269.28959088368714	264.5050867608985
265.4731400125272	345.8678461198501
416.23631415111106	391.52087352731894
144.95387931099444	302.03697943582154
169.76720772701304	114.6119483441127
77.06057323998506	393.00642568257206
157.75931614785787	403.0983965458369
349.57678286935317	158.8812890184381
200.55973479390858	20.1381975181806
145.27026996559053	343.3106789763949
401.9884155745249	180.07835816967594
279.8798342225539	200.25126210163265
182.79291002966625	218.25874400315712
36.70448982062198	398.55179870249066
308.8452313820867	411.26589983470427
45.385670662989774	127.27035832801596
258.22056983994247	107.19173742977245
335.0942776302687	375.9261433657358
77.93484335236992	70.76310011205791
160.74684786313557	79.07510234283701
359.70854215330905	61.14069838240734
56.02545292648668	328.8496840672553
392.14870137644215	238.84651749497218
71.07552840063386	30.20870150512717
199.1109030350704	39.57982752055439
304.30886359401234	22.57487533378737
326.5715251751363	28.804431714399723
175.3896377695772	236.77911594339167
386.18151978275694	417.692672228735
404.7878607723689	146.35853409785312
130.60137222513487	250.02410171742213
97.25477352720796	124.2389955625286
37.34587511702479	109.88511767199402
83.09580165272385	110.13187217409867
76.80074293862033	357.8994556419092
289.67169006560414	35.51894891970109
236.32872825425622	387.4898413313837
232.35829031795646	411.2764800872659
157.0391388080164	172.27480334561804
372.7138362243971	241.43281521317607
361.3577031174645	213.48940447800578
338.50085682028623	197.57213039839286
195.2833238446059	418.62010483046515
176.863147218783	353.12284877424077
202.2380283736475	319.51305077351515
358.9863311555786	22.91734836612404
96.02696470040055	283.4955371587453
264.48033950494096	241.5196318731333
105.82248013139666	0.1349913681886645
249.11484006012464	127.24982716835001
296.34320501986616	185.19599675561403
180.4479797901869	78.23825544649192
361.4265198546315	388.33404292528655
19.09222704848171	207.6466647504673
26.28757832271432	373.0030286113718
257.4741352928869	31.050862256466026
332.30378283906674	282.98470027479476
21.144798629735256	124.17335247208902
15.278662538330778	72.36881995067559
277.4544388149709	181.21756780141814
37.56811288794811	260.0273417058385
49.19694011185457	51.78587068777047
402.761941527288	406.4112299668425
125.12452896435695	313.29578739763684
332.0773797773921	94.1170154199989
115.74078026214656	330.293011890843
57.45357885260691	396.0731211473392
245.64430450293446	9.985623325855201
368.5286697657985	150.36618115195458
182.01541526324726	14.515928074275447
401.64510277182717	292.63448027079556
97.8050586635842	263.0456824488322
102.2799614556622	385.72307816348564
55.15353980116612	144.0557330958364
159.16668172133058	2.2088857433773894
15.916822478624056	229.86697618783515
14.760822692182428	106.12565634289068
224.40726802740332	328.4335987844803
295.4041133145568	316.455121202964
275.0889127375035	23.22056863237857
304.9109915465154	335.7050118217614
383.83782299383074	299.4941474980755
238.33229355979776	213.16144616327384
290.0156808398444	121.94265499373309
119.92915734581041	149.73554970545425
113.61679091940863	402.7425123912279
311.0536132181738	148.43301535123493
197.43789537730868	282.0175991125237
110.76879645873936	166.4671388949109
73.00239069123607	161.88072874481978
117.37343677020529	226.29849300144153
148.49404974020408	192.63100188691348
333.15761535010785	148.71774327485974
365.7520033774814	367.63234267328585
67.05944098806626	91.97626425619748
176.82508383631094	256.2961855256399
136.6523299461236	283.25763485101857
270.51696966121756	86.88126358899542
48.39554361941931	295.60346055009035
153.5388491297519	135.86300712151328
291.78541662584547	402.45169231984744
20.081143876685687	250.47142190260612
258.72814199218277	186.56297777173216
338.50805724614196	13.78683550667067
253.24701446721906	331.0124290349251
182.38678839430167	324.8822920282687
393.63821759903817	352.63746721200476
109.0796534260327	246.15835791447262
298.69760812528915	239.1401377960191
312.74528052868806	66.43737399613667
348.3929969106628	359.0762364785506
111.277089587406	85.2735762200457
408.64224713783204	253.95799891467593
162.5388334859471	23.36938469136581
250.2883728614923	402.03896500731395
404.28654648993194	368.9145977880922
155.3850536986233	363.05362915475723
129.2450063848039	95.78333928362369
295.8265565503243	368.7593757981392
198.2222308813089	165.53318111794835
192.34110300573224	302.46862209142444
337.70209239678866	54.21530368826944
119.59336286171597	123.14491723023775
40.12624327479621	11.619625721176519
38.327946171568016	68.39815740518925
365.82869109249384	172.24827978461244
44.81852061405793	380.8937409892487
17.045961758488573	356.35186538530775
212.85055296232406	239.47336257290644
251.2895863940782	88.61768214240244
373.3068854299214	349.7267939556272
313.82093979940083	43.77795564785245
23.231943307326357	274.9886682514234
105.01432145591325	310.5124992908704
320.36887613602613	210.13766453564915
242.77669970981947	70.63397383345307
308.06629836056004	384.9862235042276
176.52034323012737	412.61416326839526
298.1977193180306	165.8587255939273
70.67591711352001	52.3225351927506
334.98867289559325	262.9245335956045
401.4158201993084	314.5417065913127
23.810654791848442	53.09740935007383
385.91374031567426	141.41030154112534
207.27821308899087	109.67419192584632
294.8510394783183	266.7055244361149
241.26726363623985	313.36758470143656
377.61562720740034	17.25889575570869
97.92564057376165	222.00706781755053
134.1545794837251	136.7458795568095
143.5616553595461	265.43214357008776
319.5139333763338	110.7135048382681
141.51699394726563	156.1027422856866
384.3374966121903	278.74794235388435
365.56436482036986	330.499951488177
193.05774208761616	399.48873159572184
417.9318813331129	212.27068579335344
75.38472108652414	338.8492010290854
317.38887390610665	316.5092905145336
133.37571287798264	403.9552815869363
151.79370660254816	384.193393906565
210.1520137830078	90.84506144162914
417.2164171665624	192.8006070019122
223.36785196094164	120.54837459083122
143.95279438834746	34.55386568603392
222.86368778379628	21.316112653435532
270.53511281712315	122.15343163538603
166.14033877485159	335.3701692180133
157.4700257292215	228.0210694806962
251.71223243911405	53.649178364101886
384.09752361695246	99.01756813752903
49.01932713415345	189.39089404459523
43.241161129593515	361.7660661674901
366.3114847116498	308.89072991906005
167.35175502348773	188.55201080794663
78.36847768990609	259.2968353484749
383.74913735534363	37.80611404074061
113.9647417884517	365.220128719895
111.0484069137018	46.14934802484631
201.9986163990459	184.79756533186526
90.56224595856615	239.84863089156661
418.15766229684056	352.5332206770055
173.68937230226206	392.7340547383529
179.34613309797732	169.42267548186098
189.2758391983573	118.97256662192204
290.41623488078324	220.67415852765726
280.97704823036605	303.77246414240636
146.72238963110377	322.929064553783
301.04259273928415	105.03556423787124
51.882586615025176	29.367082546476954
215.83008812973705	288.783703711965
96.80195732117545	333.1350886752371
384.83465521451234	370.9602866957899
197.1316538329958	338.510798103721
419.5166597404923	85.89633078769869
253.96645954625694	277.6577918302739
259.0992294471155	206.25292532341422
97.29372294562995	71.78971656116563
349.63840193369055	137.07081005512535
169.43311983921419	61.88110687080766
135.34553075243053	75.76217894626735
321.67242259670275	164.9392146789191
281.98389435873685	104.4637987345746
333.4118065933038	302.2571961851749
172.06589937590275	95.30544714761854
26.486240255016277	189.88981379150286
340.20950665196614	176.59676301370692
111.97958294835097	207.33973453246864
261.9132014790535	386.52163312417525
301.78910083372307	203.50695241271282
101.89873360375186	143.24484318838253
296.0380781933145	55.965958397958026
371.2975793166947	77.28995314636246
164.86396164680758	210.4399265369398
218.94517489072328	40.38481213882481
179.20891648600588	275.5786923684119
318.5856983859898	9.791420527256443
235.61304020463166	236.96184107427032
264.29072016397265	68.69588112718688
138.55391663351125	232.1370284972355
290.9194157887519	8.536343372951961
238.28868957453813	33.9614491586364
102.9114334574446	103.65257628697
85.64712634418404	178.8343457765856
225.8631724606213	255.28949962892443
135.62464007200555	365.9035913829135
251.02407186563303	148.1355014074661
320.30896584851155	188.62244084407354
235.9389157561659	368.0999572264871
65.59444155344279	11.947150488498336
235.16584006877898	274.872443255891
205.52555140373806	130.1385453103446
179.59168409502755	35.10427837648796
118.45128771917453	65.51257728860554
52.287689756223614	230.04089105188046
230.34802282282683	55.63059480107342
240.57579606339905	347.1437915778022
144.0951613299135	15.476364972540493
310.59591815358004	128.40687268805073
57.07741926498525	109.13050483276008
70.28494152940559	198.07829464996405
74.90514270395691	279.4487712426857
46.27005487577082	90.35166542236902
201.79817581306588	359.3198985343281
1.4633440054864228	21.356379398855836
404.8774389816538	102.73095538068677
342.19139375886635	222.11800020700667
399.5230641637501	201.20768560381052
385.70347085985213	63.07077390781977
118.65086040811819	183.94058113512853
187.5532561923142	55.499910264834604
86.85807303834866	88.00355841072536
400.3956448644181	126.04332918251737
6.254938783552244	373.2041403292092
2.4289474144919385	52.90026323894996
199.5238182728342	73.92227403062421
378.38056494546896	202.00578430904702
313.5935971293784	256.57886904664383
418.9122434712735	303.92343939137385
399.9258593015512	220.32833102912426
