122.99691505998253	384.0989923664737
382.3840694927891	322.51475070113054
143.52975967624386	94.96529155886955
316.9002066499817	363.8218305312425
62.99772655945097	132.09478999865635
253.9107212739959	259.14426327771906
126.11364108168873	5.529369937161046
279.8763743580289	359.4499279734078
227.7437041753527	138.9547498342121
214.40519876188728	219.62216873090216
297.01625451729217	348.27134195089957
346.49976954051573	38.11120705466202
356.1329238410191	188.1525190538898
242.21261009115975	293.9155944250087
130.34844045941946	50.85274292051011
303.6021407199591	84.23633509679877
358.4461871834924	2.038877842234063
355.8632462838972	295.1965043503914
174.6410374880804	292.85879368238386
418.0619354967592	117.39192363482483
145.82026128856197	213.70411284872108
171.51214215583212	133.68651988298112
70.41374733412471	238.83372627771976
92.48632632532295	31.24507371279412
173.99250826086327	372.6621925668276
16.469297466793375	395.8016955565688
90.44623157050655	203.22954060700786
4.998544314902252	286.25942689124327
417.1855520555357	419.5913427991505
253.41261132498857	168.86858783180452
10.446519599039167	140.6710074071612
331.9100741778334	351.5889355508966
328.54115665518935	245.6367767543592
108.82562889123496	19.52424404640847
71.32419357833284	414.16779925108875
329.79697620176626	412.9483469918637
313.93592089927824	232.06037877743216
48.61639525613046	414.15443671507876
80.84821127050293	138.16735805956836
54.06342533558339	210.07960741170453
380.19490251619635	182.84501216630156
29.530209008453888	293.0496171984023
226.53778863020267	305.5424715561964
218.10535131171574	416.3353014292449
207.8171468051787	58.23639811695417
402.0668829872113	28.229592129184663
353.4798621414927	86.42957714435944
192.66679189089024	94.57294061790117
346.49499126506237	339.0269714890399
274.67135293949724	47.457594777043916
35.193546999745514	221.95233291403804
77.74216303369678	307.4119517634183
252.73539943833768	226.67576666412307
198.24393441627916	379.9387107336529
218.4794872619815	395.4964205022111
388.8551279375555	258.808836994724
274.50595353312036	402.1528359504419
114.91274218779984	291.36502199931164
34.250268731723	241.2101964297208
387.4768857544888	164.97530381194736
58.715912775755555	71.52760407140283
93.93593006224889	161.78416490350372
224.73518239980143	195.95086078419098
262.67512190907604	307.9776355160139
18.18398274571782	415.70731171039535
41.27691848617005	312.46335414394684
319.5997898485768	271.5298343791235
34.74057872101174	35.306654550433365
419.01051758523846	325.7180760735748
387.6055920204332	387.63424345916184
11.533232641401318	33.29781433908384
281.125925618732	250.95357254143116
221.03708094053184	372.871505657482
88.87039096271958	407.5780437486734
82.96264391565742	9.451326331739109
235.28824302010005	107.18805413670877
153.3197912349201	280.896075985347
4.23687844567778	265.09831913159525
344.70370237174865	115.44757811470036
23.038256021238137	317.3778112986214
331.1118415371603	129.15677356775765
287.07377673281815	384.80103739793503
232.96270821966164	88.13089059675333
315.3101069383318	295.07428260817676
146.06795963836674	114.31457933659055
56.70608660705314	255.81722870199295
354.8274661085263	249.3059788924212
89.83968718543204	355.0181304141683
278.5849912087294	161.0950746315669
324.92101150357814	331.20158283375866
399.7940909014606	48.27320458539013
159.8345121148928	248.43776433828072
50.02827122163295	273.72559000984154
261.729303873929	364.23102578121586
384.42123888822874	116.72009738957631
13.467272289341414	178.47462389771687
124.10721846899318	30.22324916747121
164.94395507891866	309.27378668928395
124.68683555075805	348.46191349498196
13.986835727379379	159.8895859541647
400.01033903903743	8.950162399160604
326.40372880558346	394.35208087890254
368.70247172972597	127.7665980631918
29.16282298455512	148.69200568854416
416.10141861424785	239.32408810458077
59.94293432106724	313.08618966167614
195.7321613415591	232.92437513637253
221.28947774849135	72.58441179034739
184.6051290138505	191.11971733601442
20.65673990981004	16.884263137730287
197.71108755726476	252.38510477581463
276.7955229668833	224.54323734036072
63.290998202524044	377.6114770133418
336.8284979816511	75.50070069429691
220.87005205936578	175.11819402391032
371.7780034657475	399.6703913098085
355.2193629321927	276.4419064651181
185.9495869904663	149.47772143437737
408.51182190975385	275.4243384001341
296.6221082496116	149.6341586457523
75.65517117456706	219.47403371714736
85.54024179800814	373.16890939757855
379.76527593730265	222.7542027028395
166.86659749606426	152.14172597891414
119.40885688188628	268.4590704747048
236.47536498801907	160.48572564830172
57.568948052189704	347.49441669041215
400.2773776861682	332.035989247688
32.16579954943459	172.31650161723567
365.1544360798449	37.321604236484845
146.16085027219907	64.67554481086712
221.08926786434148	344.37527058845905
348.6235893325998	405.89000726818773
238.02921663637918	182.82001575123613
67.27409867379069	176.72110330054838
280.0629844195871	326.1235782817478
139.8029473729283	177.06716008891215
212.41842106250564	151.80869191645812
34.83006880350655	339.70275793588485
370.4081768309167	265.2823454408512
268.5100622557666	143.97793578768218
212.34656303376494	265.9323701537417
197.60505994656495	208.52916524451783
261.7395008322796	415.7399181555458
349.6169872752787	316.53449293784854
129.25199692496935	203.34558619023588
50.54459025336207	165.83082772630132
362.84472261353534	107.56859147143034
24.859966755770724	86.53576371069234
89.69100118196876	50.39083887828573
102.51397406366343	188.5240740777368
16.14755241204307	336.31112456038863
408.2083891299381	67.16979692921137
415.2837532622719	166.57985643436922
281.6259240281662	282.94606004727797
158.9486062272122	44.05188315229505
286.34736180021395	73.76663783891493
396.665666646088	85.07188340843135
271.38781636497265	266.9953140682253
265.6846545750589	345.776091893997
415.60599068763986	391.36358943120865
143.8210800612295	299.9621419315206
170.64623277459904	113.9302852842227
77.41531491308685	390.4264647965095
148.97772950433352	405.5153543444505
347.15998231411584	162.3626882125024
205.6793620149084	17.704112604660992
143.06996327995847	344.4087999901472
398.7507483887371	180.6298352682994
278.6702100463745	200.2984043141348
180.95622610839243	217.29401658116552
35.19043629773072	398.7900043673665
311.0342603089306	412.63447195630346
43.68478153316589	128.91512586575195
263.4735970531961	107.2597613769157
335.1373435945669	374.44613322401193
78.96195629321802	71.61233326191815
158.69347527553307	78.77804067299019
365.8257868672475	56.24379366398766
50.826694818417636	330.0721057291215
391.63797369903256	239.29747343320878
71.47889047529912	27.248521819304507
197.91856648656335	39.32728208279386
308.682752970784	25.216768134452362
326.2505145359489	32.07869171374593
176.12250512082633	235.9340243717134
386.03810105884025	414.1775910770358
412.34270107691043	144.8690323465516
126.47752191108616	251.19226229767608
97.95935194105316	124.6911088124134
37.68939109767902	110.54565159566899
81.95216897634425	113.40339819053268
71.67649807349342	359.8560778094632
294.0715783408673	36.92371322554646
235.57683181134152	386.60742062522553
236.60855724325324	413.05364751667514
158.3076025908417	171.084516194414
371.9705481840167	241.83651770390662
361.12073698929777	207.03662390497456
336.7164069584076	200.7166626866527
191.2656691511793	1.6611499156855736
171.24823495126918	348.98419907092324
208.19825450938438	311.3120754534967
354.8537341100128	21.004428970727318
98.19741937731682	280.4065514402712
265.37929643009596	240.60481545063558
103.0827129054451	0.39653260498156295
255.88805528709747	124.95777129544562
295.4735853951608	188.1856496187372
179.17870095377683	77.9247620586189
361.8721448805556	382.9308743862757
15.980021505066071	209.3630006547546
27.723797803279044	371.5950848581429
259.10592720137277	32.68995674613049
336.7727138587074	280.99864962302075
24.310608584575853	125.19682468566702
10.47005190255284	66.962905887491
276.9292382532547	179.82453210200478
34.87501038385869	261.59859754072573
47.25898396215699	51.89067951339867
403.0008035301776	405.2976258319641
123.74864951920135	309.7065717625572
336.4569064273935	96.79153404132478
118.01138257028886	330.005547731765
57.22171379260293	397.4415397588984
245.38116342598377	18.760767089610717
366.6096082468983	150.53018478922087
181.48897207158106	17.940001588196466
402.2928225532554	294.58001191576125
101.35553551451841	261.3041946579779
103.04722341342315	379.4732191399077
51.82859614028967	147.24159494610063
156.88798920596167	4.786922549969819
15.818159265248656	228.40382607851862
15.431027558742755	108.78262336008439
227.91081587376163	326.85219924220814
296.23694715475847	315.37446197172363
277.4805263738356	27.359530493295267
305.364387659285	331.66265311163363
383.5729940557635	298.8718571896676
237.67287736811966	212.20367197527338
293.8261065677782	127.17892553186458
120.81791960937579	150.9396612638057
110.30864567899418	400.5015301132323
315.5351919889416	144.60667570475744
194.41940090182723	276.8025233581344
111.90703423627468	168.29474629950732
69.49108156548778	155.59150155118547
117.57262701258347	227.48347387997734
147.8724771688688	194.26491032141334
334.48563556170785	148.55973092763435
367.17262034592164	365.031093391316
62.16571190179846	93.18569467028392
178.41281319159916	255.20738126777655
133.8105205245773	282.5688092580689
272.8250168600421	89.83010631444566
48.308187070961765	293.8374471237089
153.2470544343058	139.14330360557804
294.01849406957143	404.6416149901223
17.53059419101077	250.8990952571557
258.60585070227756	187.9847243037477
339.6643486190349	9.903681072531894
251.93614582847135	331.99494065407015
186.12877651517397	323.93885271454786
392.3702934822167	350.64629097874916
107.63665546738875	243.45349537633118
296.58731778698814	240.4284451351415
313.09919535226857	67.84315056322524
348.57490941209744	360.5273863798707
116.06363902958232	85.95757606746321
407.892577761395	256.1043019630556
159.7149221112367	23.989295665663505
250.1592751069836	400.31443563369436
406.75603834316337	370.23353406448246
154.66636020083254	359.733926405654
125.64696343859715	102.11512541721943
296.3979805549041	368.5312362933216
195.32578559439554	165.67824140358033
192.09047421995047	300.43902009592864
338.92208061300306	55.393508974435264
116.5771059006953	122.14829248877685
40.071015742442825	11.332533679679063
31.262064904155565	66.52544779506522
364.9612007494172	169.20602636893275
44.7942402194063	381.44854464625365
16.52176437976124	356.2359522209683
214.3267498288191	238.5419302218664
253.8054954987528	90.45458714402255
372.5706863329821	346.46265006551977
317.3323131266382	49.46303682042632
21.380158423530418	274.74037351283573
104.1196935731257	306.7427109907765
322.77487639785926	215.36260825778515
244.62035267498152	71.15090579569798
308.01226608483825	384.96146987328217
173.72400341682396	413.6066096137685
298.14047448617896	169.16153078736974
69.18032595601247	53.269688395168814
338.9650957693419	261.0927621371925
399.76973833147207	313.41967967984266
21.00032238540057	50.336152730536675
385.4032540044188	145.12850314727302
205.33347820113244	110.59185445421917
292.7935150052955	267.1591521591361
244.8109179266914	314.05894826633005
374.8736992632919	17.300633517955344
96.50679459181126	220.94354779260496
134.13355990595423	130.30380943748148
145.76087048010132	263.1027965928241
323.3045573832713	110.44862162679728
142.0963444662613	155.01748978716674
383.5748761757557	278.4460783415109
364.06940761035514	328.30131836780413
199.6032969143066	402.91702426883387
418.12297258759827	216.0526763727681
73.15707702244251	335.1737862183096
314.8699530705992	314.04954221180174
129.5197178437317	406.063138989769
152.92554753206508	386.7242886371778
211.15901056772788	90.87954589544101
1.925185908520436	194.27375094229018
221.45258338828242	121.32274955826742
142.27042410248157	35.46633835423985
224.22095790008126	21.12237894140357
275.40481230636505	124.23513211356857
161.5030429702503	331.9056695052774
155.7322695782565	229.82854924486426
250.85101478632066	51.492329713174094
379.31984455273385	97.01764652519122
53.84918932001825	189.66436678340773
43.33525317661017	360.0374098356517
368.6016007250314	310.0218933490741
166.22744270036284	188.03373794905647
81.57044218663337	256.2182587207579
383.9121868292582	34.11643009114779
117.03902606403416	365.9036447922991
109.82021837628075	45.57722511059109
202.69559955943922	183.36802301686237
89.09755551857518	238.24607675901095
417.9119080469024	348.161727873476
171.01518442313957	392.90739206788425
177.06439713093295	172.33158218226617
188.87471196703464	122.27157674521655
296.6247542465116	221.04052522438954
282.79856510179354	301.9541497597874
147.37104683421896	318.909103646693
303.8477126349549	108.22525156744234
53.36055046069659	31.56008973287881
216.43898102983388	288.0422047993815
92.75429877429924	327.7916037068027
387.6164025345716	368.9540059011936
190.24105759207714	348.12224493759334
415.5455157758766	87.02141140134512
253.3774755779846	278.84819346090705
256.7073752871943	208.50626753942907
99.78017110275384	67.23296504279682
352.6227274219986	137.57148542604162
167.70564250309363	61.64628108781816
133.58025385616142	78.55594548323528
318.28009255413104	169.29740165647073
283.6903708908982	106.33433873550662
336.48932924208236	302.23684044537475
167.85496458033842	94.97278667582829
27.208850098735414	193.20836023529907
334.94704873588984	177.50826697072105
111.76304644247841	209.71453578473057
262.67117888147584	385.49947027205036
305.61301716685574	204.28150156187715
101.02839748780725	144.48636739302313
293.23972627213294	55.596108012076286
372.1612475280642	74.29708076540828
163.47859091590075	207.50440038324905
218.38213078173945	42.27998357687866
175.58400075246576	273.91536040172684
320.62203600451	9.236098407122007
232.45204249432305	234.27584037570338
263.2072880541072	66.58666225927406
136.91810614055422	231.9132974737793
290.10762343757074	7.334058400815634
238.69561842907643	36.42196083647835
99.22984651332357	104.16231164201524
85.87499778907117	178.8044644145097
226.49758569106808	253.0024542810039
137.45537570204857	366.8165710185137
248.03859761084823	144.5452010526922
320.0842523787825	192.03607609196493
243.1580336872985	367.38188736648027
59.0580941553431	12.245272121384454
234.86082400691606	274.5349774940003
201.63950186355657	136.44771685750453
178.44407092188334	40.37388894297958
119.01990265156745	65.74378900211327
52.348576832582445	231.426561953652
231.8543856800002	56.43715399749655
241.12598246613814	347.1791921162097
141.02048094847916	16.746787543408114
312.6201754609477	126.04015561350894
56.518795039369394	112.59345472376403
71.97751127501111	197.9526988096661
75.4887070252587	282.87702500812736
43.48746135661638	92.86380390820052
206.32577640193324	358.3029889608243
418.77405973664946	18.57204333972768
405.20558256586816	103.95925485640394
340.9152471016352	220.49013187060237
402.3034488741659	200.15847656386023
389.25087286097863	65.75141494471669
121.74226860032394	185.08534694033844
188.60878507612824	56.06217012793936
80.63660607002446	91.15887366812716
400.97978342098037	125.8740436961914
8.70637320443422	376.68092863674576
2.1615012181213564	50.14333081151308
200.5167340982082	75.48833678861773
380.830492317074	202.8319753480404
308.64020925755807	254.62904808464592
419.11082085193067	305.05321239594304
398.5075243539244	220.47585127481932
