216.49516866548873	62.7859361784978
410.17462175280735	398.60834784889744
367.7968262945041	219.50662878840797
349.3262870655462	334.25708812086526
410.13965538956745	343.44257959982406
157.09033900216622	200.59627757688781
270.08696455554036	41.71144293766903
107.49940309046715	388.33493535792286
178.81169200178064	322.0432164963035
382.5394705935905	72.19470568400168
320.7673631654576	58.674718889794285
236.686383480476	155.65294741413695
378.5062376919484	104.85820868426642
220.92996162079598	19.17901931569642
397.7370828653677	23.074295058519258
133.41561241678738	49.2826316523658
33.646809351669795	143.89057424429902
335.7002806424619	180.08103601499764
254.0151837394555	235.48534459280012
12.557160128478912	177.2818723015549
158.25242344484954	25.61720099924806
2.5552030468678706	27.397083477846774
113.02532267926007	236.81677847522494
125.74686995643299	136.60521915720486
301.40616373175925	153.977240647751
216.97758898804491	316.8996055040318
80.58598736903492	304.95791677234365
213.5660269213117	96.08102556194918
122.08339908836516	116.87121669860854
57.11740262055865	271.7269656521671
258.094029956102	377.65391966736064
233.6924148144935	176.70606461858938
229.12677823263775	302.2073075229565
162.5844845535335	384.2870342209274
148.7930944691616	61.68937979016598
20.49111718860249	375.9061729394984
104.38437878463353	126.40338677917876
346.77375397537486	85.22308531004717
179.98000339452514	188.22242812029833
292.2632271145039	362.7605258056578
36.06225468812551	4.7145107795791015
80.71116778470285	186.2282892102351
21.269526025985797	415.07464197801283
200.27853726240755	334.02199958507646
49.326946412243444	91.2961676043322
162.91839657320065	103.77008297363948
136.1986838518883	338.3176875319416
246.7864689799067	140.22615613339798
234.2100246506823	54.18467750150466
251.75941743176452	177.1887762947854
374.9680157215818	297.26365178126474
162.10054318588874	243.1302938747725
293.9960078518518	413.5045437928794
139.60818971347177	22.168526660570517
90.8322065047608	287.3546162943801
175.87424779480452	51.98023791468035
0.46211552649706045	379.3988696902507
363.9715111669991	240.04608578196584
49.06144114514209	355.5018896533451
418.6306022003655	94.76675834414793
48.953614501608136	289.20013428132177
94.42206054371144	232.18746132764537
206.96028576545248	356.0210449310802
239.43908537606458	6.436834217737108
273.63661966666547	199.56222331096745
166.1071723960372	66.99264456407559
331.30258425858176	223.0637906958344
327.2530663900826	241.32358289510498
191.2265399136839	203.32781012860545
401.18239465092086	223.06322852926925
85.76789099789823	13.820907029036276
210.79353655293332	194.0505518852606
254.33297580602382	307.3109232498557
88.7908538790122	136.652804616847
382.2888242787851	370.32346670563436
337.89616237170117	67.04018249395234
33.59270505067476	33.178235689172176
406.0824033460647	243.42091580977683
77.5582467256791	390.3327410909876
297.07263849626327	331.56553987225726
42.416520702436756	185.19791292702268
206.57232271606	275.2340945894306
230.86666439736643	241.87750979201778
76.68317476279945	28.814868953010325
12.441711979951632	280.09959766542545
183.40915977121512	72.38357353818398
393.1055209649804	137.00940680364178
258.696097878826	324.9488779588975
294.6630873842594	13.74369467708566
393.18722273138485	258.34454997952815
256.1964936651974	73.46626686305376
270.51484752017075	179.53906062756417
312.10240894537014	415.0138418771616
390.2343325977751	183.50798960244464
371.14341517496104	198.82322623497004
389.74680245494767	161.94539746462456
295.53620815693915	284.98661344462704
312.0986620813501	393.2904562913825
240.25839065938501	382.41602842690264
20.863661636117893	230.43675136541282
163.37407893114744	153.9533698739637
320.50196802277554	132.50798571098014
381.6903606894263	33.32220841557917
73.60775171657934	265.80314844826114
62.851656421387105	300.4115629992805
271.79150439235946	218.96533181045257
97.0124092796216	316.0081374367115
197.77212380182308	49.039772006976186
328.7710451691972	407.26729776205144
356.4426621802555	103.97588301615824
227.79026455777506	280.4482468403268
122.1649147527461	24.876823105322547
255.60909485099748	16.437346277746524
353.3745316392133	46.09020868550897
213.67526834369528	291.6924037092744
255.9573021613354	261.05901203631515
202.860360245697	19.403413518210225
291.7302566464545	199.11119031816085
317.0677656378119	76.22750106894081
263.86724494612696	280.3182037459116
12.708370071791473	141.4698986949548
166.07710676109218	347.1995970692995
180.8757900299874	282.4563869156531
239.4277117739192	122.78658300022289
115.18107217880063	410.4267810165268
411.25716151265186	130.35616096486226
417.6330731890335	360.56492375792175
373.42717276867836	255.774540013663
254.71693864958374	114.08717121014587
215.73152749434317	380.2422995855434
179.7519396409664	112.714410668722
347.3222876585153	2.0524476619895915
190.89023786505288	223.14553290346387
168.25561968732308	410.85779424964795
0.8644059991251832	65.13633750989943
23.15343727260095	358.5913810192422
313.2540662829329	213.84549245123435
25.01277044891822	326.14754746949365
113.41757571071292	68.27815041633698
288.31451436279013	387.5589729005074
75.76560278902944	244.9216315063916
365.7310262226922	410.20102420540326
137.17567112707727	150.89086478078696
239.18097098379212	344.26658917678475
138.76022906700763	188.6926773664988
381.8783124576015	391.88143250433814
316.6277590748881	34.011762642317706
195.5229870654911	315.76705664370786
357.2131854631006	273.64555751669116
275.6684494599173	315.2268575694814
121.35779327326597	375.5655059631545
353.10279305395784	160.10946689641108
406.251495979904	39.06799436564989
135.26867516823296	409.2591966582901
418.35342546874267	229.11581139840516
15.083106523528008	44.92803036145879
115.97826532498034	44.80884781209085
157.4702520835758	263.61779766426025
226.89372939495522	363.40723513270905
142.89471746930468	289.1287477569199
410.5317256756469	277.1264239186953
147.4185869225573	86.9855973764475
280.32553117509394	24.037512523484892
40.059681215596086	56.51240142762592
315.37355920481747	341.01944371350334
397.70924295572604	360.456887206932
114.38062914995596	85.82732504788027
335.25610245985314	318.22789082979125
28.388787868927675	95.8348872064802
229.53080614772693	107.49128558252961
232.6687685613637	32.43043714916104
87.47979508954894	107.94369106446756
140.82795551377154	271.21856744864726
66.36024879336821	82.65119051381117
81.49766917130091	219.4049779494723
202.66075275468222	392.6656996426518
152.69715430371477	401.97003370095086
376.61812389527284	278.22998082931593
294.7614889349685	180.4985759501459
415.1714823137323	294.9423663763557
77.64388985176534	47.47050760316304
149.35269544656012	169.3696698550207
180.14873570372853	304.25530053602085
95.89293259308188	48.83328633224846
269.01637212083995	92.1492693653212
133.65557689169577	250.54091882293466
33.884140580482985	203.4777261914428
9.499464982141802	159.03399275388873
333.5174669487822	97.83563166246611
276.4370957561951	414.1279522270744
38.323125387857665	166.07187906134695
360.78723624188393	121.73646527307176
21.082437002387696	20.261548944529228
82.45089571938259	161.24449288813926
198.89003003737764	373.2368697208273
333.1246061261388	199.1424591107006
399.5266074756306	115.5491226451644
130.34405084580646	217.766787125921
217.1144887255341	256.08885766297004
364.38477710587637	68.87862475249757
109.56458405778228	343.03962072076433
87.95694047255698	64.62710221410069
114.84566476077129	260.27136707022606
396.066310845587	328.3208573428776
30.08211504710531	292.18569305732007
315.09599843307245	189.94797174715984
49.46066003871191	20.940076354423276
255.45053244041438	55.86052868083319
170.7839251791665	85.21201379112958
337.1200423647746	116.9697919001837
337.23845985062195	147.6846810217574
397.19495303187074	94.79822603048639
127.62186509069878	298.53607880288746
75.2943462445039	321.8830114834915
335.479865873135	48.08524449701103
173.60209495521	136.25694601294018
189.0511255475215	127.59180208808222
297.35537901769396	66.39582402574982
60.757041923818235	59.46744015873429
333.31517615005816	258.2410053985557
348.1230243838371	217.92637392464394
378.9598285537851	125.83776344497561
350.1756294359152	194.3647497282285
410.4884191063959	150.50000689789502
319.6267926405826	171.0383013710693
284.1804337704248	79.37767746060669
61.51984373900979	169.1193947779022
211.1339297981171	35.650145953285296
266.14008716404703	354.9450523554652
388.2617101632848	236.50819656355148
175.00013958605706	264.6457130282643
415.9889595280084	258.1904270187205
301.24660889012375	84.25589095354829
125.99573102642866	7.660504782499315
224.45421209467926	333.32037846464715
347.5026818180727	396.5167550279356
92.9442742039312	266.96370860732446
4.48890543763072	408.79162570532867
70.65912655273505	148.03914656234835
102.29391892805548	3.4616120184871995
207.51182655737915	140.19266108494298
54.943444100928296	251.82099787340823
124.4960908774682	357.523104992755
214.31505002534897	232.08476170970016
183.70861811725445	239.36720493588882
416.16224468756815	186.01532185817814
270.23746041978643	390.40018502570297
225.91121752958443	139.02893440104313
59.21097081608258	395.86896107101813
292.93040172937975	106.97329968299607
17.377499791725494	196.74810878662245
158.35411035906952	327.89953392956505
11.66688688470938	301.8703393942072
214.12790589303262	172.42523093815504
181.14648527401556	5.721129313605232
91.96642532183579	90.68110214510526
307.9986692609163	235.02571312508863
71.33653431273645	99.59040526610119
318.3308160544492	282.24563583378756
377.95526757217436	51.23083550668274
17.665161851337814	253.8734817332926
159.31189576866507	281.3895716192681
369.02376198111324	178.6872344224021
195.10756540048632	293.88166282870714
193.60814047688754	173.86738403027675
98.35781318977925	249.29690997856707
17.82603143416541	393.3820020997717
102.72890611152087	25.31004032631945
167.38155206309136	175.93501872760953
182.84767006107097	341.2995837635471
253.91169548156057	159.22034402185363
286.785156391502	300.4682979350533
361.3502025082812	23.259687166099127
184.47739854390022	150.5930516502643
51.94934952837948	110.48152614296731
280.37653747059034	340.89532889890205
7.609403399732018	213.69618169203878
206.75802535224216	115.22036677177213
172.22499306629916	215.32845020976885
345.29940523241004	235.68014919489477
67.87692365622264	12.738453098877029
12.909333125593989	343.2010414277116
59.73078060445822	39.580975297200396
184.08595938623662	358.9590058821867
127.481105896934	169.01060521953193
278.2595396680864	262.49103392981255
371.6899845968862	7.093037933267134
60.52187779332684	189.19771780182734
237.42074136503066	406.480746712015
38.883783651202386	394.66324370164085
221.00920269248442	417.2620291011821
36.41356985034925	123.21505318813246
418.7082539967478	112.59792045925222
38.53745289275745	313.5749208627641
355.8897588695721	255.9753436837947
50.58410019033102	149.2682538269761
262.2845007578148	129.94482522374872
140.2921090147013	373.5523299551521
206.57558633267269	78.4174591706102
339.31624633325754	277.6684729163284
251.33208950439763	38.40906079597555
353.6049222118896	300.1555383574585
0.2839767336355907	9.043879529391267
346.9678146909926	378.97757606781323
380.135936881905	349.407300294015
305.0341332213709	260.4245981754525
151.38950052854977	6.23056406971066
300.7146399079631	127.37675698156282
108.44359115332719	143.77423370179432
58.96613603025623	127.6041493914131
362.6527546977828	141.27393827876065
389.7656041587088	6.727842786720846
179.8427652742273	379.6600021557337
312.4066438310312	14.224901153786412
52.58445112137395	324.31086403495334
113.21836987147687	214.0487458638713
236.77122072564197	262.4322096287343
304.3277580226055	377.3130462102645
34.01680212454109	274.6559829596001
221.68322966359466	397.3192344789468
299.55078924844116	40.547015356403065
247.59864088242452	363.2594352424187
403.0840167145547	74.01685386885771
279.91558279879376	239.7930818097502
236.70387345937468	73.434299592137
295.7302961729171	221.60482375815192
38.452304432232715	74.3563149988912
249.70483448751148	216.80923553817817
310.9361150238928	302.7957069298464
146.59867396662298	353.37084731200673
142.049357364837	234.18098526827507
36.14796182952772	252.65541048630536
131.35098332197842	72.87891963352114
246.62174242723614	284.7568102146926
396.7748389129282	292.4868409964952
372.6465028570404	331.5439717846537
88.80669502771893	333.2330585178832
201.66093934387789	244.2927258439603
35.595864803972745	342.09327753171675
342.2167490790708	29.09679985363956
94.81926812979069	401.5581203118086
328.26081432804466	299.46150131628116
267.56749455330225	147.85334252549202
86.23937075764144	370.76217821550034
371.3315038232096	158.91193908880518
388.2556159102561	408.4474970021456
46.68228447717089	376.92084913848856
395.07084997992774	55.35874399616177
151.30550549900178	139.82730873699018
405.44100849271035	416.6802160658441
13.80647198092568	84.19408911320743
336.62655379741784	362.03188139549826
284.1959553575826	52.432806161000876
107.41308111883018	102.24189868512032
66.70069325534426	346.6382259171711
202.86050995180526	0.6927311645521951
160.63407230259938	300.7680927205327
314.1956683122783	321.292231234486
121.14424255329499	196.17585637965828
232.4212549279591	221.58500670840291
333.4281738122856	343.7087934667193
70.4863271891638	205.4689824001881
57.60368752007861	232.56000796120793
201.26519154724622	157.72283066032767
70.3862513395063	283.4804855007585
278.86569126725465	163.98492031027286
252.01193729391977	195.80273800838046
19.8962535770343	63.09544327711539
76.35915455144413	121.56173474975334
248.13748412503185	92.6811387743048
315.5604620786557	95.58440045209143
143.81047065082038	120.8382213775485
39.47027185683853	221.93774993862934
143.8506903910972	315.82236193299366
72.18920706003533	410.35897996695115
108.43201451519278	299.8284356667601
125.6146137209792	281.09735946623647
106.25327859657074	362.1929244647898
207.9930437590196	212.59373335383427
105.52424450065281	188.12886095936557
189.1875622263351	409.5988932283339
115.12063821070133	322.1175620475293
271.5353674389516	64.96845242035724
313.12442732690033	360.4356221273472
397.60802438446837	382.6604200699225
153.07782196004774	218.85558827416648
193.74319719954627	260.31613163764297
284.7195660183207	140.28089743780092
365.32975312548626	379.94876356227167
68.29830467651047	366.78094424720626
52.13415062085349	209.02001474987227
409.05069321859816	168.63327860798347
331.11903303400914	9.561979166852737
359.8490867173294	318.74164049677916
364.7976911135697	87.43001344029709
390.3698087271757	205.08455860720574
96.72455283938864	204.10822083128895
108.02871223813013	170.32438757827688
106.86883574153208	278.4592440469239
178.20065548175748	29.779009567482433
53.163052128035815	417.84075018709075
135.62345705026664	101.10055238995639
380.7170197528249	315.443989989129
319.1332493348173	151.26662534707705
409.14002890899263	203.39644839948826
15.665798804368952	122.26621342378672
404.96249713787535	309.3312285180471
356.28137712302794	355.55028032080025
254.30450134529127	412.3850459002214
189.31548747738648	92.95456715539397
232.20354999032293	200.12462498653872
85.09189376830489	352.61771500048417
150.02636187607615	42.75295943136363
