119.86881486884232	382.7134652916048
393.36002448910364	319.8037745309826
144.41075399676123	93.1860766941341
316.40319946804414	362.7684513433083
65.63214036981967	137.59373503281813
254.38100460796844	247.95944343913533
118.47643386019905	15.508325382779695
301.6519210418406	355.96643170272205
231.34365348090697	141.35520196965
205.22029798145672	216.23267672259217
318.91515790462813	340.7353951311317
340.68960435014617	42.78015159775156
368.728474035902	185.3798157172545
244.93572930779882	296.7736838159255
116.2154864499136	55.28316209351609
292.54501094357795	94.37926738452661
360.58026005435454	416.229594931354
362.5323805827872	292.7972862161712
178.5679755179094	279.61258502086963
419.23257359819365	128.0629393934761
136.49753585390877	217.48973870993743
178.81598041632594	141.10156630335698
67.1082598399423	234.7692424961211
78.47988439164646	36.911635023019066
166.34696293093543	374.8049589084617
21.682774978199188	386.15459361404226
88.10162608602093	204.2891853476039
1.4421855326303856	293.60837519470266
417.41034527118	406.38189216948166
254.24244538270608	167.49783363781577
14.653396424509609	154.40618154837227
336.9878020537116	340.37409320022226
336.9169630450477	254.51218566262187
91.66530561043224	9.00394771823298
57.27517308035549	403.727828838889
329.6335652933265	415.1803617698982
320.44168835705426	239.5455489844846
41.736164404416975	415.658210414747
80.74584610833818	142.5819565011789
59.23605578937531	219.08778180956543
384.9819594209308	186.28823979650062
20.862576263675017	291.2782351511775
226.38228856616857	302.07764621700267
215.61208078229006	415.747738131932
208.91088464793637	59.39896507422524
0.13641086371705233	24.691363214814555
364.6321663385043	90.00733512651009
193.50023517786144	95.55506473304537
365.0037194509282	332.48668301490557
282.85790068031145	52.87258930727431
31.977685100931513	222.0805640412581
73.63322902786736	304.67748747308235
243.59200827741523	223.76023424335241
195.42432982413303	369.30999949756523
220.70592284156555	391.5303651232502
394.88721766984105	257.8353932991548
267.6472385677932	413.88978099069635
107.96411587152708	276.7113407110841
35.087531222150425	237.9894708494804
393.33157988015057	164.66841096475537
60.37590724203032	79.26854071643264
95.08771799540027	165.76144448507853
207.8562902827869	199.41082614077055
261.8200216978351	309.10064675904795
14.434507130888369	402.667710400914
39.73556688251736	299.7665532555506
329.8465706116149	278.4860678921967
32.723510088108284	27.672302006522067
4.343822176310517	324.25344063238947
396.0454701998277	392.1061247532464
16.066997007208926	31.7786520260675
289.49473702308615	255.2235303198584
222.7119025598766	375.390364347464
86.90975741924795	406.4576579571583
71.82791890204494	2.0252972126834097
234.79885476021838	114.2332750781712
145.97648687461478	275.9375224506291
0.9198670179366115	276.6375395336527
348.8989208871777	122.122951149525
23.621462805823185	307.9783593818767
320.4435587184235	139.24583303975393
286.2225723569663	380.3394119198231
231.48283612468458	86.89541504201793
314.4885446745543	272.5535685108518
157.46447177668844	126.9904548140665
56.31664589049351	255.4686137402213
352.44265075740327	248.15703794057396
87.82165339351587	340.62980969091245
273.963723884839	159.4404876766178
346.2010595799897	325.3745320246454
394.87640002927054	40.841058122756834
165.82380514905262	243.63611593626496
49.58308238553109	269.84230479715217
269.19997671583127	362.45463604316996
389.44767448497294	113.51710747620406
14.180344289447842	196.53160428232357
104.30294308129426	24.45278865793184
173.39666736377058	298.7046589877376
113.4030128047787	347.9638259633298
15.104662099009001	170.42509711618342
393.855199988939	5.780165530052547
337.08252491068424	385.03947352752465
376.9948614516794	133.02716057373246
34.75615537276653	152.6317558229098
419.8607607539033	239.5315963288397
58.51666610023987	299.7390583467871
193.88298672635796	227.30279409937307
220.61116114012682	74.69216825993286
171.15075997208086	193.15892161407814
25.068122521267707	8.573971043297979
197.05136114512743	251.2651203737671
284.7942900523572	228.04525417620545
65.94455476296112	372.173555422102
343.669474016345	73.21272292590474
219.7336137534671	168.95937918271264
369.2481544232334	393.6614963842668
364.90201704103333	272.71255545365483
185.98095972358072	155.1288658431553
403.256535322014	271.78423671855154
284.9383458559299	143.10387216939202
77.40207125296057	218.77450139411422
83.50239527552336	362.3551106785079
375.79239127802924	226.8728519530248
164.92913114877675	160.02391145306717
100.34116358338989	255.3535249397656
242.41545370676354	156.7821034970103
48.99164612088061	340.86242307428296
407.3053795101623	336.1181230570781
30.276172571369344	184.636515516656
375.93291875161793	31.428567704821976
147.48133155644246	65.29860187079105
216.32243378112528	328.0436698363775
346.4964872530726	402.2305456977112
238.68735272524293	175.59957726563042
68.15776899802144	178.63551319622385
275.2666534350655	324.2543117516429
140.0828969736725	177.29532988745643
211.90279304463425	151.4554466994285
33.599332980119264	335.0141020034097
380.6408948604488	265.6305904492286
266.3174227300876	141.30783898009724
219.27507844000291	269.7391432427849
188.83606752037764	208.7664751246705
254.47257620597503	3.123734339808663
351.1989480542018	308.7750243259738
122.24865788687087	208.16704468693774
53.395313406883005	167.60337031715602
365.74959264766744	120.00667906322276
14.320770430218943	74.68591957357228
69.57751609869993	57.60583920869778
99.23724899473481	189.41642275379058
20.617940313233404	324.71929483629566
399.4242407480746	71.70355358516238
418.7584867266102	179.43156250815758
287.84720184016476	284.45331559503575
154.56135672215174	48.61659655442681
292.7183719432554	78.49628773974203
396.9788796170081	99.11028453772367
272.9768300147845	268.55391343547893
269.9422249024424	344.32677385172417
1.2717553267856303	386.8585929590519
140.10087343547534	294.3559625042348
173.70410188575815	119.25271976372646
89.98963907989192	388.0875963018519
140.4904882189345	407.47459420869006
361.571650318757	167.24636905028476
214.0783222458753	27.761927559493785
130.14521422624182	347.20965302242723
401.4465307709683	188.83208410949098
286.65544875750965	205.30441539024005
172.91836849943095	211.0407831436849
33.43607431681597	399.3767560647812
313.08355130669383	410.49269299107885
37.48723698896876	131.84773284076158
257.34640475917314	107.05451547814471
338.58257734618707	359.51657934010007
77.71175677190516	75.22104948702543
161.465420555577	78.68371225338261
356.6012669283835	44.79331307622411
35.802070119509736	317.87746789830373
385.31548541482147	244.2825500461857
64.98062161132034	24.076670843140263
201.1676473509486	36.77239126312314
305.3064506208043	19.646951775429013
325.0717150653449	34.99806670874567
183.69482332424425	240.6358375279513
382.3482903277842	409.00313482110556
0.41169425937790166	147.39771194431466
118.96272546158602	253.22985781659577
91.67969927389508	123.17278213454391
36.22280892274046	109.11545779260877
75.15826512603952	123.84102515140066
68.64834334417594	355.16649089576566
293.7527318623398	41.257354111903354
238.02778351747415	388.2012225028402
246.07767460452578	401.93118013098376
162.35024754475492	177.73902855464482
368.07859311765554	242.984077307031
362.6647152351457	206.11342321106162
346.00110215228676	207.66383661315416
195.17359190355006	7.512193948876084
166.25960806050512	341.72748100606776
196.44178373153656	321.84712612683137
360.2922105071367	27.987649174297843
91.21020505396622	278.1951139825424
274.24607000121796	241.22121131472502
105.13520813776174	411.81309499419564
257.18168995147187	125.81055423452909
290.1820257748022	182.6412101731438
181.1725350185717	73.29205340350629
359.67098085970406	378.13211190698274
14.035002807925618	216.4164623788829
26.76571250973714	353.820225298719
265.7934909615844	45.4780519122886
348.3915092886286	284.2224690670772
15.070734213590876	137.37000929896166
15.533447139439211	58.046198074533805
271.5334401072499	175.6710722162389
30.875425979538512	255.80079749057518
53.01238518267547	62.12022343620764
398.0602088692922	409.06460130406646
107.25200654424107	298.34656616692183
339.23672477781105	97.61763683078087
111.68843160454078	330.47299737154754
51.94250426681485	383.79821603181875
261.5154708116375	29.691677216019905
374.3261187868443	151.60280475305495
187.33630562739793	24.978890148687334
401.9467677121672	297.87489964477317
84.55780236626633	256.4687865392367
97.09438032735389	373.34687166991637
48.86800148437071	145.73431438874604
146.6782212214923	6.085003596732104
19.074645020239842	235.47003034698466
7.451705026813284	109.82803284534465
231.79708444583926	320.76163190124345
304.47338868247385	311.9725459383126
283.2338068485262	26.522065481983486
321.18694694304446	324.4657380406308
385.1860780457962	300.09152579928605
226.870260832003	215.9472973776925
296.5656715784336	130.19956828869715
109.68428866631676	158.83787670977705
107.91856392820833	394.4048885218935
303.1365806319367	146.09507733798267
203.59714294563412	274.27434245300896
109.1689896759261	176.9937885335535
69.17891279565006	153.4419086606351
122.11283774811297	224.94408425302626
138.53479959012932	195.95221877792633
341.7573197410967	151.72738721587837
368.6665251671354	363.96564094537325
55.7813390020071	97.3674589329189
178.44529259606108	263.83671614909883
128.08553998482245	267.873812646605
273.06594219790526	93.3970327877007
45.493724619507795	285.1191831330511
151.2614951408616	143.03099351662163
295.058964513054	404.7808176949148
14.715442744638693	253.7253411743947
252.82648022392755	188.41867385489397
345.46934217496073	20.485819549467603
254.3523220348169	335.4390783925167
180.21470792500136	331.0788490533545
395.6310882422404	346.8579518567617
108.01262790202216	234.59557998851636
299.00204942278793	242.6368953689284
312.37478435806435	83.19922448084395
360.10710863388863	349.28612639010936
123.20309672258563	101.31911004333351
413.5112988912855	254.84482849651283
159.35325660786114	31.964822816953557
257.8345224211784	390.260217066982
410.1187887419732	370.19685633169433
152.87083520494693	350.7679257285658
137.10466616309398	109.98898272022049
303.2364209034185	372.37053570900923
202.48728962022864	166.03245026473508
193.47563581893456	302.3512848290669
332.2174004318727	56.94136205441201
108.9435240029588	118.8235977869878
41.756673500747056	14.076448255780825
35.70224675665424	63.41490446756653
378.48682679715483	169.80109894021152
37.384777965433486	377.58817252014757
8.071166780397448	340.2879669640309
212.67471970547288	235.69971727645517
246.8627344526976	95.18609265394313
378.5402856475579	351.543520569733
314.72786954044807	53.97959501688086
16.4513246441407	269.33487056128916
95.46550166293223	317.8677483623854
323.36247704720313	223.98200826596047
253.97284130188592	79.2499914547832
308.2675997837282	395.2680036784557
177.43220795172832	11.146211429424506
290.22145509730456	165.5389437897699
62.69208310866176	41.505818781369896
349.88739612705115	266.01210530959503
409.21523724382814	314.95814286387935
27.21971379813592	43.18650435562345
401.50042520059344	150.1252857688232
199.7750825743624	110.132398887717
298.0839442157851	268.9518827205477
246.74671307286874	315.4172978327167
376.93815442701265	8.366379751346974
95.82093525638818	222.8937278768674
119.49784303772493	138.82189678832526
149.2627143785737	247.0562004537038
326.78158187274147	107.3510502876427
138.2181468144415	159.04531012461163
384.0862851250783	281.9548682267909
377.7026668044014	320.90243054203927
201.04566891281843	406.1081357621919
419.4629448806892	223.58930074491016
55.297563914189745	324.31282100422317
326.81337474518494	309.233989940696
124.22310486852415	406.34275974789097
142.78023118089354	390.7515530677795
210.38961648473745	93.57203556095412
413.09755637965407	199.51720307237863
220.90388888626012	122.17360188730952
131.08204332652713	41.30637119221505
241.7459881767417	13.351163519446711
271.5186409650436	118.02170388316765
157.92252099650898	313.20664639722156
150.7827006455982	229.5622924393014
264.675656286062	63.228005686884586
377.051812825859	101.21798943157017
52.12768456740644	202.9528949611376
49.30350924565213	360.4919616077629
370.5857693526569	306.4689246933898
154.4081283494169	196.02840314859858
70.28937420843245	263.44443658294347
401.96661634502493	20.137811564042643
99.22916468391226	356.6918381273936
95.87771179899616	46.79186368354133
193.20263403209728	191.88460454052932
82.10914935348073	240.03568984062747
8.827263404418442	356.1034803514276
182.97049379040274	395.1246545909339
184.19938135234392	173.62911580549437
191.13089531585834	129.52313757260603
303.80088346212426	227.33284963472508
288.23398898971857	301.91280070570554
123.68036407294511	313.8458975244692
303.68162307725765	105.71420268904365
50.318764173460224	29.895660546529474
213.90913659726522	287.28997820500246
72.69946839004945	324.98162087942785
386.2056521115893	372.0446081609154
193.73796742240097	343.14431021905176
419.41000156200425	84.74758570543081
256.3925561993093	266.24448090620837
249.0774002623989	204.0017877142417
93.69445438517148	72.24326528863004
357.3876396012424	136.69975656487534
165.20228418964476	63.069370015583495
129.44477019994872	70.76855071231921
307.7401446452249	186.47767794430428
287.9704571111755	116.91658736600381
335.3340464468519	294.949217908174
177.30181875128983	89.28536249335286
35.850340506389436	202.126232300313
341.9452783103047	185.63581281496775
106.51230967492384	210.25509252973427
270.232271936844	378.4949693323358
310.73885601743746	213.06802151544804
99.2067015182294	137.35945995238077
298.2815315825165	56.55535361559117
361.35422617162965	69.83400572048616
154.31171312983602	214.0509634571644
224.2189799282967	47.67090447127754
161.82792654018976	275.07507727667985
328.4764776724492	17.520954669638822
229.68388595406873	241.8980138215983
271.27583916256117	77.80759665146621
130.2775320867758	238.80087179250114
285.24140060485445	417.1050711714111
230.68561506189	27.272997730316064
81.01178523363386	108.84080789105182
84.33196447337434	179.22213143272006
215.88688019267315	254.14503254611276
121.99273587003191	364.88946577966095
248.23830270361594	141.29153926408256
328.6892136726102	201.4870136446164
245.02156695499545	357.43882898104675
55.86379661961074	4.275645876411827
239.29819363190066	280.001307389231
209.19479041371363	133.06404574910837
175.5029378555865	48.992982414263004
112.23245850277999	73.46380418852783
51.31721443353027	238.05329947796162
235.78698782510966	58.84963251333939
232.761166934576	338.72319435535803
138.6937945527165	24.664596934600116
310.3536541282443	121.49617854588132
51.76771084297839	115.30839257749382
68.81031674943793	194.6931430050021
65.46912188250802	281.2168450856482
42.504888869252554	78.64144139655971
217.47887645053635	357.9716747325053
415.93897763552087	8.58326006165084
406.13140441239034	117.13693974741665
358.22516924725954	227.3634445006284
393.97706628589174	204.552506446111
390.64837447710954	56.69521273488423
124.68936430708061	181.59693858053942
188.62119278276666	59.191379668667636
79.67395059650659	92.16831647379205
400.4290354317705	132.30749165744086
13.683349711090973	371.3242804694164
1.0122445085105103	42.39072991226929
200.6262513507291	79.6042255132129
379.0004499274666	209.93792714019014
311.1618035902426	256.35993340597116
7.789928327987745	308.58811565428874
399.8619830836683	221.71521602797083
