109.26400215607558	119.50283193281224
332.4066310503275	179.66198753199632
165.2557147535738	171.97868829436368
53.466957533653876	159.34177648381612
62.069990480444204	39.995622962469895
205.95347485857013	202.03491382109175
327.34782861254706	25.912671028693374
215.4314291063241	129.63511823439546
342.2328141667386	158.8063021978929
361.9536608996093	171.42204165676
132.31489016713635	129.78034300910423
188.79614710754484	22.594094695918013
384.7686767192565	333.8596880084587
227.05034739178882	223.5187529688057
197.1356873436723	114.33815039717265
38.983069335929066	333.0192419765175
297.28223662080535	38.066754068166084
168.00986815679434	36.225970794026395
69.34813586700308	184.9667417897722
64.88978519368929	243.6732415643634
126.2744214270672	359.36771450608234
381.559515043818	233.12023965168402
37.827686879303386	54.52959789883242
19.286005381456008	12.495743102183852
211.96763634532536	415.6934261910893
180.13315357310344	101.51043543938187
161.14878025612512	3.4431505196842447
318.9536966444172	129.46667197844923
302.2399117809142	257.78800394850765
115.89825942341504	269.597583158169
189.4001978382646	406.315353744336
42.14657400678501	18.250070428840793
17.02502426710933	382.3525582089071
120.72964421215245	80.74581733257229
29.159858751963345	164.16915000974802
168.3046437180003	320.0204264523319
46.287940217988876	67.79027632545147
235.05788703361088	238.3769784602323
400.60455942938677	398.85444941477215
85.06967336015398	188.27936998873508
196.55222702708787	389.3201394066775
22.69620202234983	226.66647437572865
235.68391759865168	197.8933081059832
85.3430765036259	121.10687307708439
57.47191235165984	50.73249231713793
297.83578504597926	82.93783482256102
179.65226817997348	120.47220198024938
58.66295080314344	78.59357996909516
54.37208477141931	363.6363739804314
48.25833468853287	400.3552855011588
254.20699408767138	232.1207146326654
271.13221289781296	137.53288352260714
16.21666188365899	401.460984392115
213.79036663938322	119.23092208451718
9.664687435797937	96.26926050006367
368.05924513508484	348.6292524276155
333.1119462174167	392.93978283919216
136.17896105043772	174.07369435177938
81.32742766638181	388.0395633339611
334.99295198563277	122.51493134847387
14.401888959865262	297.43214840087325
119.8260061412778	64.4942621455142
267.80146080636604	119.237824448081
279.0676878627851	374.72476200798553
220.86061675451325	12.815246436575732
205.81848729913509	303.21788744241513
389.8072572207758	415.8380070832357
80.20043652103926	420.0
336.3595794657707	15.144034346091486
314.08867891920835	311.8027485441153
231.46155872169197	63.48981508820814
399.0724712103352	136.1259169423186
164.53794572274364	298.21386936357015
353.84595610462605	124.00464597080783
5.941835894122328	335.4797500874769
347.61321807783867	209.07446942515668
295.3471518098181	319.46995694500043
348.10158392453957	184.1146377442315
174.78134317761447	262.9207413477488
160.92041015543592	341.55936613870733
100.19879018867336	238.14856383242142
21.136023955587042	211.95212923303043
362.5679110332071	222.75293464419187
360.0089203052202	364.23166741651255
386.35845116758935	207.0487024181805
160.29718136376803	122.77256344076214
3.1260727400861517	31.376698715074333
136.4264269064639	236.6291122289284
87.66592584091762	7.802253323894572
309.6250592541259	343.834939622759
182.62539038143868	373.0483223664025
384.925737317123	377.1454919914358
398.3964156632623	182.43869405981513
187.99065333387654	196.69029323589265
61.46606319454731	417.7033182635415
33.765511608088126	200.4005354888961
11.684764228721898	142.94106043834532
308.96821186866146	41.25504110248556
319.6787393944072	254.9218100831492
110.62706223796769	141.30152905336098
42.063126091055864	123.0676980817937
413.0901546904635	169.17113071021024
260.2092364344094	242.73165740434203
319.4388593279117	60.968165857414576
265.2272856051586	10.431163406093122
317.88772707437477	205.42992549099606
357.87676361071397	246.6905150798951
119.11697378798571	413.3846934090778
88.8822147433577	233.51727832251535
377.2328647426486	169.32352373595546
84.13003808594671	110.33536474087828
340.75705643695557	194.66657806059743
124.39308835527548	389.3060419862291
76.37497535517825	210.56045916350735
251.67942630855583	77.53559447038363
327.04694173794536	239.25056091316367
395.6330089629459	344.763104836743
366.8787298278608	125.83932660492908
200.24079491681965	159.67739573602944
126.27376737998975	320.8396287723813
64.58384730198263	208.2249103150727
5.302406372408574	129.9319247560208
200.28851076582612	138.23490681319583
133.96209115957052	82.76424489719471
339.6380889088673	316.18292415379364
281.74300363651815	12.51307078489737
409.5593179855077	334.7076296830171
357.59372616475315	279.57089759699653
158.52290518934288	215.3414395321006
168.83349863842275	208.44982100943363
404.4868292329649	39.60582036816199
77.5422962800533	60.88491869283145
99.38980503870003	142.68593444925048
240.27011544638088	149.99150635849975
279.38417001859824	313.5034231684241
418.13871369986424	22.176288142024344
243.81755823134	210.57661626743598
201.5205713353464	261.1253174515383
338.47987000309433	133.5499247949769
260.05240208260676	175.29852424810895
339.31936008479784	217.16105781393705
325.13306139649677	288.38207972181056
389.9230044025585	221.4967442036781
230.68183654099175	154.76820391883052
194.84634376689195	46.91234903963483
15.719932750647954	329.3812784142162
399.3259113476399	78.78484035725769
139.2843618827066	388.27402445934064
370.82624021300643	69.51936975675862
202.1063701806471	218.87240246501102
341.39386797097217	302.8379405447202
351.5818204243387	17.71002302204225
109.63391462721177	49.01628349543776
178.0120990803253	389.92145236110116
334.5617540796159	251.6755620026322
291.867855916891	24.177555628105274
317.40213494943134	396.8613885005099
376.4205225256874	154.8952519896229
301.71712776603744	18.723424343167252
311.7214458412382	95.24674894383861
363.78243467785575	328.7062493226497
316.1377373628224	30.46787272379578
197.89034684403333	127.65102009870145
208.33564878184902	169.43682581621033
130.2551351936785	119.46707830179784
7.0521968533534505	317.8976705352273
363.46624625823756	199.42200236810572
175.90614857222778	61.388834708771434
187.8635342763399	164.85260169396028
322.99993535812644	366.0253704477583
87.30310344951987	148.46640039611844
377.9679318771135	298.5257762981529
211.7116637143952	227.40648500453074
39.97735943909087	39.52937903085229
343.704808125593	413.37432496581806
306.39211489431966	114.77532692441788
186.66504997202435	57.729761829506785
287.18520394880596	139.94140518303618
99.6450513187078	111.0935598698932
158.64241434238357	368.45464948488683
343.6010566113627	31.11638165989068
303.9049215355822	138.71998303634598
200.74500263827818	412.02256605904427
232.43230583726663	120.85514475511937
252.57881366611653	139.01313671930956
82.13117372940674	304.993350246277
224.1571706284877	33.45745253603035
100.95572086767221	410.1263164574133
24.491638383603835	354.20648650885533
5.092490871940962	154.45603095226988
343.8130846045662	384.3748013167173
254.96952522902973	15.39087934666637
265.61506042578844	101.33209981657124
375.984458203213	220.49269062203797
15.971313316921465	67.42158854116015
256.5301212088381	414.8559128950838
90.06326979565925	65.60152845866558
86.93536736280764	321.64702981262076
46.14259505221176	307.9181226731461
348.5085637011823	173.63230522478383
124.16156772731206	183.55031390328497
78.36919325628406	170.71370142169354
336.22594058022037	65.73178934100694
99.91871001268551	75.0567162943456
346.4052093502888	328.0217952482015
307.29035793621625	184.62598527588847
319.3207911214292	84.13638509173377
393.9338414462321	384.1169398105286
28.59111812321223	371.48995668725655
373.3148625279411	280.60028425532386
239.03498167389426	87.15283160578366
5.856282421368879	356.27902259724806
408.55603778042735	125.02608847260673
354.2728672962012	262.6085089018988
281.3230662697496	117.74126383197394
225.36396428842758	296.3641964427291
255.0023383285343	337.3227479488976
305.5772510652517	389.4238255547658
401.58146114192715	222.6127081483554
296.5529864466495	105.87289784354422
150.25465170014837	359.37544272423645
380.51124207358197	62.61836020017655
365.6047514004912	8.337472249469183
244.2616725484835	321.8034883678608
12.050736113456695	230.71129201223488
398.80325436286483	362.5933396222604
180.4432606175956	288.936783503709
22.625407510268683	101.28242975283395
159.90017369914497	63.484380252626664
411.01781191861187	363.60619715731804
322.0654702263716	299.61754752256724
2.598503797801315	252.19259623583184
128.8970830982229	333.77146162803757
93.85617730170561	25.572493593124264
206.5546970448887	287.5294226803973
32.039422473474254	211.7634466681007
194.20966026214234	310.1069978975949
14.015791477634473	286.50839148215897
226.383024949068	245.41597158142864
388.3795395017225	364.2579086504505
149.60990065728876	400.81904143760784
317.5011186635926	322.2037622357028
148.0742303633203	24.650306054890322
394.3405442898226	120.13492473204936
29.8891283194916	280.23624819695647
214.1556346777562	194.2962792849721
361.05602137179096	385.5405142683711
115.15475325835804	324.0616337849163
195.59667040703542	338.5905386142333
156.59968208586696	290.90799469265255
151.7694772789127	134.67204756394617
50.17330267124197	1.2124830274146752
203.74132033182852	105.44768585230456
242.39583847947242	248.43423426352913
207.53737591906494	25.826273048489632
273.72084620235177	384.6503795050225
70.92785087490783	138.443065774305
105.04193449574156	319.33751962678076
261.52484747970846	145.18144134483157
266.8196222733249	163.45978697038757
0.2143365434447881	184.32120147986265
18.81647731537165	161.074317972143
241.37949809456424	299.7586708766649
218.1845328940225	154.08142359764508
55.302905149052144	15.282442346352953
299.81152569531565	366.8834080484249
348.3777476824556	222.8567360921262
229.67680017801192	211.96621555581766
166.94119072270993	401.6633725114741
202.21009985816798	81.24407595832012
154.30414934545658	93.3207434433288
141.5933643749697	119.69354003701874
266.8569137578215	400.00055313995665
386.8725871377334	110.70342096692185
140.57355731939663	373.52415498754505
55.59792159674143	108.21246345602852
392.9734358104844	240.51869245259104
212.95148376866845	144.05015083946103
212.4497037857671	347.0702928244356
161.01982519433577	200.42571782530288
400.3119322850793	194.25075494102504
107.5941338442861	223.90932471681904
217.30118850654074	91.40831736724535
64.6725672522372	338.15518438993035
228.5255946144188	166.2644859966059
241.6749766969051	135.8955177413598
158.86830110891677	45.279691317549556
391.3854100848985	173.67747047670034
217.3980459034131	319.517590574716
178.49697676432595	309.7836534159396
399.19567361909924	251.28222131123798
360.49281603172415	70.5642942246969
196.0724634656241	91.13039572142509
143.22823597947962	89.03841564505007
224.84343674826667	327.7839190700522
193.45671979737227	327.9187724760051
248.22927468087352	161.14372678510753
57.504439874014444	200.07714180528606
56.62348806079352	96.47953703123808
291.6590167781741	400.8911759877075
235.48925185983015	358.4398986005149
310.21595514890805	196.1003808172005
388.56210597430385	186.84574919579353
144.0253652229274	295.06722641762366
379.0878114534517	409.68085205063466
407.6599750694193	100.51647720934753
359.63686330494113	101.94152901310389
5.618546891456017	195.2895705162888
389.413533406188	29.753926125633424
376.49706801717093	86.63366708576706
274.6724791245315	303.26408803432327
100.60179296725713	297.3584116485419
294.80378173450197	380.21892757811236
115.23443230599477	23.965584845909202
288.31101600033037	390.70232717612373
291.87264231131	187.26394036509456
312.1460644832091	380.55958377360696
182.24284219830247	0.7065973836063825
100.0243203886631	385.18939679459294
161.50618099929065	150.23687747039014
65.92761886080629	322.7806961490787
194.1807047488221	287.32035606972426
134.7482281212491	101.9369609661909
201.09156012416136	14.713438434985857
138.1507781424442	360.7756286595883
228.72377282218454	74.84428406485304
134.31288928151733	262.16095234238907
184.09860603510964	154.54970313032194
361.00494927344187	406.75749139267566
277.74004117002397	413.8867499876329
411.2501487454057	196.63539529861126
92.60498664467364	166.0354392722982
329.8928100805302	6.364975260228143
16.158420915110426	32.78418849117221
165.43663681673354	232.73955921316715
265.16464166632244	41.19023809929696
351.4964244303087	401.4099048531249
148.76112210219864	73.94947958541337
311.52326890748185	13.713295890882296
243.60358802545517	401.8475475639876
238.99445338526945	172.13141301616412
385.46612084145914	390.76048506043134
116.2288152458937	312.2181798830231
283.13970375184493	340.13547735258885
180.37538715204252	222.00119454926053
317.6783790110266	114.36286413470481
28.718561324851546	25.33804140975664
328.34871624578636	152.74785034742234
287.7778971493117	47.925910723220056
77.88967976320328	158.43420813212697
190.2467615205702	175.4081478178955
242.06820762152626	46.565585099902364
37.33041032154625	101.35971029902865
298.29778634015497	245.9582455674186
330.0344004838762	265.9191288601147
230.18481265571984	182.02550999489873
56.65431814917905	302.6054719283291
224.63516231655922	142.4680381484934
334.20590151054904	294.55292538876785
418.7403487112015	145.5508646360923
365.7345888094575	271.36982443425194
133.09639018576382	41.73402783976897
91.08470561470372	368.94479940629856
298.9110981104193	170.5302430199672
403.8258675233088	414.7857065577722
237.46167152571772	332.5766523942335
396.016289967106	53.72872744124259
248.8033116007937	276.251777228468
65.4712396457179	350.0433210117545
128.15528965045476	91.85571132470693
254.41876505758603	216.75640343266846
134.93358597689448	63.6663965603387
403.99237529045143	23.46492614465313
136.31716872426804	349.838875974085
80.89407223017155	95.6595380020693
348.91668723594205	74.60586653972652
14.937946371619708	363.1231298530421
205.66096181102728	333.4077584202174
264.115260465217	261.9775794103524
101.15272966123968	15.061517624325575
56.783325086301524	277.16800258320734
231.0913540323133	109.44360689374936
356.9202002586908	374.1867349689048
324.1355718538775	385.1162460469546
294.6353994324402	118.23490154483132
140.7509011858252	53.106433185800306
219.44628584865364	286.58634081212915
371.5590003000647	188.07813126129224
142.38478884643982	207.67785538281632
171.29176639136125	18.327744156845952
185.35099656924586	298.63074683664024
274.69591243477635	276.25929379094947
243.36372718467442	190.65356472264722
151.08346234781337	147.7649853487346
0.9105211469863245	384.3778711521721
21.833875730871842	344.1672996683189
384.32531403891954	42.52211741652064
313.42879705636454	231.66730197534565
75.2179453457427	10.003286844133395
36.42398799972567	290.8688232893919
288.78337888649827	68.83127012719372
42.787880776137186	265.1808091718688
302.3597002186632	153.60192117785607
168.97522337213528	161.8342939575821
418.159432220943	230.33844344600507
325.0831982703991	224.74191121330426
345.0027405642257	85.31109305563395
390.88135137735645	142.72810345397096
194.7053151889663	149.83085218471848
151.6158786464306	315.5831932039556
348.2724031174483	275.0143756542903
175.35115578336362	351.70867224040785
148.58839930093995	174.68195652938783
