204.54021596581515	60.90851229932193
404.76993629659864	393.69783934265206
379.018483109516	218.5476852278187
348.3343789616024	349.0471255580653
404.05837704189395	340.43590001786214
166.74301394975458	187.01806053084215
269.06754665066165	43.44702043303621
94.07704856403343	391.9947324378688
167.8221779742327	327.2854278300389
381.4999046345195	66.02823331203498
310.36359576924065	48.61423515204683
238.85394403866962	151.92430501291324
381.51556878287784	106.95457492212046
220.64401370842003	16.297416875276397
403.191991339668	30.94224127040331
136.42756829140995	41.794337295354374
25.266245765833983	153.36166724383176
341.39199377134565	178.67871741356336
260.604441920643	249.40364050136174
22.972612978598548	172.61365198075225
159.4202158813848	11.117151639545822
0.7787021441521547	21.90583612364017
115.55121581332332	240.56102478230264
127.50740085503156	126.37695107756132
304.5384389592087	148.44043539063844
209.97420341637604	313.76928169968767
77.55674433352152	301.2162007250602
202.5473715458591	106.26377566315894
122.80045517201923	107.5959217526332
35.368065053047374	268.5449323383598
273.3332689049783	372.3517819230494
240.35725301358744	176.08792749577108
235.13084194196736	311.9022428137075
160.5635977800635	371.9420359305732
152.6798425503922	55.758513055657
13.280621851775917	368.18691696322685
103.0409309723656	122.64661999748654
338.62341999341993	94.12626009312075
187.02618321152477	194.78005892428945
292.3322616827743	359.9522794874873
36.8051277446975	0.9482006939320711
92.70820049670404	185.34319593951489
22.764948888905604	406.79377378886676
204.32634802887364	335.9848574486296
47.96759439411725	95.50211786868041
162.38411701612006	99.53494208472164
127.55849796994042	334.2667531808644
248.1138356688771	130.7137962613748
226.8734916962187	58.273755436954765
263.09592767500925	181.59650853568607
366.7390494532664	293.9041982641353
168.0861367098662	230.83482064380922
288.90951634358737	400.3987361064463
139.71582074737344	16.191211275084516
79.24431553904441	281.580861027043
168.73326740202168	44.23954599982059
415.6167279912504	376.3949773583913
366.34379565257956	234.9278635938036
50.03339509989922	353.2180945229104
415.74501379701996	83.11301857722322
37.45524840825381	291.6472997844881
100.45634549396333	225.6420965319202
203.60022699687403	358.34473719446294
240.39274758062615	14.408293855782683
272.4867445709176	199.5212219600722
178.11905010288694	61.45386690847237
336.4633399410616	213.99949859717694
329.37292083855755	239.85188023298477
203.9462764835544	208.52564185487856
398.85602277850444	226.4767579411052
88.41413663983407	12.849070781931552
207.6517261718278	183.38042936759373
254.1406925957421	315.76736881483515
93.39135864405698	141.18400665800084
376.34484758221345	374.2374305011473
340.36029106657315	72.79146174277973
39.730085254732806	36.917250606826585
414.5411534163559	245.88486614653303
66.3837525732289	393.19192267773707
300.37927724679054	324.3383182524549
42.748690364949624	189.21156854415906
208.94968233635618	278.4255046566485
240.70774751645112	244.32916953326082
80.24379849187763	33.3149774828792
0.9148507972063914	287.17296380051306
186.6784508481941	79.43670027772589
387.4568353199166	151.594690760894
266.7148165524052	332.7866189661101
293.1990571113043	5.972495086521915
398.1110355232844	259.755988685271
258.88050704899086	70.01449364708037
283.77009608944024	181.17443220942826
310.20026430805814	414.1035988500442
393.0332215521885	186.75971301666368
376.3727521864289	196.7133752952732
381.43467432499926	170.01837479230815
282.816160919139	281.4104865762508
307.8498592036018	393.0819308530255
234.19643378815135	366.3935466119744
15.960395402291706	240.34227262068583
152.66668955074698	158.35070534392028
310.5000851835638	124.87962835293885
381.5914858551911	30.933034430976246
65.63499987607484	266.9975280995192
52.80377507668458	303.87348306972683
269.7879538000572	229.027862786793
90.03116752551307	316.44538600961846
191.06058281488424	43.209595441258784
326.3376813288704	400.7704916730185
362.5749156089073	102.54038124058656
231.2469550048118	275.00230105394473
121.55270997975622	26.84531365552324
260.16218775115493	6.880419474516885
351.53824038034816	44.08717548464387
220.87605844245334	297.7538220766079
263.32774035898706	276.30341791991515
197.28705131302988	20.805786271838205
291.94643893227385	200.15437049891835
321.1514397629978	67.00230135356557
270.17749599033175	297.7077283795462
7.626420255495421	139.25666276634078
165.51163466250324	349.13942687302114
162.4071010497526	284.47917881074153
238.3321600765474	104.90669347368467
112.48639250177372	407.59676981061705
410.50282048855047	128.11356494939523
415.86667200999136	356.51799190250847
369.90851157005847	254.09632083691412
257.7214191968113	107.93764264516565
215.9631621709623	373.78511579782224
163.0157681663837	121.20032463126257
353.10157126295024	7.3699520625561785
202.92527889101825	230.9564951181081
168.11011404245497	408.8226985135701
9.011613456596843	63.27951990611766
27.305914028433314	354.2244674201248
314.36757397907564	213.5063199002709
17.95349765642082	323.6930321843156
109.34288975134636	66.79448374446771
290.8234625146353	381.00020334595257
74.82333026132177	244.77409500861071
365.567438816483	409.8048613396623
132.50096297736508	149.04093869185726
241.54248945320774	342.10692605204616
149.7550915421395	197.78540967785395
384.43733840501557	396.3956649022576
322.88091067387796	31.26799467827124
184.93151585313424	316.76044320334717
360.5555260071179	271.8678561762043
280.1584313362033	316.219772702196
117.58215884526443	386.6314080696826
343.6922438406487	157.57765251365163
419.1747698532627	46.03867991268668
134.46981062357304	396.225674678412
418.24162608643496	226.304466511123
20.490797690937296	42.83321247708954
116.36206634623704	46.48451689091466
156.38242859725165	251.10674377989014
222.36665899341855	350.3660003798823
140.1863542913455	288.61733322366916
400.5142802740753	282.188546681743
143.17170156939372	76.5288307354266
277.2033835386231	20.970926947744214
47.530637172012696	54.87811907144009
309.9087460898032	343.84917142626006
389.38804088428424	356.46224187670856
124.67008324247021	88.03104299532788
340.1918157872198	325.5803203918947
25.658368855681637	101.94072956128444
220.56189447286533	96.88822971304987
233.16217613235307	32.36014457476762
84.2614883667128	107.68258592636371
124.99441358316562	270.0948936383408
67.00063804602046	88.8675077599995
79.01310114859159	221.31706272138072
211.0200713321785	397.0345302264774
154.97311185536373	394.478594187197
381.57555878766476	274.0743505979741
297.47009434486	167.36297069843525
410.8999042363356	304.4970990091148
73.31792101401994	52.39285468053337
141.5829252007899	176.14978618332262
178.56500542925198	297.4475536488834
96.44371535933993	49.66201927635469
283.37618291597846	100.36836061511089
135.9765682483054	253.0707747230251
37.54147631879162	208.85095864887185
6.936904625325739	159.75454907377292
347.1025303645749	117.10610423090466
274.9925919899457	414.0435546277869
42.112166117293256	168.64798884334417
370.8461795576742	124.20328607364058
25.024599634467386	19.12021159201423
84.06558542664966	166.1226877511294
194.2365663748874	380.0983555011959
325.87546115433184	197.5968338842011
401.04896050819224	109.86323060751906
148.77818628881423	221.02625960777732
223.60118844110366	256.8972653203058
359.7829579152198	72.76469387143294
110.1188389012606	352.1241076613826
86.53458154547288	67.51720313236873
107.9320812218274	260.4047270120487
384.57173777200165	334.8429084869606
16.60966641252683	303.7218689512434
308.30843896600425	186.75948790317833
47.28119337408154	18.381224792408798
248.66088284917316	50.71602828995706
162.74689338504578	78.05131753121763
330.56915532429866	128.93905528075118
349.1471508592746	137.41084563204183
394.9871737414878	82.40609128803332
120.65529930865955	312.06729053990705
70.27507935096699	319.2582354182012
332.55043034031604	50.222969675636364
171.84301343566244	141.10670818364432
184.1628370292651	124.35785590235861
299.94122143294715	65.63104898798395
62.17818225903175	69.9147460861849
321.0892704492919	261.4143164973703
359.13745418583443	216.22492899446482
390.3556678033612	130.89509433131474
347.09510028733143	197.58973036098257
410.135535126694	149.51358978551656
319.934201770447	168.77142648527007
286.1342779821094	79.2857786343614
63.87833112208474	170.12136111158256
214.06283595402206	41.04949301343606
272.61120234468154	352.08786633012136
386.56729640916046	241.52161828886477
170.29435106457845	265.69136646327416
416.5526144606726	266.4845896254886
307.75039964690546	84.2447182321731
126.61587504861518	1.5361684912570754
226.08543043662857	329.02868333650304
345.9988953047243	409.14820343740666
86.36125576723572	263.58670481661784
0.5756590389738115	405.41683927067004
74.86339785729591	147.7018205483403
107.82712838700242	9.23691567111286
204.66438205033478	128.16108761347505
55.45502911890373	248.35632669871418
124.63445934816839	365.141215422468
222.82896304372625	232.42354346968023
185.24172716233983	248.53979383364003
3.4010980752640765	184.2552834380248
270.3373374732523	391.6140056299459
227.85741390347386	135.00794642502063
38.50796916962531	392.9761926441087
290.7641207812447	118.94031366296984
21.178910742528814	197.64920742513684
148.56223602074365	333.99939860796127
416.1315324484257	323.39077078213586
220.7542487797356	167.8573736993782
182.8423962976507	2.9786602250564047
88.74410428813734	88.11512305822222
305.1271266831386	233.9285698133491
64.29725054714638	108.08201786787268
306.69369524373485	280.54241667184834
372.1246021713365	48.81854015769478
15.901466921544815	260.6446686119783
149.1678902562707	269.1008792894068
362.09178430704964	183.1533178684893
199.29078960705104	297.03166907293206
195.93020196247542	166.7202026728959
94.46335424413311	244.5224195744444
13.47582263159571	388.5878236537099
99.70588735576418	29.55234321388361
172.03729677417522	164.38038817499887
185.51097100831362	341.5802255164329
256.1510831391884	162.4112953719988
295.4609766137525	296.83279783779653
361.2268688074049	26.53524636511811
192.30122588900304	143.66322670393106
41.41204236331253	115.91174301905062
288.4983019508951	339.80539062553595
20.876940279120735	221.21580497799854
221.24407748312214	116.53824224897235
185.577730989805	220.65265386061196
346.87636550797924	231.2803134604226
69.2745184659018	15.969887203084472
9.735928944656656	342.0390181872248
59.0095198623145	34.82056997353767
179.579438634534	362.6900069392281
122.22457586311039	170.23377584272927
277.76351342866946	262.67016761023604
372.5854950939609	10.344171492803774
63.408081595112755	189.84652357035816
253.30626877046143	381.80476307668926
37.54738835072185	373.09907462683924
224.88071272500414	416.01990679369106
31.28097345899365	133.18962562927044
0.17275246729878616	103.45239678915368
35.08436475954995	311.79762101316976
350.2955320843571	252.42682001894025
53.53659385776076	150.39741317648142
271.73371738110114	123.46342620360922
141.86267341576672	376.9608269510455
207.6217347439469	82.3773766759289
339.30705634127236	273.4514449336153
254.90378664029612	27.439586938765142
342.91590003120245	296.0392604301826
10.326384335044024	4.5318343190519865
344.9624391259976	383.6747602499205
370.96106903208715	350.31900805469354
301.81339343654395	259.1382007646526
146.28727663159603	416.84124079644505
304.51199548925365	103.32238970641122
112.92694836465422	141.17335255661274
54.6670770592991	130.79280934272415
369.207925471281	143.82449485194095
393.6260722763765	13.87569514948571
175.16910703096312	385.57725977101813
312.6905778089806	13.370152660473076
50.81575423070023	323.42736157578196
121.11295958557838	218.46563865343026
247.54704917768845	264.3591359509862
323.9013723089881	380.8110983206692
19.76910294864173	280.4526458805529
234.28845454348894	396.0720952432505
297.1707388381349	25.285974889733733
253.657618811902	357.317126495055
406.54036616613513	65.7856109679648
286.6482655308302	242.3312529220589
229.10517838002568	77.76942183944671
288.6392632192629	219.97146066567785
42.793318817320475	76.83662884496802
258.05601523632635	212.56151509808166
313.37521196506174	305.4352563766266
147.72377354480432	357.1008723575571
133.6887775147032	233.43010974004076
34.33063415936771	247.3070317561055
130.16159179988315	61.56753093379179
247.0110557559094	286.77990281332586
387.52661259820997	297.9849618933892
363.4697614380286	331.3282212335412
83.83888032409108	335.67465443325574
203.54750763905196	255.7381509930514
37.05460323070159	337.3521092365802
341.27022333606243	24.40287801600158
91.48054881117523	412.02329572202683
325.25045009067514	287.7613751906658
265.20360966340786	142.27262562038436
78.68125821895624	375.72662448200634
363.0828493355151	162.60802515063665
393.4799575561145	414.43233406355796
58.502822857043725	374.1365289800841
392.88971436596637	47.494142398586774
149.7997216697834	136.74820877942904
410.67327288052934	3.356155683806304
15.904672764332734	82.03171884106212
333.35552829823473	363.61540993402315
289.0779523164744	43.48366128449606
102.87575607191611	101.60973647029782
63.56497473022919	338.94516465831373
203.72611267259168	1.7858008711518092
161.49274862777972	308.3904223390723
320.76720369065873	325.60640621682876
129.97666697069928	198.07712121230125
241.6963449841456	222.9622826584451
329.29861139759504	343.4940162033403
83.12761165771634	202.24231958196685
60.839353225902556	228.5043276431512
212.49600238910944	147.62257963153388
55.62326522363974	284.43998973362335
277.45851913707907	157.92511646918638
245.49121924459038	195.5061013958372
28.917592961587946	61.00319490291967
79.72053388776918	126.83937465528267
249.95443280743558	89.20180650295224
325.54293586060766	108.79832484535062
144.18277308542346	116.32092458888636
40.44886876977237	228.65871057379857
140.84184016299344	312.7418890989486
72.12045907674664	413.9946431657901
102.39335442249713	301.35938057766333
119.84089224635352	290.85198622897684
101.71014524213908	373.69822646350144
223.96421771348918	211.09415378881278
112.23091025486428	187.1980460397467
191.60363420040724	399.3163721511498
108.96464253199301	328.8947109560027
276.6132797163504	61.29850202486885
313.28714311695114	364.15998323933997
396.0089682231147	375.71166900682874
171.44264951331897	206.46566377386822
188.72803134071026	276.48994279415433
286.6870623223207	139.65531866938673
363.50208115384714	390.1988965382576
70.52225237998614	357.68739415264326
58.62831842678095	208.98744928832767
407.57540047440176	168.9162742372136
330.60713266687435	1.3288948091494912
354.8191742899354	311.8752760725176
374.1795151529827	85.9905882878992
395.38357307743206	206.94507067335127
104.05329701451674	205.94884212747928
104.58504485468342	159.23370439548464
99.29070440703244	282.11759803880454
175.9847598242157	23.42959453683919
51.20308070052268	407.7290089547111
142.0924151938105	96.67365518998506
377.2424764328774	316.50083605874545
324.4222714965686	148.96600092537926
417.12531910735544	206.36068423645517
13.119545373872977	117.8367868031178
396.736269462862	319.6509277149864
357.96913110856536	366.02633008160944
253.23259880687806	404.2636521368368
183.86605436198874	99.34385446400417
226.01269074190466	191.14898651215097
90.67517939825915	355.5513810845049
153.84155512927623	31.83809236162529
