312.1854565481296	72.49682037524762
22.35770961901048	119.84308759197162
332.0201997164677	284.1577863290507
79.90029604574244	120.84258830746656
342.2407047403975	321.119019528053
147.46644644215084	38.82775642395344
30.556996791719694	109.70307369221413
188.46088351125	350.1784691770412
320.5861845265811	271.1425252943822
175.02271920153436	265.12065940229905
219.23452198387258	228.7711349344331
47.35542377320699	293.8648058262796
113.95893434288239	324.170941346551
89.35685027710838	208.77232400783075
52.4327560683063	392.46017837785007
182.6438369982412	290.3986189161861
217.8959540879963	80.88092474862879
80.35460669613418	135.6157302277539
266.5969748263571	375.86498701192426
257.31083129262873	90.24111639773983
231.73783902977948	272.67587361196445
265.11260008806244	272.83557355121275
51.84129747435283	210.00075199578885
109.26049684544857	372.8269547697863
291.52505645233583	335.1657226950447
356.19336961371994	238.43369225653075
415.81302873839934	109.23716713340633
379.1592269333254	71.41223848830553
381.0875132434478	392.30356888752533
365.56822538475836	133.03036381400366
150.8751498866244	232.16617676708395
43.9212498735405	234.0022191693069
382.9669271602207	96.54891768271374
198.0448458144987	293.7884528718847
170.1157367416472	289.4033669733168
364.1261248486107	89.15241973529525
118.63506455469158	171.46254812103624
406.7984664910806	278.9218919747676
353.0856141679809	105.54948406933983
393.6300063315453	126.94145497310186
202.02150202399645	391.0207379122046
67.70612773682318	298.05747804662394
406.23972226319466	173.21126815885992
144.95633603240898	317.5817236989324
272.2829528392934	338.88430063405957
161.11005665193488	151.2233097918481
407.27162401353	137.46837624852034
415.31095284060825	212.26481324212116
184.70865155128007	412.70988997533834
315.5932429525005	140.41687140006243
34.68238975049365	32.222833978327145
152.13763978760105	47.69045318916495
223.3314128910873	280.3043883015746
199.54632628987486	308.79430292278744
20.016306883001246	326.8595691066194
248.22571250674085	250.98124449790666
57.670072432068366	71.20796538202534
195.56682155698968	81.31760319591567
236.58918796041883	128.98593710418862
273.81766795181926	114.18679422795766
217.52722502089304	351.04676187671276
333.05655210459565	200.24426320122947
63.04227760583508	148.32681968989988
98.45143793600165	248.58357401794882
288.5600830510082	219.68408534843317
278.1796907094568	223.50972241483748
86.01870255439927	170.57991795278366
205.52775892165153	189.22354355047702
94.6140964506709	235.29825430062434
218.46368961507736	67.56195638941297
126.30911969362609	377.1085686426033
156.9011509003449	403.0963592881362
311.03501086994714	149.65094427076042
271.12032800581284	348.5001429737577
337.56018032621904	312.8393220614251
39.58219563273439	57.94096512229018
15.17484644889934	140.58960577053404
121.18249974267913	73.05430346658136
70.95670783281788	181.06024248502126
241.51373441940262	290.8687172534456
79.02995902495617	83.88529968626885
350.0109291433034	372.2369179384446
137.8860695932381	62.688950516774746
372.05912232881593	186.8369436257793
234.5818548028556	65.7460783258733
408.7208192866971	158.20547626802716
141.4078425610453	296.99565881401486
330.7757978887571	305.33337117197243
241.2829924751355	26.074073051385835
26.049609050930236	360.4071618113531
139.00534796507128	277.59739182448834
362.9245842428707	321.412050411276
386.2559833020369	326.0031886917805
44.672680612868284	142.96314685514423
300.1252094295423	278.86506727326673
82.29944117597536	334.30998243722325
215.56311376345027	386.97363250409177
109.08566111238042	67.54687399230515
97.59907042203977	375.04891745759033
135.316468867562	261.6934006761722
174.5448010279472	248.09435514245052
275.400740525544	312.9217532103283
127.94113729471137	343.47336320229704
233.3351315438396	12.978685475300331
55.665517906009214	93.64593259535957
327.2250152582982	135.2375608834342
290.39347142989703	276.75218653157975
215.11250390498242	37.4109365430331
307.15216824834243	317.12147917516285
179.2996073509225	314.66243106825476
61.05195932567274	17.07716952299319
127.85012003800088	283.38651730201286
80.64474329459327	355.74549583168005
298.39312686153886	216.20102013479647
165.50288515115844	107.37487598079386
344.7188118751203	252.8015164014712
141.9707808494098	371.78721679073107
237.8108705534718	88.72793364602326
155.35317251979873	171.95768185281918
281.7138530342396	20.735127476967666
302.2007293208379	69.25548925929719
180.44013263144055	184.27462368013838
204.79148802135694	375.5182675278251
185.9076272707378	141.28720569704356
306.84855154231235	123.89548626603747
167.84310552380148	329.11732595025
293.54027095657625	3.6360082044711115
173.9363615397338	47.74506962809151
356.832456216472	280.14429440011634
377.3389893789124	5.587412085866239
327.89071743333267	408.23794157551504
295.8117532539081	115.88882375470025
153.25028357938055	312.6257601937087
4.76009756277862	192.67028708468274
286.79540558978846	297.0478248333605
65.7904540996042	168.34569151552455
413.0964893818764	413.70958444343967
6.535397919750696	297.18756968294133
389.6803378809484	231.73027789293576
161.97420276640787	254.41944683104407
363.48747631760733	72.62003883334052
205.18092127600372	157.2714745249284
289.39783848460326	205.95211847485618
343.2153044339266	87.40858242471796
270.3091587126811	161.38822767474863
158.7579302612835	241.9284105564591
134.07819074440127	15.809740760570326
285.4293135380874	32.66696157541712
113.2050308756676	381.8010957921672
98.38690506328685	271.81782702132983
142.51246514369626	24.455331646566748
199.52192496187664	402.72372733290916
109.14318080487635	44.77434238937492
210.78047921023918	198.99807241185636
158.7034360007837	37.70725754581212
379.8126695961929	42.79928331311892
155.24796248768013	271.0189448813461
160.31196531083717	140.83652459307814
199.33813261449765	66.332818253032
327.51980897461107	318.6341723307823
13.226404579726248	206.66947231817142
269.4716908657967	387.04306613919954
131.0280948225136	95.705748952342
111.71241601078478	54.51280031163033
131.82684143869903	76.25245666675416
70.70749069442101	269.34910802913686
27.93478470275508	90.90723294988608
184.94425108685687	171.44971086410405
326.5792222628337	357.58321634692965
382.2591030926582	268.3958602717573
52.8312693217931	9.812811138507678
251.5138193640258	127.92896110130391
86.7220962047906	68.75788534742283
33.68835944477329	14.325680386390099
111.56995634103943	88.75899771087433
343.40905406888777	294.5349309462825
284.53067663245093	413.9105625072699
308.60407513642775	94.64940099643401
367.9318295493451	263.19511937294067
94.79452925050994	15.00327800003736
120.14794098792544	355.32017902633834
48.20900613324096	330.89004092890485
157.71613233925413	86.571313703337
295.43415583118843	319.89331840451814
62.56535031776872	409.7216270913407
308.75812521703284	165.40189937729744
42.92155044900892	202.227387307157
367.6271770245585	120.65353262656603
214.3780225209264	130.11136508771594
407.5694604190134	102.03959248005978
161.74401147675073	392.6325621139105
152.7388844239702	368.6527669186539
234.48688886252148	36.578194591563246
385.32022427784443	17.10991851078443
181.46376308937874	377.26279156479575
274.0066858465976	28.139684737678603
346.4881668113611	75.77256161063576
88.796584269101	94.76864595217147
314.4335745775661	84.58348853102144
205.47875358639817	176.5413084198587
75.86013352840695	392.94937809154374
108.9708796731924	159.62588626671192
152.4757208593197	293.8378321032295
271.5067502892145	302.27543669436255
414.5179861359517	184.4733279564622
50.21242507806265	222.30919040098843
183.63437550301634	41.442933772837534
89.4976574727208	260.0035802182871
160.95336642790934	187.87147864257747
309.36234670531366	332.0356327391232
216.46923863562904	408.91239778554075
107.24656248324366	108.73685573522717
242.58521378689133	224.06303347853537
238.08765345397828	159.70445248074205
312.39773130609603	409.5048889628051
119.35123834373296	156.89783943540198
109.32922893879694	302.27102929858904
344.84827659899804	167.9366052113115
225.58364607694162	390.0352507799408
125.88563522301449	320.5731246521729
165.2662002524915	267.53743518014716
169.28214285195588	381.4876948590769
295.76941830105017	138.46418762047347
305.7264958721832	298.33475936173403
209.3470168701557	267.49419818082225
281.0808870568714	171.73001210121006
176.87308806537587	215.69750036882945
321.1258905531583	163.15335874749618
138.0080565530257	167.31304389670697
133.21549026873592	194.76849751458806
20.51571369447995	213.21530376987113
39.770122808806406	308.7679343553618
284.3187066403479	6.879136070273532
250.73050835154223	177.97176407335147
137.45607749954334	361.90401857462797
14.89648305059655	26.87167554410693
100.4909417801176	126.21821312803499
283.2015487813407	44.546372419405785
51.97503010684968	149.43441947281093
340.11453971614424	216.93375474297446
15.329567987901152	270.5643284540215
405.1249249674024	297.68502161485856
208.62837714917487	59.761216531805644
79.63491578028994	260.14202883656225
47.215328348951736	191.2108693311594
358.25290706064675	80.71681381065193
388.4423598666361	30.24549072028001
107.76274191150833	219.75702552946208
59.688710928683236	309.41467453239335
12.398806064456076	251.71538837288222
284.215851630513	342.79209223396316
101.09712903042532	292.86100320812506
392.881561846388	97.18069439943214
302.1380413975182	185.09694106794242
66.04130375700018	394.3415379931206
73.63309787484177	408.98829532829905
125.63019562875901	304.17528914298276
41.86723749246931	115.05936831905133
378.19419168297355	348.4074441094086
272.8705245852522	37.722155193970806
256.9603216625918	292.3739252510143
86.17891562090938	227.9814888057455
302.032323592414	154.21584851987032
37.91260395446124	193.8645878586738
69.55102904664808	75.62572881583291
160.43986097005066	282.2253228348236
227.28289545713386	316.12366120743826
208.7351289226999	104.38438388521128
148.063047895734	257.7180762094856
166.32945351856574	29.83966158844228
220.64130685109373	309.2468947825534
122.65716598286667	294.9895253833777
391.0257226281795	306.862718599307
227.12153828849634	91.38042838333676
391.39006394635913	160.61919589884778
174.3304681007408	405.30380332393423
404.5192104679107	55.44718719722963
249.6947822047845	149.29421479968758
325.6347320269801	329.8017558806629
410.02629512932987	238.6829891799356
192.53985078011593	383.5418245444383
157.0371138343873	321.79617965095144
30.497675453627764	268.4983637253371
329.11940015574777	372.535910465585
316.91035874801673	295.13718003565543
96.01760932543199	347.3203139087622
92.8572873656755	300.6750756597915
47.16986403492303	131.45806911281596
350.9915002223504	159.03947883939878
89.53719015795289	280.81877853886596
18.25732436957235	261.16052307103587
258.9503626098515	41.14216207039994
409.583147590352	306.8974807352344
68.74264413640068	375.40899869880974
181.30804321020975	239.63565533529393
181.2002694834816	57.08239417017288
132.4115233122118	25.881062694879823
170.53717420709205	7.746610950351435
185.27366955791587	220.3261561108394
99.47547791546666	157.02337298246454
403.40250439918344	327.6735776096762
121.97279892899127	92.04755568969912
391.2139632014775	297.1631009973032
291.92144102819015	180.7336905355933
26.757506590195323	204.30793627862445
130.56150134757397	130.63332072664502
336.86324109246044	154.22827863574284
64.4289212917634	320.85787823436084
340.80090247299455	382.6948042757523
309.3923053595252	205.04819635831558
14.22319707263517	289.49484070876287
247.94598479952867	280.0600921568467
299.37500563275245	255.86559687587805
147.6610231545846	106.54796796680385
135.25909329241375	144.04849513601178
116.97101833867688	334.2201679139226
11.25648278894484	120.58070522838041
150.42974356181395	350.81575241957376
121.40207837295786	39.88321385138812
275.3440944156627	272.5545846253398
15.563351456003135	99.03287374689555
88.17235847526568	22.48964020421443
3.2742697185216083	354.17914948089066
54.231918672910034	50.04775128786499
85.95165192441202	196.59169681609268
252.11806397763993	22.54497292099839
204.63417414953335	143.17976801586295
316.70694138642943	385.99941134108286
342.9156005152625	63.11449964759656
289.26177539683823	381.66085634061216
256.4752715934293	195.89823889355398
104.29865172230475	170.96282790268612
350.6521204037251	339.99374612990454
382.004028161674	381.27912149506597
2.285458862313633	286.7589289735991
245.0157201907918	108.86186918885697
145.5986885551546	56.707918577044616
392.1096238785447	209.01098854957274
207.27300303016239	50.027691238492444
140.25209489747823	88.36161261568184
357.48775033939734	4.007911269752239
13.636369832344545	47.7454753427875
70.18756837724169	98.66801641552591
268.82565913247896	195.49077883266503
211.8222627343835	319.9731353993525
290.1330246865503	308.6562947012019
104.69799036711014	394.3939703016849
145.51158281429693	211.12623853910046
232.8019326604748	282.59075740025213
277.50635593649497	324.2549399955482
142.93247850044304	387.34954245089335
59.287231315689475	185.50481565359505
241.53191905134258	53.82420132516938
349.9532815160473	117.99683250695122
252.05158078774497	271.45179442924416
418.69661401762846	261.04934930070976
190.64951296001774	13.162374514264332
82.36741106768764	385.3826082652456
270.10351868536816	68.43175215949182
417.3639490998721	314.70042927035115
227.65185238652288	76.30807414960049
375.630453904225	113.54841649421847
73.53289062261733	196.9813311216716
385.66657155552525	283.90401647954457
144.19859458352744	287.13446218041247
72.57180112575642	219.58374851742195
81.66997313050562	402.684821446951
103.24140713712016	145.8255095681025
175.93710738317395	174.50974797387414
153.68673978752736	64.1521367759215
134.66000439274617	400.87860839449723
415.0765514071442	21.859059403613927
178.84147636248161	82.01485429279349
368.85937756673934	150.5694773956042
400.9802317470754	91.79351977001542
39.822865598597595	154.69699807746548
6.709841088487577	410.2736641187694
24.710172941616104	243.84154191687395
294.40969650690516	15.983342310364645
127.7679358537466	252.69403611203214
36.81265415868471	293.53491645058745
387.2878010668257	2.0016722364610584
411.2153136714167	288.2220797468801
14.936735251363373	238.7034713933548
355.13790189839204	298.7455871183569
211.63328457057352	150.2029271579125
39.26388445883243	334.77269382629544
185.53235346800108	131.4053838912171
19.74442467677593	149.1330455417355
154.96847235662094	385.2486151022081
4.627631750168733	71.13087674153752
292.5353204583525	401.59752377243996
81.51565589974594	314.98727653381246
176.89713495203551	161.4195638802758
409.6052766794825	357.7290772226294
384.2720368048059	406.2378109470844
20.104467437484868	76.07076995509227
70.7378336339285	88.77670389287701
49.62039018285312	408.5981108201124
308.03143403288203	134.67675700408628
163.26818827839557	161.95680139385402
152.5640485920425	29.722682545328073
362.1341789686519	374.1760397945241
369.8287636875053	383.6616289484745
127.63753870808597	203.4912086702989
387.38979000111465	136.4543610746835
297.12619456593274	232.97137161971168
186.34985051334158	206.31587428702832
374.7770884329862	102.63598323319235
402.17248932329494	119.64731992398148
361.65821850806907	210.47413636375924
123.79683651090137	237.92409633672054
273.68913672422275	104.46256926051326
84.83332770817341	146.52699357696451
80.2665388128629	369.2413683713637
200.6991651251423	203.35055855713756
391.0336714765331	360.21668024650234
295.60281796100224	96.62448789369253
