217.04042300586488	55.286170689104274
406.4451208398927	395.91551602765196
369.8947946214653	216.6679704959924
348.74733080495116	337.47949307145944
408.876951252589	340.5597923081448
164.21695455190857	187.89645183424514
269.65041471483806	40.69019730192928
100.90495487684643	390.53563575188065
171.08344464815062	321.2229461870242
382.9070369632714	76.02144691496386
313.25730586831395	47.18154959792501
227.08369534502057	159.70764591233498
380.18169458017957	100.11154512665712
218.31439424592025	16.137232563318104
404.8266010221131	24.42534651761154
130.03330431252533	57.671404235915986
29.096369578771203	150.0004342046878
337.0500069765819	179.19925729480536
259.80095926936724	242.20238602124638
16.253292098859337	177.47365795844755
159.8754327868829	17.63005024412843
3.820046208073316	28.065892586779746
118.02912272267716	236.6176686558882
124.26222534920325	130.9025274707733
306.0228490297714	153.0060244441864
215.05338220949366	317.972041448581
80.55566437618849	303.23580749802
203.69166327956	104.90164589236643
119.58226663771227	112.92585840877005
50.43168392639182	271.44609447907493
264.4240524432465	380.16808366455933
231.5392699883263	181.58563872084196
235.3188733096914	311.17468166826694
159.60764474516594	377.17994902896214
153.42851892894035	63.815515051568575
19.86906643633746	371.0773802363296
106.3875353654696	125.79508892594731
345.0455696576208	85.4453716447216
182.8963751721907	190.95172430224247
289.5390078842158	363.7393020805838
36.47890924563496	7.5559636088878035
88.03379225367145	187.31459672898546
24.930431417666338	411.94652002402836
204.6513086649736	333.07241947109475
52.83154936316905	91.7041157345103
154.41959418938754	103.02488242374233
131.66439659426084	334.22037778097774
248.53975258011948	142.71582362052087
236.04328616365987	56.605480462348815
262.34147584739554	181.7155988652428
370.40372358437713	296.38657735987124
164.23097139674869	237.75730309406728
294.6005748523095	409.05637671029183
140.8048893545574	21.19028722861505
85.29613565832778	284.5615287712261
176.69743571491392	45.695225432002836
417.3262621880277	380.9749365989461
368.76805326620195	235.95664214712704
51.71109846166226	358.21797276091195
419.1834548636935	87.27857775380885
46.236109759976934	289.6266764705992
101.30803808545899	226.399916212424
205.14121279004792	358.9769240364
236.79939241103202	3.722228766406092
268.6191667467706	205.3269482496197
172.2922751191278	64.28363699658445
327.1363052736538	221.54698487141673
324.15065801346884	240.57553875473917
193.86556685761465	206.30899439587446
397.0449200997033	224.07635832578663
88.0204603118908	9.76886051092447
207.93830428947237	191.4058272821251
254.00779416052393	309.1455280477727
93.78847084495804	140.77544041693932
375.81293312360003	370.53530394952173
344.3927513138656	66.83345452385184
39.2531933933597	34.93419221725082
408.0291062019685	248.0144524537851
75.94802550229207	388.4649038329354
294.92259302008057	321.67998643309716
39.53331457340264	184.10036632409208
210.09400334129793	278.8530697172994
238.98915137840055	242.01922106766443
79.0598937133501	28.55067854062446
12.652528220072519	279.04370506337597
188.51738570050549	78.69884172472855
383.40760201344136	144.21347528738374
264.2375489037095	334.36598901307775
288.217150589395	7.184628699523701
388.2315114881197	264.2367870052474
256.368528212888	85.21588008158875
281.52863535262776	189.05045171959873
315.6688423761809	413.9762373045358
383.1535745044558	182.30412498178833
369.76710912519445	197.75534195254104
384.56629389592223	163.4270791884474
291.36600013700115	276.49688952291405
308.6229603856283	393.3486722902251
239.17128933403023	377.8651090318572
18.830835264987194	230.1515693353738
163.74275887865656	150.6843174215558
312.1763915025434	134.54610776360445
380.427287975995	29.632810065573498
68.76179780667238	265.41501229490797
62.176934518921854	302.4185407943447
272.8426546764243	224.51177862405441
91.5164129300112	318.24273270707045
193.03231435856836	57.96698571573003
328.6775811232769	400.4550155356464
355.4649551020694	102.24572432345754
228.7990813731116	282.85009721196667
123.55398976507465	27.634915370370997
260.93038754104776	11.822865611403433
351.93294480429046	47.57790336091378
213.82719614401552	297.4558873551998
261.2365650861926	271.0560844488738
196.79981382661126	28.87964009435955
295.45240045087803	200.95572797963197
321.77639733412684	72.82979415691032
273.63518732690966	284.963600721716
12.554046669060492	141.84979643649532
167.70195108499948	348.16120366494164
177.24417187144013	282.4084723814183
238.61755206361326	120.95674538672493
119.49242464824808	403.88693795577177
411.5279152596954	125.46016596624271
418.16644723448707	362.1952768055653
368.476722117429	254.68499177348994
256.98008024969903	107.30274950869715
216.43402952085478	375.583502456004
170.65148292912409	114.80033925545415
349.08223689744653	3.2161518560361126
194.3548285581859	225.4544326665696
167.71361716145992	414.23094727466724
419.80088961772094	60.55332444911716
31.43880853450736	355.4246095135172
315.79571314973265	207.13010610470687
24.106943709901355	325.5724876398137
102.84207895112138	62.49137746944113
291.1721538175076	384.5640727773076
79.7019356934592	248.42645540356224
366.51319867857165	405.95063505912736
137.12335254088572	155.07798325711167
242.88982738807996	343.57376246421063
144.01299776585884	189.408019327977
377.8606537211829	390.060133352758
321.2829275866304	28.38351013672798
196.30592357836616	311.26327230969787
356.28134131458216	268.43815852043764
272.23119555286934	316.6886175348863
121.95716519353515	380.3243353435533
347.4987485097819	163.929879701694
409.05674203207997	44.55674820528269
137.61625037496898	399.4294585087531
415.96791342838594	229.47104698749473
18.326687266037666	40.5945786878167
112.28015665826535	46.05725611664299
153.4408582820883	254.84851047090285
223.9048394286169	350.3929065129828
141.7872409200837	293.19553281918866
408.6102870163122	280.4966049639439
146.78248917749204	85.64701104499743
277.8044037113886	22.531044741884074
39.798781587958025	54.171446508011456
311.452900799707	330.2034985293613
399.7939691621705	359.9556939079573
110.70340175207862	79.73074510616898
336.698512185833	322.0872633101089
29.861439485809996	98.13960028404382
222.24025306090985	105.06298808529472
231.25269675385985	32.181679048090835
86.58166665769821	106.70688834790195
139.72656200148992	273.44380187347883
69.39870612496627	78.45761122538147
81.69514935020797	223.40516007857084
207.8673958425454	398.1462324380237
160.7247056618061	396.67526456925185
374.69823170136857	277.60819774377376
293.73948274892405	170.1774962682043
412.2349406824761	301.17417642580597
74.35907202933205	54.47528015115518
148.68018639470074	169.37048458285003
178.83928069576527	302.22218704509555
92.3993549987687	43.31630358593036
274.74363702168927	97.03195023099173
132.35700223281071	252.715764787664
35.8500353955531	211.8401339213619
4.874442097576023	162.69643871339107
336.6693840254821	106.10842486820347
273.3033372420193	416.4950155801595
46.75332987054722	166.295674242165
359.7910046414917	121.2456139142011
24.301199257146862	21.853099219692798
87.32422548344539	161.9067968548095
194.5831372764785	382.5030738924065
333.9842260028867	201.69091415226322
397.2318373153337	109.89450413836485
139.10464198455875	211.78184531436153
219.28642728177635	259.15532581000883
363.5294330273579	67.18722324153366
110.46116778163697	341.9177031810526
85.79675456439485	69.34556556953666
114.55129610792565	257.3920430443915
388.79696163314276	334.7983826082376
23.488141391001548	293.93300890104774
309.7461541324634	186.78941816305485
50.870401478426196	20.260899808303435
255.12808890445348	54.63927906555863
171.32188626036043	85.84634001363573
326.82375111124804	123.52538153409674
343.4446015981091	132.8397450683316
400.2159342318414	91.56944202832919
126.0406475008694	305.30709048913434
71.35446749037396	324.9348486160267
331.7711700272251	45.60714157283507
174.89513688085148	135.9846307345961
189.48521419138908	123.13983097640329
302.75144408891634	63.00838923773487
56.494388228445914	62.446116426914635
324.9978343011229	265.8785951962815
348.12890049478864	217.14073622091075
379.1764186984961	125.53115828898137
350.4827989291221	193.63589810557886
414.56252564606	146.10762221670848
316.18716841631203	168.8037521519824
285.2644052559416	74.85610111368423
67.74541455154379	167.00683571107112
213.29598073810214	36.72300671687627
269.9900645171164	361.3555041476429
384.91681843077646	245.62664378779135
175.87642360532774	259.3424387820789
419.9876521532359	265.6844931294116
300.5974967029844	89.46938180202689
129.3911550819988	4.235839349444731
227.8891852451552	331.4232485645958
348.52826438955327	400.7135719191865
90.83221616096257	267.00750201694336
3.653218989929382	406.06939865876836
69.17129707157798	145.66027525987292
107.65467986428341	8.117723934760972
207.73865779550064	140.2552172950605
54.153474766014895	253.01674007809518
129.12323580776552	357.68551695640014
219.51554657027305	236.62557008232736
182.9355087460187	239.98788489460267
413.6770982851932	179.8393356786909
272.93996472812034	397.6793293377932
227.10119886462053	138.98861974582877
52.28406850658973	401.2278225405438
287.4546543738574	110.82131653526869
20.730544210323444	197.39252148740522
156.52778060980464	333.7527259828949
10.474041106841273	308.79352101420204
213.72095655406966	173.72942733856127
184.8275940915043	4.2140905067397245
92.06999180316387	86.47769814521826
303.0372537338155	240.52383945923097
69.17000228020248	100.93966608387167
318.34459573429933	284.19026394859026
373.55391186800676	51.109141635438554
12.147626604871977	250.58063752073215
158.3890895406864	274.64941532111084
362.05391977661566	178.57266020803377
195.83655300508516	290.9963496724288
195.02733550655202	175.46027564174557
99.85511951052844	246.38085333043713
13.63714960909035	389.39743859398874
99.3076309627928	25.047095820722443
169.88912804879286	168.40074908328532
183.96404809086113	336.3385220432512
247.65114811265553	162.2231877030433
284.3956526777576	300.38445119517905
362.04974399635904	22.518817627457075
185.88116502040995	152.81874482701218
53.83206315294111	110.78120840028036
287.3806151899101	340.74141708916875
11.344116056376683	213.3587660745691
213.55465593115832	121.48772743140997
174.75632797444814	218.10899273529768
349.2639710450477	235.3869543435544
69.59161682242771	12.861760635432402
14.44536706106293	341.41914577307
58.58813864265065	40.798390663724724
185.087522337127	361.60707425575407
129.17395628949913	178.59091191133385
274.79675618230533	258.2893869691278
372.28222337022476	6.878105231369612
69.67069178042595	187.55286796538968
246.56501945885336	395.2153604653442
35.40342957056434	389.07137889488723
220.53228813890834	412.5190595289964
36.82459079998941	122.65897453059368
419.86393485671067	106.5384627882559
40.04675278421433	307.07093400657357
340.4769097176568	256.14571768701336
49.19071855607845	147.39019080183127
270.0638402911457	123.31965113525446
141.39301676516777	376.5016489320207
207.65483248121495	71.2697241590995
338.73751485030994	278.6171264173877
249.66459296814543	28.440597082695632
350.58729856546023	296.2613795438373
7.926199764741904	3.9966533796800503
338.7138212003036	379.3757686555653
383.088571301211	352.5684498341881
302.8872563796192	261.885350161588
149.12272333855736	2.4360663253109403
305.4641600468291	115.98859937233883
115.5254419185522	149.42966709216856
61.926295101774734	128.68177731565518
365.761384097438	139.18937044784167
390.2003193165812	10.63459658060573
176.04439580509978	386.75387401141694
305.5156279443207	13.916420143997131
51.79713586503748	323.22555392080045
120.04721363427619	217.9026880218596
243.03725134170284	263.3104658807852
307.01653098525304	374.5707318782161
32.5139263093482	276.19989790416304
226.10562104677314	393.728151559974
295.4988340049492	29.19726591535068
250.99255149469028	362.31773851476834
404.90878358771846	71.71730245540822
283.439093210772	240.45101951463366
225.61320275335768	74.9066648871344
292.39572951897975	221.89774196577739
42.98188982135244	75.10715137817566
250.66763055168562	218.56917468078555
305.71186445865294	301.6468689781253
148.64607202464995	353.74554667819086
141.1949641882387	235.66284072054103
35.076355007691696	249.6333985298376
128.98125607445485	76.18548144869033
247.4901652446178	287.42026391767524
390.30985679200194	287.9848421087964
368.2945230800667	336.4610443586393
89.57601727416646	336.529282117731
200.884134732763	244.1645581937729
38.980106700868795	338.1233233711834
342.26115665835306	26.179074411566454
96.66749119516598	412.49452451566685
330.7992225986862	297.8206317798388
268.4860465822588	148.44712176546048
87.38282171128823	373.50414084845846
366.1611914333669	159.35292897422372
390.2038031947348	407.2005019660518
55.09932686571808	381.7747111371854
392.67998342238775	52.85281098655694
153.93514690017454	133.60300114841624
406.492442647115	416.3642118100319
17.33259990471627	80.09711045929909
326.60428696469063	364.2681463796847
287.96142670697424	48.33031679548093
107.483990740329	98.65033141529594
65.90239952660373	345.0236658875115
201.63505227514577	416.19278021316865
157.25444277451712	305.1213494454278
320.5242910740165	313.0642193642539
126.11460592750309	198.9786394479664
228.3735073638522	220.41807144748284
326.092299120485	342.9335251301439
76.3943553343721	205.4869657028493
64.95094940162043	237.09344813583388
203.80393662250026	158.21331880529115
66.34055739910062	284.20470538519544
273.58963030560653	167.3855507099871
249.4622833860238	198.01663526830615
22.467653525762064	61.86763865820324
82.74492776993443	124.60864861443531
240.07418014689887	95.55605247159632
317.8758252772119	98.57991813205592
138.78187099516825	114.09535301961593
42.12094338294161	232.48425169959611
143.23856118545646	320.1264326114648
75.00298307362445	414.4178943203991
106.61944561351538	300.1235574917293
124.1465675130421	286.50808054479256
106.41024890837085	369.5436979389485
212.37745122791313	209.79005572154708
106.2288569743812	185.61335128616687
186.26768733428366	403.5947444508103
109.91066880025987	323.6516496210102
272.91876511904576	59.89172583743209
308.06311549169146	354.3805578741213
394.37199304684117	377.50838906813806
156.76802661271455	206.60915666361714
197.28559890964362	262.7372672938665
284.3176746552848	138.9726333086836
360.007174395076	386.0029541761626
68.87694172217942	364.6331997319994
57.952961784863746	217.56988125283019
404.13645417896913	161.28555342499217
329.79490110134844	10.538567421207473
358.89228701901925	320.7695323501089
366.06877940159046	85.28175045724244
391.5500639299731	206.60416135137726
99.5781051217191	206.88668665955663
109.85066737913068	167.10498651854718
106.50698293930697	278.5234402163094
179.356392797116	21.984152961223142
53.74459906258651	0.022200010893406678
127.84513538357461	95.69845552035665
380.8282814850871	313.1033801416483
327.1584630847579	153.94482082829106
410.2065446962442	207.26201599455086
15.07461468623856	118.83723357429079
399.8278159225433	316.87320435465443
354.78884009504264	362.39857150166745
254.3903176092589	414.5443929908661
186.90564363961371	97.3358014889252
229.11365788074946	201.3731175855696
88.85336849684474	355.03032707436734
156.95939147142073	39.383838488860945
