216.95988605317575	60.49583512010781
402.1933420798789	394.8479931151313
371.6443917271294	215.71176138104536
345.6969336532833	352.1262772940918
410.7870860282018	338.80952127691046
166.1308736404826	180.73597796991618
270.9262127475081	42.50685616196548
99.21007079777738	390.25335721413455
167.74242713341303	322.65201048277
385.5388684987712	72.12106756659901
309.54310687316644	46.176529787479005
232.07235429179565	158.9458318130003
376.5318586855648	99.15299836900098
212.13534559429303	19.310829173075515
404.4419569165461	22.848025362711017
132.97814530317007	52.61439725060087
23.720620338956316	156.09101710593313
333.0044952728989	175.00906560234557
258.9209642986586	251.1566956207082
23.075905091198152	178.5325748663457
160.20204970766125	13.700622584199966
4.563173906893736	28.612399534914367
118.38451391863846	237.74735385370826
129.92706043614285	132.09197118793162
303.1565790962097	150.46117582044718
216.51915921033893	319.44184206505423
76.72520282610581	303.7938714977142
200.65988186810807	104.64815306695422
116.13695834567085	112.14855607463298
47.34173035934375	271.0296622930366
268.78585320445785	376.32751484870874
238.98859299893763	177.09321071914323
232.88145952732094	306.8068479022546
166.4596984142418	372.15400446638085
151.1536193978918	57.1074085213948
18.472505469760232	369.6803253014571
101.11592560612307	124.17952014599743
340.5850810788727	89.43517014175553
185.4285342318877	186.65555890496236
295.4563393010538	362.08695868805984
32.83552361266838	3.9140769156344972
89.8868653331884	188.10051296730157
22.170715428634058	407.6355195597913
206.35256676543096	336.56805748194967
52.30745378867615	91.554326680035
153.35828903949718	99.50175062248479
130.97617483071787	337.1382550694938
245.81978875676316	142.02675948345518
237.00231099999505	60.87980936695441
261.3493591905708	178.62727253141554
373.03772876504195	296.70141698841445
162.24758028709067	234.36268514857633
292.006450310592	409.1336152145291
140.19925655484784	20.23639370821431
84.03579308730093	285.5536225669503
173.5237288744845	40.829165989886846
415.5700063671432	377.9868085844737
368.7177174947038	237.60148376824466
49.20406099698624	360.93776774369394
416.3119983246448	82.40075938438515
42.991127104163745	289.376610251763
103.39900137867737	224.79166040044473
202.63616310058342	356.1699265165142
235.4916012360066	11.1791093281959
269.21536367015983	204.9899893568284
179.01191740264846	60.77360091697985
334.512763769214	220.82877140133837
328.53683555628777	240.10988756299426
196.96456055798245	209.24624079592536
391.3624137575787	227.3016616292259
90.11991749748749	12.531689805147002
205.6549253729589	192.33989652078512
253.4424545365117	314.7027505458381
94.12878498240146	144.34362553906277
371.0155702437658	371.292373339781
342.08805822512915	67.63139449177307
36.497125985624706	35.99851367222452
406.09070450253523	250.1891130375916
73.02872116627714	392.51897195726826
292.13156767814445	320.54093640300255
40.91934518388894	188.18701118885014
210.83276273950176	277.3379176742152
241.62450433603948	243.60185024450232
76.71259890980247	30.23964403653592
9.65285923872337	282.381146645714
187.8967794495622	79.29621482554207
390.98619652546824	145.53218626533607
262.6819939098754	335.2716950504822
290.3874735338012	9.235498448170121
394.37403303059443	268.07784923600383
255.48278463902562	78.00850547052232
279.8225319968948	186.56522492639814
310.1802333643785	413.70096833603
389.59106820992884	188.15557446598126
372.5721035662656	195.8469462387908
384.4661787081381	169.93412429095216
285.8644367906381	276.6057629682882
305.2196119108419	391.8961302527044
237.260889011256	373.8075432894008
23.35769884122632	231.86595269259172
156.1049707130467	152.9770818411456
304.5122720089463	126.75909818457272
382.6918658571522	28.187556708874126
66.6704288693901	263.4162163528589
57.77200519224421	303.2236385006629
269.7048915395813	230.938815328444
90.63742141818234	316.23110998581967
197.55226417796342	55.54685303359493
325.23930000607646	399.43804461962486
357.6500491732747	101.56962899763084
233.4980388276561	281.4215561032274
121.1060011856871	24.265196987379763
258.672651874203	12.00608772330841
351.50591754477153	47.6939767733479
218.3156318769623	294.50250124888794
263.42308586316625	269.81265448773286
197.01988795675322	32.76757738056921
291.8735186640938	201.40484214732854
323.5191245813376	71.26188201438426
268.8960874392755	288.55797985894964
13.239940650266066	139.78265280044621
165.13483116336562	351.27932923606846
171.9594288706901	279.28243466354206
238.00313296207253	118.36517658559977
118.22993795593267	409.6429519195065
416.12307090743064	116.88712792046928
0.4146369874400915	358.76314243091116
366.9323346198213	256.3092862527562
258.6123938499812	98.88175918595927
218.38417537971657	380.2548604659773
170.35932964923558	115.3637424938047
350.9004774354686	6.859432139641683
202.93722990349755	230.63704901717384
163.44344972986374	414.25148848149803
5.553218655594946	63.89333494244703
31.74592895253242	354.41546108837827
310.9317527387186	214.49621861272448
24.819700148854892	321.9130201841379
104.76390310431724	61.29137087604171
288.1628570838854	382.2534416593635
78.21434563470277	246.87061394214132
368.6621156324294	404.616504028474
137.99043640760465	159.64692539748444
244.03298731943778	345.94842586652095
144.87438080783227	194.94159628365662
383.3509392321505	390.2320240640136
322.0117937468903	27.779888868935
197.75591877564446	313.91616150985607
354.33703109607023	270.7934353094017
271.98394332351546	318.20346761765364
119.88518785301554	382.97361294686647
344.1845780714252	159.90949942040714
416.95079986173323	46.46285588635257
135.56590892889506	395.80501384386423
1.12972018269992	231.10130036903718
16.92450694485275	43.80197721756407
113.67641817374488	42.465380906593474
153.73297591321096	253.29634877873104
220.86803191646877	350.55288191116784
140.82920852289382	291.91143526972195
408.4085995756509	280.99159490081564
151.39524799794657	79.94033619241685
276.7233871344669	23.04654396642796
41.13131107010042	55.01950231470836
308.18812123032177	330.32361161602824
398.937352082756	353.8614203431506
110.52912599613869	79.20447398927338
339.54047499702153	320.31632752218934
30.912064146226452	105.17386949738021
223.96617155975156	101.3529961417409
229.6140360697542	31.66568674174937
86.84906771839206	109.47149471669448
132.03397993669725	271.3752661999235
69.12591226572593	80.66588100926005
83.16521204199745	227.14404672166629
209.1127409836602	396.6452632930363
157.39185605688513	396.6390746192594
374.3318347452283	277.94547903540564
294.6454259226791	168.94455515267418
410.7437546190811	299.95168939542987
71.81919315800738	52.162883396198986
148.10418833454176	175.87267256108822
177.77169991355495	297.5935329712037
90.52893814464271	47.82914318273792
277.3675297667817	96.28707845294318
132.6863892060837	252.613126606823
33.417041704512634	212.55917248240536
5.8846899102997305	166.13664122050946
339.80588222466827	111.37229351762852
274.40188099860757	419.37208633438354
41.32774090228413	167.49267639841526
359.1222669571014	120.63659707960946
22.96239320974704	21.96860211676439
88.80846520286187	166.23463257436734
199.905651440721	374.9853637980675
326.19724120795036	201.35538675283325
399.61990822426196	108.17575863605185
144.1056926908692	213.75313517912997
225.67999245740845	263.3301875480737
361.6125441496852	64.09111313259459
110.38620457320303	347.2654729398384
85.21499972101795	68.4718920737435
114.17051811399132	259.4273959318749
390.12226833405975	336.79307734335197
21.11384733252226	299.0215192203831
305.4835678600865	187.50431847821426
55.400065829925886	20.941689008632654
256.36154870561415	55.406315716572095
169.7290843042106	83.51362616419547
323.64370595587343	121.50447556555305
340.34959723890137	133.69709252441476
398.7292986436598	88.860207590391
125.50771897874537	307.6254148857079
71.86789314771201	322.609417961195
329.68673183709353	49.25923417164105
171.1324794451667	140.07977769200343
191.7230832640229	122.75640838437386
304.18340022194775	64.3376594585651
56.39932279746437	66.01929720433091
316.70630776492914	262.987026945596
352.92815096309636	215.51762863239176
382.82194785815125	120.09276474914182
347.2457564873745	197.55049266712513
413.62057398349185	144.47426860070192
314.44228707450407	169.83785116377138
284.8953060455994	78.726683996095
68.99926071773939	166.33493170300986
213.56480863771372	42.01675788064191
276.80042287671046	359.12141637428203
387.4410084435615	250.17138681662547
172.1829348811229	259.44767033624044
419.2412103679094	263.62180810696447
303.27341161363364	86.16672169986127
127.72667838580803	6.031410771094396
237.6484130141244	327.832768758158
343.37803716304126	404.53946066362727
91.56051953446332	264.82175914238127
3.432498720026934	404.81096730136636
75.07488597097908	146.54959232528793
108.97262766954384	9.586489554081322
205.37365879452008	136.54207757413843
52.946685901382814	248.88590647780646
125.90184653462403	365.2448458405085
221.07926006220953	237.74142956564566
182.74189212794417	243.7092068822123
417.35792666625	183.03212652934357
273.188983728311	396.99824101707253
226.80496858330932	140.74114321325126
48.366992099090524	396.43594169732756
287.55557902322704	116.0611460330528
22.510237978110176	197.1797940611787
151.9363344657368	337.6231389256787
7.139022422298734	315.9176855985002
215.86555026227583	176.08477316492446
186.25976370874105	4.925941845309257
85.45096902310284	90.41103700267381
307.95961592042806	235.5679391523093
68.35994882553231	103.93712388238977
314.0632663239285	286.3351328126498
370.25588736589646	46.232332594476475
10.612658338312846	248.3993049272929
153.45055488116776	273.251847202739
358.12219508309295	182.35416191308414
197.64720035524837	293.3242190327032
195.88461183558377	170.85965030140255
99.74415298466856	243.09757649166843
14.618984014093654	388.56236792832095
100.36846646534863	28.727860400842555
172.24976387857424	162.74621869499475
185.18233668225463	332.1604821621051
250.70582535014879	160.3003484443781
283.8015135779831	302.0859300325441
361.8099776215797	24.719100614673735
190.34005758296212	152.06022943868908
49.87731635422128	110.65449251869954
289.1474515881573	340.605836051837
12.516456073088554	215.68885269358734
216.59798193809522	119.45280856144636
178.67017509096013	214.2182924164548
347.1764912075236	234.6145980852426
71.16856276000944	8.835138525967146
10.109934036069609	341.25183449301545
55.610317459343506	41.4176012437956
183.52307893387066	361.2074340401511
126.95407197539848	176.92679972446197
277.6882021186564	256.6285170529666
370.03790667204976	5.025210023318737
70.9836015977101	186.3238393229937
251.48554959920907	385.86148284281256
34.53993778379078	383.6201504151569
223.60560996774495	415.3754505645048
35.04027168859251	124.70344060680948
8.075273384680974	100.49716881644726
39.57838616712401	307.8410354477141
342.71224668922235	255.58795461891106
53.6905814081464	148.43666677877013
269.6267046323848	123.44004377731159
142.1298020485058	375.356270781656
208.42981944124188	78.4198977340096
335.2535994107573	279.11125507746664
250.71389268715484	28.95796158460752
347.9568438384899	297.0542257318259
9.29121261499996	2.7772618395503765
335.7243914988053	383.7621668326133
379.50246613230644	352.4786010837329
299.1279631666153	252.57751318677458
145.28365891875367	418.781583099335
304.6499549185842	107.68957461399198
119.91752076574329	149.47688429803222
59.836670605352076	127.47575634863156
367.50481409665184	137.8667841916632
388.5915388462495	9.898110120374145
177.2821323512294	387.4790886759519
310.0587130036556	13.125822610508939
52.623880423565524	325.5431284380333
122.31537312114438	217.92064704252962
244.43848136034975	264.0009161663961
312.30917049955735	374.0261854638366
29.1840994631251	276.54725298479315
230.82090313214266	396.26544226152225
297.2827845990966	27.18848362480867
253.21202789319076	364.1306689821304
403.8546153924483	66.24111413581637
286.7790828858473	238.62307354845396
227.7903138908801	77.94178470371759
292.3899123257966	220.58581467842941
39.9378739570991	75.58790775916103
254.74063476001717	219.39803255567693
303.3731052020057	302.9255613011324
142.24868830327992	355.1384988817418
136.82101973570056	232.95636943699458
31.70020717562016	249.94300738778432
128.77298311671024	71.15905546603031
250.01974081924143	293.58456643573726
392.5002451980228	294.5876262163224
370.2005368892409	335.31318030786645
86.703308662945	336.93126964224666
203.9617412854877	249.94869554009242
36.99077742095044	336.50168364193513
342.1985558701664	25.399492300786044
99.40688005475043	409.1021103304301
328.6708516117772	297.91672896180097
269.16809581679314	142.50752854194525
86.26601732432286	376.5905414503637
364.06582889078766	159.41709747449568
388.43051770670513	410.97532181866757
58.428519309837895	378.9741225819085
394.53278124617185	47.12595530545135
149.01227140309996	128.46727590027368
407.0726281321639	415.78090132115267
19.392191624460512	85.18523832679755
329.60095594774447	363.7365684064452
289.56076034433823	45.467228871484416
103.10696562325175	98.59705103304047
64.40650342534288	340.62416714735133
204.7055629734016	1.7990901098082015
159.0065476582824	305.2011146733659
321.1363666599665	315.3448976487651
126.32990568161831	197.81019478827392
234.70079559419656	223.55978615542193
329.2760895179256	338.92736388690514
79.76975373054988	203.8174986787818
64.00898339707645	233.6653232312502
208.76559711534392	155.94922582962852
61.576376705638744	283.27851824955656
277.61916414331534	161.26503464740807
242.4966673431932	200.03168467290982
24.25258797643456	64.04867421674857
81.88390236140096	127.65521139415964
240.35713678603034	92.39227640184659
320.83258806828735	97.06818429974953
135.44623586253908	111.90675457969913
45.54611413391557	228.52043645602518
140.2110546385316	320.00910772539135
80.6532825684141	412.4749693913772
105.52939497644253	305.040901821108
121.82476182827378	288.7247804687994
104.38293669293368	370.27150114384546
215.99368880578717	215.557578674116
108.44021952312471	184.61776170847097
190.09962914710746	405.7641930409583
110.92490679515599	323.8854183295279
274.5288482572393	61.07506257744844
309.4223530072708	349.0594648104945
396.65452102495277	376.6368546046717
161.56492121623913	205.90460918438382
188.9132335458248	271.52017824964105
288.051037382871	135.6971892336733
358.30939614399784	387.86339255255007
71.6420299752325	363.58839281132407
58.814724693619155	215.14300160472223
403.12496581392026	163.8656424415812
329.3991455323338	6.0993661455278225
358.3593507659499	316.93318392749154
363.9907638896765	83.1207183291517
394.9947245546341	207.90862397076836
103.16102597484652	202.99616955406373
109.11141342540543	165.72841309154757
102.85160817548153	280.09706051419414
178.46207977843054	22.69033498329221
56.079377073989455	417.8475154998572
128.61116612180922	94.1342720526714
382.1402029557031	314.30260853216646
327.6199665831114	147.61224600826375
414.0294617158871	206.55600073092467
16.535421759275543	118.62189912657617
408.28391438082605	318.54582015951263
349.2245397731409	370.8034089462672
255.0234530994325	406.1896307165034
182.60143826154678	98.74856647231749
224.93066846991107	192.99227621218444
89.46913437105866	356.01009820402794
152.05861444890346	36.41214708865202
