286.26422981104366	335.68231884123827
190.91202608057472	385.8405033882435
59.676321228710485	402.162401980164
261.8139811775463	336.8584019667338
264.6900440637354	272.64210594236545
112.45579602451849	278.7663899124012
257.3260322748798	289.19753539247466
344.52735241541023	4.599717462793607
163.70964479231475	4.9520837938816005
395.37537498073436	76.49681184608296
72.99646137140076	103.56027555364759
215.6447220036545	300.1797750105538
313.2158209694547	290.4544793840454
4.1623828715288775	240.93769216265096
223.17340051726435	102.41526482743635
174.0921588455037	312.60270793294234
276.17546605831825	6.702502699137362
374.7524884313758	405.84783263028106
102.24286596990774	324.8371216702856
298.34707843331654	130.99167666651863
195.4460944581657	361.1901272844043
305.04810361454844	330.22604196961015
197.88497646136787	298.0911498360573
9.934951242895036	325.65012495020125
243.4366999356794	97.82135509071729
279.47925631711814	404.8282045422009
304.14380846468964	187.77874092740714
401.60805682107923	378.9702750731815
74.73282492370724	390.4692088669245
4.852530212852224	81.26460007035789
228.46114107158823	317.66781254218944
70.80748870086417	372.82008891914586
41.56343142549541	402.20666174398076
90.36622895897179	63.718775125413046
85.86568707379467	14.826334461965569
322.64911481440026	346.76217154613875
14.275159958700826	14.333884348149825
265.1666641686828	136.95911138420337
248.27807621878645	224.88860604904198
184.74184247364943	260.4229246230668
351.4877591371254	185.98744846593507
166.09280300010013	158.70320176689808
415.75594580499893	11.053553221824618
60.04830055520245	141.7513519073028
206.39264902759743	43.48596529239253
181.20746323989272	336.6030246993383
292.3914357435346	241.1780264610946
256.00621408505276	311.25249645656885
123.93089203663443	86.45986113291998
79.85907457535302	251.13576100103407
327.211981658275	387.7934468829314
168.63915983554898	237.2996692675693
59.68658980670484	81.69415329217254
271.6034127534841	163.9080690117432
395.5347142329053	324.8462179147217
0.932687845710032	168.38887344732927
375.32423645220143	137.5636781738302
146.2775907110307	62.34825132717697
365.83166347687165	388.52406975617276
176.33534323176758	41.16745081796461
107.63181569663527	226.24995731472015
387.96540436640385	120.51926465701644
68.53741452148154	218.311638890181
95.85478161474522	210.8572773947744
39.936125354746665	77.68091792129171
417.4008374349515	142.88621311324505
28.954291196355168	193.88258816755268
82.31781863532105	229.5558286059238
262.31169982575943	106.67083358851818
149.79781775752775	93.97986451089281
156.9834004610101	203.2971182040554
243.90000645900383	251.06289476160111
191.122925587314	53.33898352109466
352.85862090042417	331.9531157687401
233.77613515594305	152.186180444645
95.31775956273742	161.62554439439822
108.8781164623531	344.0817018588413
95.38584622385315	284.72111584034116
184.61701638581513	79.92684223422431
244.56645004873258	326.5364356521171
387.5079820270172	173.30817619503674
6.352607758079663	409.8727849130519
34.15339356148925	327.9258903181617
227.00917685777753	398.0015309351901
216.47975237237088	158.37953428961717
398.37162057846	17.108958286453614
126.20228886171903	350.168919479618
24.271513989261546	86.16921305991704
367.93775151039796	312.97857932016336
32.91120614064783	255.7960837473962
341.6291714517203	166.84408923421114
142.00350561072696	122.82184259640628
167.00843520420827	87.80283051365082
219.69335412511685	240.94723638818792
353.0196173317386	219.21526168246353
356.22711284591884	405.0602781884456
75.73652371525353	268.5808665272234
118.86425351762291	196.00723871243574
57.76568000341508	297.9716675857709
401.18287103812804	278.72239401140496
322.88539903453426	200.35843293473127
317.15045854894817	30.245997605672507
418.0365348355153	270.8227159229208
108.6407795835363	63.09347747549078
105.45112977916631	16.804700660621194
166.03564532243607	278.7685647909015
58.35459457381151	41.54004044012826
245.4852811402774	78.75525185596912
241.95618790021797	300.0467844850149
227.16421222891037	84.76193602440239
179.81512020866498	143.39675878492145
369.2472757470159	113.20193628347789
183.81729541450417	8.780178052865626
365.08415898041704	3.320164387425872
380.9048363817133	94.8852063296275
386.29141879966835	266.7689424532585
347.6371304823103	309.945414252742
291.93057564806594	38.94893600798192
83.51701135491803	121.04684371183316
278.6305167027405	228.11502382990963
225.58591142161694	200.99337813938595
51.13128723030709	320.0376822699423
236.2993875085774	23.236976997005556
66.31637029660361	200.45176860510804
402.2174908096873	229.782778644222
190.05039510889245	189.5118737554048
338.00126993573826	123.70677468481219
348.2715848344536	46.77221189638282
296.70906105713954	63.81391524586553
47.79655476755663	204.3452010720685
345.70412601043745	378.2552543518355
147.85276837056145	284.8556980561309
368.5381540722877	180.77541762540852
89.4069671778163	340.4901271627074
378.24056987203335	19.60706703869303
389.8539161405549	418.65737275353496
145.40313302769377	30.248958808570233
305.25395714731116	255.08644501561758
287.93140439756814	317.93557736942495
298.6295925073393	204.72020559047306
292.72317605748134	280.91503371796443
275.7522448512618	288.1057686653144
226.42966506472942	266.43505425778204
261.7224147959781	237.54797981383464
386.55836428020666	308.51614676026634
412.32407584299057	313.45869009556066
338.3789445426744	144.0303842133441
21.628925569648057	110.53575526826658
130.25790324563343	285.27566100350936
176.52426062794007	361.2070612150001
348.45753792307426	64.94519895900987
121.78459432966899	409.90744208994005
174.23883901233913	125.83329615696252
190.9499148495242	118.64813192401475
273.38935935021004	306.0227287350139
417.3787635822287	124.20792508880093
41.16851220597884	279.5534301878922
88.08848653900577	378.1498384715949
172.09186591690965	184.08194139064892
96.87770355886975	398.66007541393907
290.08302454312184	80.07710964435968
264.6150608202312	83.78466128154037
174.0139627539547	60.581218377090075
254.53637130032257	155.84563668763764
241.64204859894156	135.67177635761396
322.42525233840155	367.90856685385967
9.190519977903923	286.3930335627993
263.22348031386474	412.54950819952813
280.21504622619864	55.04770588494917
178.57023241515367	202.93403548852385
231.03443305407038	415.4226846566716
395.2078664605853	55.66547152000596
124.22914264618007	370.4301412720322
96.49872646056565	241.90135807486578
319.76357852589524	89.19633938224423
145.20896859090468	346.5555882917281
392.3391109125244	397.5450512786247
92.5462461110365	35.95485392891889
216.88768187162594	140.00714176165542
29.436278699043292	216.07538758022247
334.7583310580616	25.843023934022746
333.22005313151806	215.91214063952944
208.96390998390916	377.04368505013304
69.23978926693732	1.7279392589066809
283.9970042596533	145.626847421463
211.14819161593655	223.68591229674706
72.5475912299099	59.804695321491586
223.3679897125868	66.64069434914114
342.8466428619146	91.55966266828297
163.00102297428936	107.9458838778193
324.8211540688878	110.21378477672789
208.6625472907059	113.1937809586594
108.63289113890845	300.93406546125794
164.33943598774061	25.291446255663235
377.06529719802745	47.996350175268006
413.8115631369372	333.24581884089974
98.44281214336557	192.81978163557406
313.5750488381079	270.6670631222261
330.7074380053011	304.50505423779697
310.480724541115	237.66531276127438
41.68041347370324	238.18188574447936
291.6341732253062	162.2201420971733
105.10180171649294	415.29482183387233
262.57736428306725	255.07335852727496
133.1438196863707	44.365683572686336
117.43335867448138	160.2231791474073
246.3700916892909	203.2646968759608
141.7996143459651	263.6062448151809
204.01963671566764	68.4825890648936
34.648112057472446	58.142637765259195
361.1193015373705	201.6043079409058
288.9545532704325	19.791441543638328
22.836817978251116	273.0451666288474
125.4111121584789	8.402371721181833
190.57274456275763	30.14351471296456
248.6754305750658	398.9431957210015
348.09335490660516	268.32143008568397
13.994973479485877	136.4658978750298
31.665039759943554	16.911962576758572
199.5759972233031	143.25745091935414
232.6160528861904	120.24100981407335
191.2257797649654	409.06975319544864
201.09554815609943	170.8784496201269
114.21979112809696	244.0525245660462
60.796757615496176	237.43305873703315
283.95687953030296	259.7722844058278
78.54428480485363	354.7871617922672
402.3305240899509	160.40631176006153
382.74371476462443	195.574825012751
279.5914246283966	97.41332006360177
127.36543676807966	62.56694765648358
55.191097037513536	357.7249182180167
154.14460525556456	312.90424046773677
25.691942325841428	294.93651263970975
97.75498203852933	143.2436750115473
128.04418242242633	230.75535039312138
332.94917956291687	74.51624522824882
53.828724118559435	63.12024753535279
206.4724127234764	396.74744328844156
37.165608172656746	385.2302545435512
205.880585686894	279.7433718967365
391.70827743387804	360.0007550562396
373.6177981914581	365.7460133396662
108.39580993364505	121.38264429782771
287.147967024813	386.67351679315175
281.99250257994834	119.47516064309428
322.91386296231366	322.83829244972236
111.40883130463332	179.92262972079175
309.2648823188245	47.4094633077687
192.1078127484118	220.50730659019675
415.048748078893	64.18354537159287
222.70452197204614	12.065962139478037
92.33930646829558	309.43326614793637
367.429973756083	341.9064438191021
264.5128339490712	202.3076288749302
79.78879965370787	84.71771755176681
222.86562354320412	36.70549344923188
251.2773978955094	58.91975885810422
206.97180375239472	259.72700287736814
381.9959648385112	156.12786153626055
312.8385860241989	72.98847959385671
324.13536374066035	155.85547218350047
304.7662734893678	148.8379102266169
122.82420621028344	390.9836170760136
52.96123204345244	254.5575093891567
408.5783646059803	404.3624121123767
366.70117762712437	33.743901696067404
273.77109509660465	375.19056218897776
191.32651798566235	318.1523106294436
20.417176694782384	397.23302536781404
307.1606916120111	113.43246937236769
325.6030739174577	256.80308767221993
209.5374451320117	325.4523908531654
125.71299095030933	212.94095764048672
263.7495055535425	182.85148494779924
303.9008307127121	354.970058518879
316.11465386393303	403.1203106021722
412.824076714944	44.5356252224135
200.80185974557367	203.49412652708352
10.708640521158477	206.56557176776658
372.8857971994435	254.60673680956646
413.36076725311744	204.0172444711584
134.8945834716569	303.1536042173627
207.6272014590139	21.69516158171055
154.99331440798875	388.4585021699307
45.147467117156225	185.95220372784354
31.0691024640705	357.43941720817344
41.90582972400128	147.30734496900155
22.60541714026834	152.98673749396633
141.54069359159945	147.21672785391763
395.57523918389546	211.98356126255734
22.095535969315918	241.01120430365526
337.02263319196476	285.06343925599924
382.6823153633152	382.3863322307343
110.21886922473294	43.525235461208794
399.6729200245619	107.03590807605437
100.65411678537149	363.35795163913
159.33487330356598	48.079981800589145
13.222862839596619	60.50726924273054
382.3450248211908	285.82887923740196
86.25193113033596	417.0307514812503
157.77659385334672	136.47301867287072
355.4886920448841	20.015043501048822
247.943587958722	380.8769061344622
127.14430987275114	27.857634277683577
200.0653171174788	343.4579020426192
1.1124519722767263	390.2985622030437
122.95190678626359	259.65158470173344
259.84824343890176	15.206369668970263
230.01878755783034	222.07500871995828
40.931585475704	39.34799890187311
418.9326025180786	223.5201224943303
354.4135800596081	362.7973430681557
331.8723902905745	185.31983216123996
150.08507091793058	185.01829456689197
2.855545150591226	105.87064622581858
164.20025827877967	327.71389171174366
5.342814454580872	353.97755212458645
107.56201344455253	381.7538481554307
57.730665140144886	162.80561634954307
310.0228986499553	167.50732263036636
186.73538202851032	98.15966400607999
160.9255151682145	406.481867578604
290.66739347519945	299.2669507146892
307.5489652674611	385.1986201315483
357.3687524667262	236.87668055292735
365.1841192784233	275.3212841283507
48.45069578767498	338.95070927158645
3.515856322005961	29.230851171123472
382.4047872212006	232.0644619458988
332.854622904816	408.33581042431734
357.21248910944576	127.4832215358718
181.0551931514663	291.48979377735304
219.37324273802952	177.48244005185896
91.25742152235287	105.23377028884823
296.3980820297609	371.5698899759761
20.75559552942603	41.739732313968844
364.63214008962257	295.5192636642131
274.16838703877704	31.48078266419658
68.1762204829588	338.5881826069912
250.31843141566645	119.81421863395448
263.75444679704657	45.930745905457655
225.704682458066	285.81177542894477
314.9342896119997	217.86391848421994
247.61327474925892	1.6644750216336497
75.08059152584819	157.34647798213157
213.3600976797774	416.4723545206009
361.76829702894867	158.4837742214938
117.1799519310465	103.50340841609048
66.7850015287548	23.62528975978225
146.612221571041	419.4278595422936
296.3287636922634	0.8619528152277177
20.566862317307773	343.1812912007854
400.81184904038344	252.1220592684238
242.76517930703668	168.86700219117364
281.45382147730777	353.97028046622387
306.70450435058973	311.5199925721077
47.38843005885361	125.85651828581368
105.26817326903026	88.8182483001106
392.88678887448646	138.21940578802187
285.17408892239115	187.267916042341
145.54767221908384	328.62483673764973
329.7498254306808	56.14018683425992
165.62742020923557	255.34615731279195
19.13877023060125	171.63686665972213
119.79972669646918	140.27692607620602
325.35640630163243	6.2363948731135155
280.9338854069518	208.67686060625823
302.0024637298198	96.35174243788272
309.2009107470764	13.226680271646527
391.7090745701694	37.37927789212162
75.86730760597827	290.620292865394
121.75196978767336	329.8022249190896
239.62070618413648	362.1102235792992
265.2760223126139	391.5916893729187
351.05922595483963	111.00620080279566
172.70442671904618	384.5565185020969
72.69241595366975	313.85108939373634
329.33010423301846	234.69457254446908
58.068465820722786	272.435698185165
252.13569018925153	31.157624190321332
401.63655866804277	190.63232950109648
416.76036582417885	369.5506696666551
245.88831731111665	272.5683523105507
163.51512872133097	349.26119697170907
7.8903741920204356	305.4433578847343
98.00778308700258	259.5646420576451
164.25122654278724	298.116789767041
12.086956218196033	258.8901603490833
207.37833765868606	92.61518499541349
139.75827615645267	398.78328783720497
52.46483560144259	375.8955627040511
245.55067070973348	345.40581582820823
402.5972797278567	296.8066647598917
184.27903369916453	165.4563762960845
215.86060248234114	359.271527320464
26.97277597761867	414.08288032745105
37.42848443742898	308.6294636673885
238.793226956297	45.80544461790779
321.95289610989124	132.13042489194962
407.4935901620934	89.75307840709065
340.9536188313018	348.8600090513989
388.21546642357714	341.0630672630268
361.59480472403845	91.18099811982579
378.17966628677397	71.8791915926572
46.37877865186358	2.7584619318076253
48.93008981849536	20.825368712248565
13.010248947265023	376.43575874061526
239.9265165184119	186.76999289679515
262.24010722374396	360.4638808375125
226.49617027959425	343.2624081334472
155.92546245995163	368.97357794858476
192.5041852972632	238.3749433504457
140.33373422834748	244.1366144236816
155.30645118097627	220.8142411693806
143.63951801939265	166.65420897681585
227.7503814458232	374.98479174914326
298.0345241137737	403.3543239600404
