287.2189668376592	341.0799873207191
188.2767287584448	389.2969806702334
62.057208198609445	404.377341651719
273.3200035830946	318.5372568801832
267.1836212507746	270.51291914440884
112.27897595334247	266.8639028475973
252.4596469149888	284.6351228159779
337.22417067931866	13.374213003924343
160.26733793295057	10.684185797024893
390.493100673273	72.86629581431102
60.27673031178873	106.90091599541515
216.3368800559441	293.92873452253997
314.34800550387405	289.46431759795547
1.0673405559262616	238.00779704408956
222.71652095134226	104.45619493368187
172.93896796923738	313.936623691905
279.0405080987478	8.506312484759569
378.7280531555138	401.4445886773494
101.70843427072609	313.9472068318399
297.08551414911847	132.50013421654995
186.7803025060677	363.5408497184593
306.48751524496754	332.9415712079463
193.41270284552843	296.26334359660984
4.842431233591116	326.66222561451684
243.58772254283863	109.32089702592125
283.4339520512359	407.60400074769
310.56570360211094	198.96176546479546
405.961217368184	384.09268327876146
77.8563699909891	392.8392067967409
6.143927536726781	88.75565265466714
233.6178108519176	316.779334814288
70.08245315544957	372.7411024237544
39.36181920554879	405.14209690891727
93.2424777696888	64.12068183928992
83.00516976000223	23.53534544062619
323.17356159318905	344.12716486897807
7.0827896540872235	16.863364033569646
270.570539450444	136.50840821415764
239.52626517347286	224.63055580210298
180.3211405968456	255.1490493716271
348.69215845626354	191.00335307149555
147.32102201461134	157.07346683843502
407.59647062703556	0.944591546096498
65.4244777218908	141.71014010293612
205.47584325323268	43.47150052612935
178.11938426654902	332.7425701812469
282.4866377656642	241.3711412320574
256.83725599503674	303.6312103518721
119.62714711943543	85.89753315343495
75.02012363922833	248.63191699231436
330.1302286763783	385.14887301872386
170.33020206838458	225.51572694229822
62.89063100881132	87.55839204750369
271.31817254443445	177.13763141276053
404.62360249827253	325.81806493096724
6.2064973858632815	176.45761945270968
380.7968541949723	137.31522990429684
150.3871592200587	90.55959068810579
369.1163367114875	378.83236958556347
170.53318738351277	52.18196849185534
112.9086143721199	218.36199767372597
397.914784938987	119.46180324820352
60.929173111632196	210.76455543509374
91.15291317549678	210.2852066339182
40.91607616588089	86.10445648531758
0.7002524682094936	147.99554995390722
27.697190963853952	185.5291843185378
77.60270070424272	223.7667394986045
262.3635612934607	100.9971694809051
135.27912358374124	102.25865580236744
146.8705471384195	205.77581915281445
236.05793125218113	249.19276480981046
189.47034488062155	55.00497075400662
349.6543427695536	329.3475885221222
231.70141890835936	153.3754209538152
84.96806251171542	177.09639636293585
104.91451768916991	337.9179485571737
99.26235901691842	280.8650606707448
185.99036629027864	87.13952619146197
249.7769155984803	327.89819966104346
387.28154281537195	175.0076904583508
6.341784378763084	417.26352158076674
26.66144931346985	324.18844148393526
230.91711062213474	395.44261241098724
214.100470193516	161.81779815496023
398.9696475579332	20.705261085699412
120.9032454211883	348.4107967592315
24.898305714653528	97.56747555757215
370.1379946892207	314.6168364453609
35.81740896777804	251.2103081768713
346.57605976401965	164.84527680807076
136.45585512113152	121.79551575114583
169.61152718932934	98.1945982598744
217.68878796586088	241.32181440343066
361.2073606543152	224.59584284925498
353.5962575377083	394.4805390322207
79.55384365115982	267.7683598251856
116.98131015584619	188.22077166233183
51.20803771183965	289.472722830947
396.00792887716176	273.02520954176066
329.87164636476706	197.17442420912286
319.16886499482416	27.480775966933425
419.30155146917184	265.8785952263421
113.07793157697026	67.17501097545542
105.72989363650424	27.236856612803063
167.3046447699411	270.31816606850794
54.100152885509544	50.79188776851623
237.91904762352206	90.64307335328607
235.1341458937008	297.4792438969245
219.32084122611107	83.6392463049183
175.4546714709247	148.445131208938
370.69694191783253	120.85912565311494
183.37811234619517	9.370719331900414
365.9753262340696	4.000411265066016
383.1441064536226	104.28690686925657
386.99354591873595	249.60512963814352
351.602303522291	306.7742869572707
294.35299371548393	43.55534116548445
79.99225289515479	127.3445303046996
280.07670531831457	222.1391479958521
222.9678744527137	192.572619494347
52.143944801352625	313.74801065495114
233.0836604475864	18.771695671798952
76.12441618127265	194.7858382502161
401.2160436255657	232.04096389162456
188.33375922816055	191.59400357059286
329.8877625775019	122.79120876568652
356.7802776746911	49.11575020106773
298.6635196394668	67.84437952896607
52.95997236001814	192.27398672028568
344.9562650465035	372.8652241494035
152.41737137174414	282.9163472490552
367.7748206506682	184.0407175614016
88.15206259725676	328.2588577044477
379.8693461902351	18.983695698296163
386.3033515278731	419.5849403834341
144.03911326769617	39.30236962114935
302.8005711469822	252.62618214085563
292.84208017185983	318.1000567044796
297.98057297000315	215.0167052255055
302.5048871391724	272.5012891398456
285.2973837341969	282.11798770499644
220.02234116965138	260.6670356716272
262.5264066888088	232.16275890257324
389.32782724889415	306.98471841017664
415.35360867878205	306.7295395995908
339.3919630300616	144.3909054099429
36.97538814870054	112.52292226310907
130.4714326601735	277.2611209673682
166.6026076093997	369.22748716843955
362.2310986989846	71.01373009250746
122.85022635665933	412.48363724828283
168.92666594154278	121.51109538269118
186.60667283750098	131.7370412742826
275.1960591380778	298.361455293936
419.5954994152484	126.85189692875682
38.24841831817544	272.5213548939063
91.34537791843023	374.3958751457284
170.89500636135122	183.45775169688713
103.68989452565583	403.37767843101324
281.44684217261135	77.30773899496744
262.01120495740105	81.74752511178613
173.48250854516792	72.05251605223455
268.5883291934346	157.56184530592932
246.75069688062726	140.0147516863877
325.4511089468151	363.53720881224604
4.795382935687383	289.33622809606413
263.70864149373284	415.21681876247516
281.0402297280647	58.06845472666656
166.3131111906367	205.0888919037605
219.91885495485906	411.3426561640134
402.4454835083458	57.48953036094521
130.87830542818384	368.74985855683906
98.56880859340308	232.4046116036568
322.6849525396114	93.4163886318253
137.95909643661747	339.5895433523268
401.8592812300058	402.7603856911161
90.87292464724435	44.382398386200066
211.0161982467035	139.5344695581438
26.48904553361686	207.1652276751222
339.3649242350211	32.51290529101392
342.51141950340667	214.29440779775257
206.08988117481655	376.42721587188885
67.57632788399818	4.849485071319742
285.81649560817306	148.2773272557036
203.01634300940546	221.08963860050233
72.30206699071154	68.25056135942891
223.12353753471578	59.64311375597404
348.21637278928034	88.54143550957541
153.3214980742206	109.73636675364546
340.23796675223855	105.8733261788561
206.59731643308302	118.4694238175465
117.22748997006518	301.0675629235034
160.6751409700924	29.828536408075664
379.6727799790483	57.09340260908726
411.7921613711942	344.14160554278396
97.71422957774902	192.08509130135272
320.31528970649373	263.8118130638733
330.57069220841737	301.2925692579606
307.7839848137772	231.9566882263043
41.27041871110846	227.64191479447555
293.5148221155773	167.73382618448423
96.14848756138235	9.013712173556836
256.07134452842547	250.41777872475097
129.02913987798155	55.52712150531488
114.43845616738518	149.9615492798501
237.96310866408854	205.1912015448656
148.75968463941805	262.1816221483789
203.85724694352223	69.96170658928092
34.50340083245433	67.47848241151011
365.38334003223457	205.93549269433865
283.1270329992289	27.665207548130475
18.108818015450964	269.69353062935403
126.14587575473848	11.933696308242189
181.3127410662453	32.44712682027731
248.90169169328922	402.3833946838005
355.0894713119009	266.30373251970104
28.17182889805725	130.66570049168283
24.160062464290203	26.20726520159707
194.8170967169719	150.44612072242163
227.40954805643838	127.08057178652611
180.86884280493476	408.06123968610086
184.63821423824302	169.51381258393144
116.39335295484662	241.7603377121393
61.0977205191282	234.71195121666526
284.6128469773964	260.34299024831034
81.34006651814906	356.9500750859462
410.46083001855794	165.07651435829206
383.7690297060668	196.90566591755083
283.0228964271696	96.99342876012723
136.18849385240281	73.96143227178052
61.65226080607299	355.29355292351664
154.5527652875665	303.8776020587096
26.165583922432052	288.1744131231407
94.8062261480604	151.68913133971117
130.7406155830431	225.48804640511577
341.68889598409794	70.01969497144138
53.31163086584167	70.85689828429206
207.6874656329617	395.93989942196794
30.253656198323487	385.18077767949586
208.0225978050917	275.99469056377444
400.01498052955804	359.5572004598929
379.98299715208583	355.4838437847939
100.12874182419704	124.520159065864
283.69383976518793	388.510200416364
279.77835686020757	118.16212729857827
330.8581951111869	323.7100738470874
106.39136519699059	169.32269934235114
312.38148719717424	50.918421673861765
184.75488489996786	211.10380614592972
409.79396611783	76.1431955786579
215.3994888274765	10.427986390899019
85.39076632450397	303.3119609844128
368.29334353828307	339.46477677685914
255.62142471923315	213.21944794172487
82.49172950800158	87.95776489039967
222.88678052827794	35.634371148423064
242.410322653355	70.82242260897
200.04209387508962	253.98039660546826
389.72511010452223	156.05880335495786
320.88624512427606	70.30450579863611
320.8623213198507	162.56377269588245
305.0459721847601	151.2486001928178
126.90314490079855	390.74913484338833
55.562226463900274	253.74423385646423
0.5904430566344336	398.77255281659336
373.9281021095178	37.530905637232614
261.87801187973827	370.302958597914
193.28475293418194	317.1569251986801
19.82730099174675	401.8221736981202
314.6300682661846	110.9354109753617
337.27495568657326	254.96880972189052
214.1539019732425	314.78964321173453
127.6520811575811	205.24206674741583
257.87483223189446	191.91851104759837
305.37236274821964	355.39676371848554
327.3603894842269	407.605279399978
1.0221950901835768	51.190318548662724
204.75243766646696	201.95355935204938
5.346939760370244	195.61992189719865
368.11623585410155	246.2108384233686
409.3968254462073	206.06395979186493
135.9767538129074	296.6481985927786
198.27750073554247	21.540856693656583
148.05773050812633	378.74846627480423
43.72296637460549	175.15248776876143
45.13257170221296	367.04588886431696
41.73692914172122	145.69222915823354
19.76652245082806	147.99032339244158
134.4707018008979	140.97236690635557
392.0863066263294	215.27792512446612
22.53887124785466	232.12439313132484
342.8335546560382	284.71522772820157
388.7165866652135	375.4149677151606
109.88329397900831	48.14158905951596
418.5265588433985	107.43147280644062
104.05800933196345	358.67829247653344
152.97611738661934	60.08528495351445
12.35081493151564	68.28283471567136
381.887942825058	287.82008859858416
83.30596607520422	411.47334986184217
155.0562995535627	137.5176098539673
358.5589870068769	21.730265152783144
244.46015014750856	380.8217628207382
125.75880140939236	33.65242992721104
198.01347387260245	343.7826028732758
10.232788854314705	381.8414173374666
128.707475214635	257.0189095505631
251.83371729692527	14.532597340268506
220.75844920227436	214.15591837474463
41.09702943941991	35.528690219267574
7.326308677283141	216.4578578378079
359.03525012636203	356.3439805830822
331.87145524243294	178.17893700486184
149.4326543249157	186.88348668705675
16.021611211807933	115.64775099549892
157.25715827865585	326.82084468910057
11.11693512245684	348.15225441994335
112.67797406221402	376.49226788083047
56.591911504335904	160.59759548117054
312.0191929127764	179.95542030374645
185.76464575019529	108.3954911978538
160.85707797079252	411.11256431391985
296.5002973769764	299.1584835758297
310.4601231353261	379.04059671680574
349.55678941784447	240.09247177599008
376.2736698485055	268.2401313061935
49.450556653135266	335.4215242737857
415.6404519928303	32.79051056658605
379.80328833814065	229.9929744233214
348.3798649805118	416.6048942925124
359.2677413535123	143.85110265260815
186.48683917656658	277.0738949069313
206.20466981393332	179.54258420730662
80.9702021265943	107.28542676160173
293.33944074199024	370.4295855422403
20.605459135675343	50.541738131435714
362.96837907323606	284.341147344028
269.31244476678665	42.01942785315634
70.98029695456883	336.8735840159828
259.48321877446364	120.56021130191506
259.5346709892387	58.87196380276171
228.74064138344656	279.26469494175427
320.087397859218	215.640735309006
238.02226450392587	0.2524355139291886
76.47595024521118	157.71052960134617
199.45790216454273	417.3907319151498
369.4506185636465	162.8511746063698
117.7774920408894	110.54358221792468
71.9697757245122	40.428708185937936
142.60009975338934	419.9004308221603
298.90618127832516	418.96057338614423
30.04541144994129	344.3724609638058
406.0911522767263	251.72704553017135
249.29116168315278	161.03287610136516
277.6964560350137	358.4036368420231
314.64333292880735	313.2260903561124
53.50632111825684	125.587133710248
103.54603446092447	96.55061888361035
402.4265955784249	139.56460544814317
289.89096363990126	188.49644259222876
139.39747850406448	318.78931638519015
331.2514119922888	53.75987132757208
161.03265847060527	247.34658609382885
26.95298786554706	165.788546862004
118.95630294688303	129.85274878395023
317.45962825557694	6.039141002688616
273.37962501505694	203.51834827635722
302.51369763331616	94.98793575126697
300.91728479986443	18.58031163134617
395.66644748371476	39.58105102415026
73.75746098957151	287.8143133577855
119.72620854706864	323.6170544757692
243.33272642734127	361.67427147185714
263.48340284027535	389.99047877255214
350.8806902337741	122.25069037677585
168.08274227788442	388.69104827404107
71.10334653017426	316.7831693065539
329.4254853552357	233.943193846425
61.06226427245924	273.11516390197676
251.79574110716476	34.45325720629673
403.9199846579168	187.0428699321783
419.7783174557164	364.4258876741308
245.16092417236922	266.31893718504716
166.9256821479138	350.1525032014059
14.379487455574054	307.7612530501394
97.33769981110407	252.09368838368977
172.58465839592614	292.9741715609035
16.030224068549924	250.3685576741278
203.815449526282	97.88219808048214
145.96517311284248	397.7012831210138
49.896142264389056	387.5684612719264
237.57867025451435	342.94809753467297
404.7504642589592	290.46173440678064
165.93934213181817	165.0433355045498
215.5031862388202	353.6850280867745
27.41055351191007	2.4621722987007297
33.66920045667937	306.2873146091323
240.77462853770996	50.09972467988308
319.89124837149757	139.15477036833312
398.72724506601895	92.07404328353594
342.1469179787885	347.14152307046044
392.84773497481996	341.4065939848295
361.85359407955013	103.82161316863628
374.3949693672029	87.24904062910524
46.36694136489696	5.681815759611307
60.27851605635977	24.48381398419087
23.964333774809774	362.4674239584933
241.32106022544372	181.26616967075478
263.07740187097824	342.8951469606437
218.17240158959257	334.6737090868596
148.82076698704662	356.12129596439
188.09763907031441	234.90944581069292
142.16137484149644	242.20542362785605
151.07755169863128	224.80974409941783
133.25558295485988	172.86422443423805
226.5381909261234	372.2826755537109
307.49807015290287	400.17914897497207
