217.70426472287667	65.39412271322091
410.11973474070527	398.2678473530729
369.0700232137998	219.83752468273326
350.60863216981113	333.561132327352
408.49809627492215	344.41740325929
157.54360204607303	199.32596899755436
269.9283565186032	40.7877714136054
106.45984215747303	385.70708422181133
179.41434797523257	323.26579204844654
383.9230918154983	70.2278802868222
321.6770621312333	59.064168330800584
236.4960578644609	158.22534634648164
378.8933084122874	104.26924937831063
221.20549449830838	20.102373429608555
396.8154345353106	23.060964857942107
134.0698988985174	50.47118563924213
34.87121008770811	142.70438409523044
335.92317569839287	179.55006163813817
251.5649443913145	235.65906461511045
13.683566335257057	174.98099174119605
158.1569558189052	24.54206524082193
3.326921890987053	30.01796984946253
110.37916069314961	235.37589930807124
124.623730873041	137.10312508841616
297.9349827338899	153.73399476009772
217.0788424701423	316.41989612663303
81.09676315811163	305.59017957495354
216.07863891213927	95.61240026249088
123.44868853461625	117.82434648494647
55.75124362765275	272.03477034112547
258.839362651219	376.8535709793077
231.6399391371054	177.91113639012025
232.07697451319822	298.47950231846295
164.21711127958383	386.37080414393904
148.22283529882327	62.025788287211114
20.863366415064988	378.6612463467104
102.19095601431708	125.06741340596936
345.38309320787425	84.39637685178077
179.12225735984126	189.61446907413446
293.3036112803096	362.5716055089165
37.656192792261784	7.044014430612311
79.03467881378182	185.97958294625386
21.534763683015342	415.3525230958097
199.16975585848002	335.4360303821536
48.22619921087476	89.93076852511544
163.1730512703646	102.07466871526441
135.286014938488	335.68703694841696
248.7071801733431	139.21314272935868
232.94535772901924	53.33952719345899
250.1188194807352	175.50457911550026
373.62027675327727	297.8372809512505
161.86170988469152	245.8344929626845
295.46247936513635	414.2526951352232
139.77532941311168	22.68605225884505
90.78417343004763	289.10441623698006
176.60560760646493	54.04186395982983
0.609500727016848	381.7973441681755
365.027008381454	240.61493621273888
48.87729685575296	355.3451692187233
418.31884237954574	94.51598010021699
49.19652550067055	288.1620745690864
91.306293537219	232.7524890062241
204.76591640229168	352.38992123927585
240.7251373002634	6.697141412391114
271.92936867560013	198.0183244362856
164.4774200822474	69.20767195390795
329.90729384539844	220.80950529042423
327.35566443947863	243.70377702122894
191.23644715470022	204.76374360685764
402.724314742777	223.4354116498049
85.33590438664389	12.36588952647369
209.67280891945376	194.84018718537655
253.92921971623102	305.1064375018464
88.02879147013799	135.70175223353786
382.10449396924844	372.1749612944451
337.43675084103404	68.57088043545701
31.02029309327632	31.551995497623253
404.17921064986007	241.8233877184284
78.13672993743143	391.92208709816464
299.3000775737137	331.8022545729713
41.825022064695965	185.1755879626877
206.28066490434006	274.43925115767377
231.7573520778806	240.94144704691624
76.71335827806402	28.62969271555043
10.8438816055526	281.1691978570076
183.5112392247002	70.18169604937084
393.72709928400303	137.53205944671902
255.93823666389045	322.63751325964785
293.4866365955805	13.717923274163484
395.1319570311888	257.15689861077516
258.2118605771161	75.95669475795083
269.8559781155272	178.11650557639038
313.02063036965416	415.82656497370874
392.14140803604334	181.8596229216732
370.17882094631625	202.1200648879466
389.9345621890036	162.86157284318062
299.9811277667767	283.9094500106594
313.03727144627425	395.11513679872877
241.12847499233928	386.43202852434234
21.320926690309044	229.14493851154086
162.99751022572133	155.13634099064913
321.88607584713134	130.97420499483468
383.48405299855585	34.76482569073043
74.75166656393736	264.1484726761073
64.60459578824491	300.1547666418674
273.68067549813543	218.31911769222603
98.38699016806093	316.73179275417186
195.7510424607673	47.76981689072028
331.7795067299463	408.8453537788491
357.84491946879416	104.74481370648373
228.17060264997505	279.92985257581756
122.233038309989	23.635488638197174
256.8237934311288	17.931988996089604
355.7215985376183	45.52768883997487
214.33538462429976	294.82711372582486
254.57255769645653	258.5062009045243
202.1551144313581	17.4334384524547
292.4039334536091	200.90186049840557
317.9717008651932	77.49717885571626
263.9186407135449	278.06866746710494
13.107004935590014	140.3613718182512
165.79922252520743	347.9087389405337
181.32841978718642	282.33776708090187
239.54987555948782	121.50432939221311
114.25626025435008	411.16742760695837
414.9078888896375	130.45280945884227
419.6213413073998	358.34006860549886
376.98635892006274	257.1473869204226
255.2860143463711	112.62775313229486
214.38607433021232	380.78024471040163
180.31041884764963	109.43280291312156
349.19617632280267	0.0756682903293779
189.33085349605554	222.0613341923438
168.59930275637777	409.7224683945397
0.8499010931199225	65.72892857098985
19.669589728786896	360.72138444215403
312.5875392829189	217.17301543717443
23.609578705708614	327.44872529970064
115.43286807707877	68.39281185190765
287.4157938875528	388.0227773165155
75.06685017670517	244.40116988209908
364.896452485456	411.0642017944961
136.2097437517012	150.04349837802397
241.2710250636382	343.97847749715015
139.05615280712738	188.35261395267477
381.18972989555493	390.06244972045135
314.6545967257214	33.14046122993768
195.84672721418897	316.3968091146264
358.9886748557979	274.82429063355244
275.0040387713917	316.50176274156973
123.1250635188884	376.61253943202433
353.77390706161157	158.71504021693588
407.39633592107674	37.38592477485447
133.76049143708914	410.3180284510279
419.7900740197843	231.30832052873424
14.98087649539804	45.09442605773568
114.91177886686152	45.96808446761656
156.37462605990027	263.89092720180577
228.6366825268035	368.554808727579
145.04458669796173	290.99138136736593
409.81789396524994	275.9575940246658
146.63474414980567	85.90843688596995
278.66052627426956	25.116072849366507
41.0586365738905	56.394853986847544
314.6825266248102	341.54794321679896
396.71959208882765	359.6777583447414
115.24705287740971	88.03586578293955
334.7538550482327	318.62978825593837
26.958027811164307	97.03836891013786
230.4852734754123	106.254581188828
232.21358196936927	34.04645095765664
87.6324720406263	107.92232515844117
140.2109668806805	270.23017932977905
65.45487378110836	82.86975679912281
81.46604551836333	217.5490198236754
200.08318901080025	393.9278424912281
151.08858726848902	404.5737955511115
377.11284184690186	277.90114400993616
295.6505951367576	180.22719731176045
415.4576459272725	293.2503820148759
77.102610142582	47.01886287804038
147.7803312613407	170.7700924824821
179.34250369023817	304.18402651917785
96.79856068637322	45.51864661551475
267.1828482009788	91.16517372884537
134.50483197707769	251.76664114182938
33.027619229779305	200.34822449723075
11.006395560989898	157.6335406996561
332.4760823171777	98.29641849393849
274.7049588879262	413.7711564106599
36.40903137751607	166.12537796422166
359.83106984584106	122.6437560361343
18.9082081965162	18.832179149265748
82.53708895531699	162.24518364378002
197.8513154650199	371.1637739563641
334.315625528164	197.261034725879
400.7281799512563	116.71190154226439
129.46171047067025	219.33403748779588
215.33544847344766	258.50212811886615
364.7786082788386	69.20462489930418
106.27406438041706	342.5768484348255
86.75391241144652	68.35038475330325
114.64080020561771	263.4215589873847
396.8544336833464	326.7104222757175
29.690760747539876	292.05634364709044
317.84483872964563	189.6430631112866
48.29408156798276	20.95206525133712
255.72860560835773	56.6879008098679
173.52507807572937	87.36390267490852
338.83591709107645	116.02157707155075
336.45012027349225	146.9180143226713
396.54005645975974	95.07946631478933
126.2304940184916	300.8404800284268
75.78091479326574	322.13962068730234
337.5058814114499	48.70767054662592
170.56632373095215	138.00974138802403
192.13587703707975	128.6492958121005
296.6510207026888	68.82840439547341
62.04546671082979	64.46640882282253
335.5498947131677	259.51832722691483
350.6792433176843	216.91638208390046
377.8894251043994	127.37081578165805
352.7398389408611	194.4358828005122
410.638214384659	152.10980658174356
317.3867268601235	171.26639084915996
283.5603517177776	80.84863862095818
57.466454364875716	170.89472936318143
212.31145950904687	35.08091215083341
263.11879305607965	355.14431087240155
387.21677133388965	235.83373706478596
173.80971026075602	264.5946174003763
416.0877500497437	257.1232898073569
300.75628760012864	86.00028341070146
127.04048393404653	6.418187597188508
225.4927846572297	333.1734015441533
347.2050771866037	397.7018324127443
93.60646554378992	268.0394555732016
4.491385270104458	409.31197034779717
70.1319875564902	147.10327002271168
102.05771688974119	4.180860708415044
207.07771290089744	139.90044503052945
55.1079969853295	252.67113103199006
125.21185225698066	355.726494496822
213.26413931690007	228.8827321096358
184.0152596194353	241.09551117430527
418.47505403863374	190.0805271996394
269.53059385783934	392.4126479280493
226.120043509283	139.01750756332285
59.15420440264593	393.6088851284639
294.52058816220614	106.27493273850236
16.574611175272413	193.92360251340247
157.09197436403048	327.7986355903878
14.098291212639957	300.4813797398182
214.91153428177466	170.3718796942341
178.0791912833546	4.383659296157518
90.47895138915614	89.98957706412028
307.29825275812567	235.76115656939135
72.09018943771815	100.19280136956114
317.65388319132774	284.53249419474963
377.4101045198129	51.139901353270446
18.634281960706186	255.31742349595865
160.08976381753723	281.4241718953895
370.1837354570468	178.4699474260338
196.578709674871	290.69213460863335
193.02691763230533	175.01377064255672
96.84683798648837	250.66758049135862
18.29325149533362	396.1275301892554
101.39576139334146	25.268441725046813
166.33151968167866	176.7523976684707
182.4841205564092	341.4499056019792
254.66118193013946	157.46462037634285
287.8336476780844	302.573999108797
361.2010132424296	23.41918046414923
185.16487866909046	151.2423156486083
51.99388996285939	109.8801760437603
279.87568398877073	343.3633800347012
9.004267022314927	215.1662769110174
206.04405123176767	113.29017922943262
171.9659517446762	212.59881326641062
344.6790446123291	234.38270283614509
66.59259486071055	10.30852213896781
14.928926927957539	343.1652125023043
57.114627203744426	38.75313718146983
182.57267163391	360.13406462577046
126.97958321523056	168.32193125621723
278.58525646826183	264.83943458787087
371.45138878836747	7.269260855207978
59.34093923736377	190.07472485418714
234.6365013574265	409.0804265683392
41.14145176857196	395.7692806795136
221.4076815686123	1.5054828919132115
34.89357654775344	124.49689291878968
0.5594707099159252	112.67023680490128
39.63996697330259	312.7715343611174
358.16403952002906	257.3356598349435
49.63317583172574	152.74263282822213
263.36324866894006	129.88760769876106
142.38733510864753	375.76502740085385
204.6028522473139	79.24325736053356
340.06119054763496	279.25753914353515
251.51819499184865	37.003009471448664
353.8777885776686	298.56423849479387
419.6072390281223	8.152009883594333
347.71496955293924	377.0300852107664
381.1435389286259	350.09242092652204
303.88185143219573	257.4592413423253
151.7684811971711	6.5897158988417
299.97969335263906	130.31985528756022
107.57736115498923	142.6056842962377
57.06089857389104	126.89927713287784
363.897173888473	140.35795405230846
390.03183453566237	7.0473453477592995
181.40871659181852	377.62545876738807
314.11801722089507	14.99912168435969
53.581912960304635	325.5162818043616
112.51839306574853	212.47563635588187
235.92129705307224	258.47628445401654
303.0068722168807	378.8576832939188
36.83766917761071	274.0267440683355
219.27849719684926	397.9577290810881
299.6321447598261	42.573120389565844
244.45076482029904	361.1863133124445
402.8905143176607	74.4837368657749
282.2308591248699	236.55222649482997
235.85507348080603	73.5278793998304
291.54445113412515	221.02090589185045
38.208109918921586	75.44807151347472
250.46166528551254	214.37810576306225
309.9191219202623	304.30789868616705
146.1683345164495	353.5541979595327
142.83277173321184	232.54600583845846
37.521535687824226	250.90781629107374
133.4373671615364	72.0774060287386
246.2997945684177	286.16355817070513
396.48951406345617	293.5233620285881
371.73551910994684	329.374171333703
90.00003338962321	332.7771279725565
203.68545377903493	243.85238680172654
36.84179902810701	341.83280762834585
342.38161853513265	29.954298356135233
94.86883021357566	399.05866870514353
330.2646612856391	300.49983898487034
268.5127054032423	147.00022992811145
85.97946919716978	370.7377665664222
373.09060438719166	157.21186185044473
388.546848715685	408.95900267914965
44.75523239468694	375.8095746027434
395.19309816373584	55.08504972295974
149.54367313442302	138.57866408648917
404.19414410740114	416.68157460006995
13.414685483943844	85.3310069219263
336.5676016254497	363.20653337596514
283.6755807348529	51.73429022833585
109.02795247998257	105.26150625853298
63.8030731748288	345.3592333942861
203.77303450707663	0.07180133505669274
158.16777202834882	302.9413368002579
314.15560397046823	322.5852650731185
121.36904490894095	195.5166122067631
230.70155151763123	221.99106344708514
334.7045393448535	343.09854031475726
69.64288472204572	204.05730568709788
58.490233424273086	232.39857832545664
201.53940074141624	157.91392027348292
71.00706071907652	282.7830801632819
280.90706742872544	164.11112099878665
252.4626157448274	195.67902475570665
19.175828760850276	63.55184312019154
75.4070786534442	122.14121376279938
248.73458988226204	92.75304806748231
314.7378601132568	96.56019664874451
142.5788801683858	122.65763947294
37.08955499454978	218.25833804856262
142.1798092278246	313.5044855177291
70.89574187984918	409.3197789538734
105.11628910280845	300.16679807188035
125.56136923659975	281.5552963031057
106.33685437311873	360.3786256332368
208.30382574629354	212.1611748750636
103.89226937670892	186.23872382606623
189.0844273999262	410.3289994185519
116.46195068540011	321.0827130020158
271.70381864491014	64.76047842677121
315.6408757900904	361.2822289487238
399.3557444806955	380.5629961882516
153.78844586929387	217.66578685088072
193.4940554914254	259.2531333829956
284.00924618247404	139.15723409034692
365.31531575538605	381.7732889685298
67.68498815272748	367.06734265081246
50.56070833792313	206.70590697915216
411.07105570237434	170.40833599835997
333.3494432780059	9.901944918445414
360.80460467052103	314.80232842707363
364.86943252532564	86.65593990824199
388.8318656409502	206.16551243032583
94.59060505031934	205.1490648323601
107.44109814116243	168.37831207605444
105.87446326401465	280.4290315054849
180.7006737835094	28.863323236740236
52.76536940695142	417.491706290426
136.1522069918738	102.49800936008285
383.68896989340476	314.77960860431597
314.85420454391	149.5217139289698
409.81908362530186	206.03625669032425
16.7929831256671	123.16021769251279
406.1736463879185	308.5197378085199
359.47275315977714	354.90952112252705
254.4120208206053	411.07879748283176
190.90640516981952	90.11904687413082
232.66031989618946	201.97019143364128
85.56223859856378	350.609334424154
151.65143000368988	42.849433317005165
