281.0600691808507	355.58155684851073
184.11659284924403	398.9605730770058
47.06946693409545	390.16591697751204
266.13372085683204	337.7794842638395
260.2319597331961	283.9850367816261
116.38219679750203	289.9099711500108
268.603852327861	303.09333162007437
356.60900076771367	416.9185932294036
167.98235216067462	8.261163076510863
390.79342516727877	76.58556461366966
84.65634827452708	104.41606560764026
219.31697450619419	305.0442519660524
322.46610450883816	311.33842239347183
414.05549981553855	253.59776185335517
222.79820532056988	90.2264619603444
173.75742817594113	313.2635462762726
269.95569607856777	8.549147031194591
370.4506346654442	401.87059889698736
97.32027861013545	320.34810974496514
298.9238074299345	110.08295022939181
199.0051777741439	358.8937867834429
314.16360791384136	340.4849560724813
191.4601523113537	295.105000363283
23.213122697910133	322.2659966446393
235.804221447771	91.54082592220414
272.4127182140707	399.53343933627394
300.8423835331111	175.9834180454919
388.45649785562375	393.8158499486443
77.5079515076085	386.7592898936923
3.9309255614188436	71.0863194872598
210.90037667958262	325.756995559138
72.47402579400912	357.9342965845909
35.683569768056095	398.91035797497744
96.81854499457162	51.01539196939687
77.65255083616222	19.43956414710674
326.7251731573434	347.0926885752154
18.1215910996478	418.6178154888224
261.96890303777474	114.34538018662396
263.09114249735995	211.62771123887399
172.56796607392837	263.40904898899674
347.5689915666951	182.557328390329
180.1370219073302	158.71311950149322
418.719802510253	9.57742513800082
68.52031218564888	153.40564837308102
213.42855677999586	53.70299276185758
179.1208067783713	341.68888643579373
301.65029484946785	234.4375419370991
256.89856431012794	327.6708925479244
138.90995046533453	91.36066650565054
79.73747625016837	255.9584139931262
332.31628509166393	384.4779511096834
175.11277953541125	243.27045232921893
80.07404051732945	89.9164789159583
268.28185946573313	143.6617821428418
392.0094314696571	343.00210422791605
14.754448253950484	153.62350709495294
370.1249954316588	143.22288590253612
154.2620600681621	61.924166228535164
372.145202553065	368.39777004856774
185.74657277555724	45.632164704318654
99.95386757883483	235.66055705417455
383.1307122119071	112.3678421265842
64.35005342310761	224.10587572168302
82.76020869111194	214.71566528040574
17.333274653776318	65.71422996459023
411.35092742180865	131.0877379152644
36.37366262306458	208.56520489841822
74.93125119134312	231.9678389927546
267.4211159615002	89.68732737398952
158.44048435540125	77.95242567577739
175.68572692726843	221.73658164261553
228.4484422168984	244.31387736716542
201.4926591508849	58.47101956734894
362.91833413881704	333.2317903477317
242.6163446200113	141.94934343005315
98.82468516781798	146.71317890969308
100.0205272248515	339.1183377217956
97.34241327281488	284.96226491738
197.61180426303872	71.78705277649927
245.38888828899016	338.07345881781265
382.5956909328836	174.74029626327277
6.216428068662406	414.01685904351234
45.000770896750645	322.7602989926541
241.9278533348542	394.5287753132108
219.7205715326031	149.5172857280913
399.4465492158012	4.344685692183759
129.16664476530568	345.80146850853026
23.94046897931373	101.28608138202901
383.10291242212696	329.6097688016244
24.443450652493848	271.3542088015981
343.4318028206967	166.668308944473
144.5260276447845	109.3843090881118
182.98387383498186	82.73883284520028
216.79438636502815	255.60008987509175
370.90966183660197	225.89067264286902
357.5241361160092	401.637649206861
86.55857694285052	275.17083585814873
125.8333042124898	198.64049983850066
56.93429836734883	315.2896605279576
406.0268991589413	279.1708305238456
314.54243401820844	187.40637946591306
297.0862652641074	36.05969871446404
404.4020638533373	266.40735601639517
117.37754234283855	51.07696641909574
106.43455008167669	1.5013129127093319
169.81564903138272	275.7637136505356
49.229632791525454	33.173409503583116
254.00547258163314	86.74578325853015
243.23349035133222	305.2407217462989
241.5607996811607	76.97143302647521
193.1078552039979	141.39401993580688
353.38460504499733	107.31574686877896
196.02220262600358	2.6571091924969767
368.5728016308988	3.790860565300429
372.19287376425	101.97212431844072
390.0828636915023	278.990823789097
360.94263090359266	320.62579197757145
279.88667522390597	36.47034159911509
80.98768108057469	121.6538370296309
286.40422644349496	205.06439362169883
205.94221338158889	199.18358984264975
58.842711536197484	333.18089209753566
239.54141424932033	34.05342728785742
74.83542317953842	204.54161410609157
412.00228707484354	238.36470256796744
189.31710942264834	175.8774064573638
337.57658365566596	110.78006069381155
346.5713088108089	60.43887268758269
301.58244662281004	62.55759299762069
47.96401920626707	225.01522428551488
338.0325968158148	371.4693418703063
149.86069904259082	295.5997311950748
366.9281317612654	169.77233517640246
83.31250980711256	330.95784807697555
382.6270368708043	27.19450709485908
382.5745960472339	405.0708511346333
162.75660706059412	20.346017902847283
295.43913944200114	268.29985414836455
293.9917380865696	341.7677427405962
304.47534655466194	197.23984874001113
285.4231094243015	299.11139652745834
280.7498820335421	315.92720047899485
228.96499382855117	259.08292732280205
262.67617108420893	240.36297516619396
388.9714926125231	316.32601583969097
411.11100919997784	321.52969158990373
336.6863078507979	150.44944065692232
17.758944284010514	123.61809249201312
124.72716079291054	304.11273846789544
175.10283837619303	380.45444663104894
335.11596505614915	73.97535386693478
125.00130228586168	417.9552926233657
181.83682470768994	130.73925499770974
197.32998325872262	101.90202916663188
270.95376226962327	325.5252210535342
398.8641150887118	105.91162103362028
40.30529398612759	282.5183893145738
93.74815621019835	380.60990189661334
167.83474699580643	173.69497576802786
91.33714680678577	395.16435968008045
290.7645596064267	80.22407065277943
271.5256206725502	73.7422192978335
178.88512684647486	67.20292394558254
261.3023960988347	128.30008399107274
244.94166993389285	129.0227553286747
323.1723416132084	363.91292066830084
3.279743518827571	292.3841821296503
275.1581924475903	415.2013210959413
280.869521316064	61.058607598968536
185.97302887817932	205.06562347879685
223.7176498501915	417.937849937951
397.7938267124354	45.76423416898314
112.20390649977031	349.4655693097948
96.19776786265538	261.50148415468726
315.63077298433024	91.03777857657926
148.36106573190358	346.43596205627534
376.41175281229965	385.90689118299895
85.96871237309267	31.336514363143177
218.42724662766636	135.90338701878844
23.600484184048877	229.63996671113978
318.41090144164343	42.5778134422566
324.5665452276309	213.58710275412852
217.84379225361056	375.435171091793
50.32750440959749	3.670944119832265
284.5332953949464	128.78519537829249
198.637860763974	236.80816758343806
47.44854620014992	67.47064015768673
228.32201331434652	61.54787272486277
330.18987483002905	90.61966314511463
177.90407616503484	97.36977104328982
326.3791938956051	103.16617692288922
214.42032121650084	105.26095155265466
109.85048191113499	309.25312771650056
178.23417244142652	34.57779696231194
373.1152143532104	55.75183057085971
398.56603042579616	354.56381219920286
94.82085692898167	197.20131020662356
326.7569846792811	275.70808865377126
350.56029083501807	329.4003119463808
311.8492430229671	243.05928113000235
35.23113123288897	246.74279214358396
298.9139796271867	144.46776796505955
104.76940497318637	400.83201915589234
267.9978060154416	266.1078247917416
151.77761580020166	39.84945260668016
117.2947317166152	160.55148618227824
258.3592916356123	191.0123453788021
138.91435353251833	274.1398135477845
210.84014356646458	67.19156180502911
36.427182223905966	40.62377921405618
338.6449293378291	204.87471722455777
283.50924029561963	22.387629816296208
16.544262420660324	282.48216525810494
132.3449643091926	10.594355716194318
190.303161340243	21.458137353922055
253.33661926157345	412.08722443957305
366.76666322581366	268.2126163974393
3.3940485187465907	108.42939150935979
25.587570870419224	10.838012684497267
194.45558176452988	120.44259978570233
227.3230139012568	113.21847012689253
179.14067854951622	418.0498676666677
206.65305154721364	173.7951362029418
118.24997487659383	257.6681457848927
59.90390575230937	248.6240737609383
288.1471790768892	257.24636272121927
84.82580426354438	347.257941331885
408.99170664608533	161.14070151302639
368.95352786932375	185.7305485635668
283.75078764833614	93.86919444499985
140.5905187167973	72.33874213271436
55.44434607990944	348.0485102813495
145.06221702650686	316.4973189230211
24.367901572355855	299.24238233095326
111.02412756643407	140.4139199317156
128.61797901365838	242.1453914910997
320.78755082701883	75.8083464646462
46.75038779664629	51.64227034218558
208.36690860847472	404.98754709153906
39.33853961480458	361.1362408866005
200.21198325112556	279.4753193574874
395.98643502213343	371.34297098712216
375.44716728526004	355.8790375626016
119.5159313096889	116.00133816205036
290.8552961326278	391.9090584860286
273.51302783488967	107.0281328936662
333.3098887559589	333.3101961192171
112.60456594406297	194.72469807499374
305.13699501702166	48.44572595256917
186.69590597321792	228.54916024697633
402.71666775161515	61.86841850430117
233.48345896543245	17.69062869589386
87.37564243785297	310.1290570082895
360.64232138410017	354.50994731301245
266.5096874530778	181.0654263989491
99.59482759722933	73.10028911874322
224.03356449611775	44.663874637203556
251.77084878189368	62.79374368912708
187.87864711070898	265.1754162109386
395.9356735577175	160.88485597502836
303.38487124645917	78.67954257171958
319.6468044875007	150.29197184241548
302.6368496291114	131.39910734829587
124.58079655693437	387.4615035959825
47.35535886623081	259.11357455847985
402.405017907619	402.9504711724789
361.2072690345429	18.159520026876294
278.865477149026	388.35309751693575
190.316702266081	317.4564583308823
13.158699063865889	384.4105501604391
311.408451797128	104.25027921448242
334.99955539887634	259.3834403196496
208.28192117711055	340.6632925440666
135.73169558286628	207.36423733025205
266.64541313265596	166.39066595222806
304.5087032189549	352.88064161265487
338.1346318611942	400.0325535098161
410.46409219572797	39.81801610411805
202.42223050367812	224.58893695982883
10.04731309663055	214.26585986462405
386.51390031059685	263.7128708489937
408.4034533720136	222.2669789316465
132.42184449497233	314.0464660967993
203.0161965029635	13.353756912506245
148.8465843436676	388.94387663157227
64.47229399198255	172.09035003328228
13.375050707869416	352.1621668168007
41.31098776150745	141.99980309259374
21.25931819987775	140.40065484478956
125.80241454552277	141.33895736099254
381.5567330761649	211.31390881464228
5.7794522252702185	242.82513076718547
329.48806779366646	300.6425630962332
384.1401716935446	375.8880879963578
126.14283522229483	40.476445728945365
384.4085099512322	93.05054685547125
100.92559897490483	361.7741473588222
164.26554175059255	40.957017392077404
14.915070916961078	43.39939349225179
388.17681800282656	292.7979343084187
63.03063864510129	418.2598769831538
162.8873321206693	107.29339567265826
346.40744429999756	37.3110393206035
239.31629144345763	380.96475071469746
139.96254919679376	27.17142087732165
190.8370167040574	347.81609533642535
0.8739757820259051	398.22169386917176
126.85842653313935	277.62777252328465
257.0483041439983	18.734607563911613
216.10184733006622	230.8611063074235
32.73458418599627	21.5538925018403
11.082777236590823	229.31615950156385
358.8395235013806	377.75064811216396
312.70395860671414	171.2892334128476
141.4674801695117	189.37480207478413
417.24003839276133	94.32075660421852
151.83997533443758	333.31023296358586
419.38780938297685	368.8309414985806
111.60589319904517	368.39023723866046
40.27956046171725	159.32040934090438
302.0651951630841	159.25195596069966
196.66975984180897	85.93870171964485
165.47179179072126	405.78994634266735
299.583740387863	316.24213547049663
312.7441895035959	387.75350366196216
360.05172166043224	247.8938796199749
364.70775244735574	308.25764867780714
33.3686520024228	342.5431635351046
4.575355024782697	21.57744074617636
397.0231371202848	239.30458763712778
345.61949188225884	382.74682208529475
351.25583330581895	126.95743454340798
175.9776296410902	287.36479219954555
233.6032407912354	180.69520505147753
109.9500713630869	104.5214692411549
301.6097698690106	372.6667730935765
17.715260715971613	24.55705370855631
380.92088649433214	303.0817507497241
267.9391725587438	41.490699387420456
70.97958798079203	342.3152068794707
258.04632395002653	100.49420246898241
262.22003165773276	55.57541995276242
220.57179525300043	280.51833772866144
309.9657787581972	224.0833601908762
245.36043212318143	5.457536203147699
80.3783295611764	141.2495537812158
213.9074921670849	7.188279240177883
349.4839925912696	148.0485466339898
121.31236976819564	98.11991757914649
54.43584049839867	19.895894952534512
137.17969592711765	415.2031442403494
295.0014021060467	6.056768500465934
409.3058540104477	337.8556630942537
397.04953568658664	252.54328998600428
247.4510043570186	155.98486341064236
289.84080351238225	366.4484194717122
316.62855828942867	325.6197071099019
50.26228563598286	131.70263677062988
127.00000402936466	61.30950271509541
389.7853669312368	131.76604318497243
285.8932229946609	172.48432409234223
137.6770903734245	327.1860139248446
321.0802438451817	59.938274260069626
153.66419168893418	269.1008881658697
26.437150723021094	161.94817211746454
132.1435178534625	113.53505605864211
317.01816278739204	2.6907460794711513
280.42740447333597	188.9063110386388
300.23714193240744	93.94964676917442
307.4035656484406	13.108540120084792
394.3897018184582	31.50025212196855
62.86044528745336	302.2999111276342
117.68225951392336	331.0705588578835
251.6493529694049	357.58378421144687
259.5337361397523	400.2563685560212
343.32435007658114	97.5282962685482
158.4499986832608	377.74251826405083
71.12157773872237	324.4767965509293
338.9013940067266	237.2382691362171
49.885785879893845	293.9088841287055
253.37322309469133	33.42049703980619
406.89170853813675	191.45823150359305
408.3781161972849	374.8112588868703
244.61272084023554	264.6329618159785
164.85414487227322	355.5390107469667
415.98641962852685	303.4819868105208
108.19484309653593	277.3130985174134
157.40639122289085	313.3228361037322
15.261097701787728	252.50445848677012
226.45747448985574	74.62914039290706
118.68595106780556	403.5011847326076
62.0745261180678	370.67870308289463
265.35155306359275	351.3607817243385
404.11134987179406	297.15615819766896
198.50001353914104	156.49174937131588
212.1686600540521	354.01820110621145
21.902261339138867	404.42395034853723
46.96296127731695	306.77977593385833
239.43907707385952	54.67659330191676
322.7787604644746	126.2191411141354
412.44799487488746	82.26260357169488
344.93211481278126	351.9161021288462
370.8226129917613	343.5832642823334
346.79509180550497	82.28795634094271
386.7284037622304	64.38117364836631
51.93472868089229	406.0050129186805
39.67219189161014	11.148856896594276
419.4793209688095	383.2051091834445
245.11519884956996	169.5193516256214
256.6935254438918	370.57701032219313
231.73037920809412	343.31732544144995
140.3616758307956	363.6405676032996
189.1663191805157	249.56766082206968
138.65232108591727	256.8310363932829
156.88966025900714	249.32886586868418
151.1334400067619	169.14901249872295
223.6729760644609	387.59880867392485
295.8438490716168	404.91722424744785
