209.2027551052373	63.43646955114503
404.0697948465627	393.3095944837292
381.0289343844245	216.74071888179614
350.29353535166786	346.6825049338475
407.57757599928715	339.0225698462276
165.6390828510043	183.93319780396513
268.78890658970045	43.05075864274112
90.88978702232092	390.9199770694313
166.27394838977915	325.1159645526913
383.67007962115343	65.37887229943179
309.9705913942769	45.82392205593384
235.46921137040832	153.9164411311855
382.2530958351575	103.87496073456043
214.44146558070454	19.741728461395617
401.0179964446599	29.979799346704812
136.420354098175	45.5325843102165
27.443658414797635	156.8499985176857
338.66881091369174	179.15412875464847
260.996279769264	248.96789369725943
21.681620289313003	175.46540048623856
162.340416349786	10.296240935131785
418.5435666065839	21.802482615493957
116.10148151939022	240.47933504497175
129.8020873950698	130.9103512089949
304.04271039090855	146.03611352740023
213.61825666771153	315.8480523506088
72.76769719371357	298.48586336325917
202.19665190261736	105.15316159552556
123.48379590195337	112.33786096282684
42.87821816415291	268.19321078475576
268.40640368185024	374.365471754318
238.25051146971254	176.97775200886355
234.24215375139556	307.5575158770318
163.1227759822143	372.2246538473255
156.26865627116217	56.360297148389044
13.941845620735288	367.19816538102407
101.99268565402943	124.46650472806623
339.5694558699708	89.06487690015229
183.2140482123701	192.12119118125727
294.2932750908978	361.19662801190555
36.85689231932329	418.59570816232633
90.36499815919136	186.35477422814992
22.419835491045024	404.3599048945438
205.19174535677868	333.23430081181175
48.44666497152606	96.51547021262789
160.07529013080116	98.68022212547005
128.925927338582	335.0973338219651
244.79820199778604	130.34734754327832
227.78370097369287	58.59003083168386
261.0372956474197	179.05322619622555
372.59882492353717	294.1988274011958
166.97497324926985	232.80438850564846
288.78842258929654	402.38587893984663
142.88851956119524	16.964976915301328
76.93922583117276	279.3800768869595
176.1225127806419	41.399111364866414
413.5500956016858	376.4309741081121
370.6423756349749	233.69093422282006
49.76294243220826	357.79811367971774
415.5167095937885	81.77568242944143
37.26821384447048	288.8860342578353
100.0114396195101	225.75965388226757
202.27785192524132	362.2064942456142
235.84224299277676	14.387949444437137
273.7035966649839	200.76181870556852
175.34841988035845	61.341336334943826
337.0333270752457	215.68092501268328
329.93420603346084	241.3158591410883
199.8436145906108	209.95827214772112
397.47571383729087	228.1574048540054
87.35314472789958	10.000060456924183
207.13521010844306	185.16401056466657
259.47251386542945	313.2320450402121
93.64685204886658	142.806068413001
375.4702194199124	367.4602705065307
341.8844941453162	67.8882125228091
37.84950818928882	36.01694287986253
414.05650189730505	248.64615913750163
70.38177705679041	393.9609523483835
298.90485880853663	320.7140034435846
42.50650407418561	190.11892338264457
209.64619965155927	275.82770195651005
239.83866832477852	244.6902211698245
80.87052935357622	31.644382101561686
4.184548162026073	285.98950767344655
187.21776647423047	80.91601452528553
388.0520118426358	149.1350057751494
267.73597406759154	335.26276746237073
290.7887591131738	4.979576103571878
397.6602313433264	261.65320536985473
256.76209974634804	69.98471049209995
281.3508898287854	180.01058208391936
308.0358098316054	415.13556581212396
396.85921503232055	186.6530319867797
378.7648643285932	197.4135212730368
380.50587612297613	172.17589025691325
289.3098194559685	277.3391779442368
307.2155159080687	393.22873529276
232.49313959427434	370.14008715986057
14.832038110992654	238.33641068790476
153.32269374369764	155.01723197927132
309.11638202271905	121.33296025879478
381.45407726223044	29.334138988328693
64.2970857837007	263.4010138784573
53.82873648982999	302.07457297235374
268.55503587657563	231.18766281886522
89.68022924057782	315.92595304507796
195.7040296314115	48.30546421323515
326.5282317429983	402.051975886261
359.97968971317835	104.81321199544509
229.92143926234934	274.8715090430799
118.93800693598324	25.901847905407656
255.29023755154455	9.078627183833177
349.2483325083193	46.84803461737462
220.39127660925493	291.77728163397836
263.2195827832326	276.1487479609213
196.7284739380422	27.610380188057228
293.0910636294728	197.90016767951252
321.8933829152485	70.67243986416605
271.14916899125996	294.73682999447107
12.422047602456766	142.56165001343768
166.58886304330102	348.70102974693947
161.56374912569578	287.44243801511067
238.79277281406942	105.40689800916675
114.83883034965756	406.85020842815993
411.80756551542055	125.75241783843354
416.32864068230697	357.2289050412853
369.74436585491856	257.84149084350673
259.393069925144	105.99453790195068
215.33514186821418	379.06489362060273
167.32555547621743	120.73325851104111
352.4956322159782	6.785003734366904
202.65862834569458	229.8814702820657
168.74278946495176	410.481317336015
5.733322323729877	64.5675881714987
30.56332566622989	355.923662443292
312.5221185765148	212.8968406719151
21.649099968612767	322.29836245402794
107.8136002460805	64.99745703963046
289.5356944146808	380.0793903899503
72.92557781023643	245.82557810926988
364.9954572424219	411.8994719005165
133.59966320377046	151.20980648727235
239.32196715418294	345.0696882893799
149.64995867982688	196.4863548948674
382.5950255841164	393.5801298271506
323.10733629788683	30.773620388832658
189.95300962575067	317.2846667787197
360.761654889716	277.5789402143781
279.0970056497979	316.5724725836453
118.26855025488943	386.2414105798473
342.96655549445984	157.55170163765442
418.97078638079233	45.834935784777024
135.38681200339266	396.7034238370704
417.93340246244196	228.5081043831068
20.022982881729277	44.353433215733446
115.39621706310815	46.591087851296415
156.190878492346	248.7814354451524
220.59209734954584	353.31046298696504
141.9064320595701	286.5979683048371
402.29001127540795	280.750809274134
146.07357704546496	76.03032184027606
278.64750568278055	22.642790050324475
42.96232688327037	55.404345109066476
309.03346773975494	340.24121408835794
395.2105626907937	355.76333367801243
119.11463049128949	84.67867135837702
344.6387772308883	325.33052329960475
25.16447872172071	102.97352541303279
221.62200014688685	96.06220262758266
234.552125233533	34.419945739336704
87.33175382802843	108.96256621354918
125.21920980667501	270.0520073806392
67.20940801639824	85.98345891269106
80.92336416943866	223.61328150563696
214.62132271377675	400.2091185947762
154.46543254901	393.2424204624699
381.51356603462295	275.43730266630575
297.56236308394966	167.1842554803283
411.11590180448496	301.9432573062089
75.62192652252307	50.820077122009835
143.05126426168925	177.43865674593422
180.55602907666827	296.8111138266974
95.57167589574792	49.6798969396239
279.02666596448927	98.88607996920236
136.077778383981	252.55656214809963
38.92254289274475	209.76474723713338
6.770534438259154	162.75098466706893
343.7441948288871	115.72579344857246
273.4757019779497	415.5514744731516
41.56127908494476	170.4280862275491
368.2724747609012	122.68417102569374
26.964164644784958	18.11118727346283
82.29429893615686	164.93427428109786
190.66835871061528	379.1714101376427
324.45153657750507	196.19728386325718
401.19386074586436	108.42684382165135
150.13446102048312	218.92542352540457
221.63871527308166	256.0789817305194
361.86734575328694	69.11535085153774
109.9479440310329	351.5328192898422
85.27488613842449	69.1422632377493
108.77146983991895	258.4682212879583
388.9460576470982	333.61117600448875
17.16688845253497	300.2370138928801
308.40355641851636	184.956055617456
47.3644092082148	17.67261619690959
249.23609810159633	51.48137771910198
167.66891191328293	80.01920334714265
328.5926447481229	129.4175717078907
347.2319728828783	135.31647293855028
394.8110581070592	81.63639043886232
121.75783020387736	312.72077084341834
70.30481496289643	320.67478294536477
328.65536985498835	50.155387538593814
169.1868312587161	143.77374165828104
188.0869850868351	121.01451662690523
300.03471905390626	63.08513920912545
61.11552611808946	65.78900952939942
323.6561838900034	262.6493575175795
357.64849710974266	216.01253413470457
388.9997341367957	126.43574156442759
348.0400303422237	197.28710566201536
408.98506320374	148.08739094072033
318.9570432321834	168.23690875992997
286.1668451214147	78.54828324448512
60.91393883127516	170.75916662267264
215.97140116844326	40.028020936977136
274.6856352966578	354.73493498841947
387.6885794366033	245.14298913034378
173.02755480815202	263.5107365647887
416.755393978948	268.01643519570484
306.63425378088294	83.21989101741696
126.22254936215886	3.388454335760019
226.3121077789626	330.26684198885374
345.53886678323624	408.54893022239486
89.10448666910199	264.3803268327181
419.21451704500737	406.34863939528117
72.72911902603516	148.06686265991652
107.3463523674854	10.561424951779637
204.73072557897078	131.44456045650045
53.49281310462852	247.38493205853112
124.45336291384643	366.22239175905094
221.97173868046048	235.80442073110538
182.41259728001052	246.71660274980897
2.4742813393722245	186.50846288636535
267.14026934679845	397.3260113341976
226.33518145999784	137.0510335482809
40.08662503743804	394.7464288729544
288.8973955659777	117.71811541715982
19.200371179185765	199.1725613369903
150.22427306126988	336.0644696509356
419.33232889110667	323.54382286852837
218.62149958709952	168.08318410794743
186.76616084282327	3.0451063930214173
86.80315288349453	89.48148443908771
304.7081618435123	238.20009390449823
67.27588244522912	111.29411269938329
311.11980685483576	278.8012492244226
372.95205001712554	46.98292559969238
13.316983334819772	257.6049172302396
152.0114485039992	268.6399022894995
363.57420064269127	181.60141997870042
199.98903343580838	293.1253021535878
192.78285109357824	166.63672504113114
93.54737488552819	245.54065410857336
14.433222917919878	386.68096658660465
100.22077308089415	30.484078803958834
172.3079013302896	163.9612697888572
184.6909179779833	340.5516775296613
255.96602286845717	160.04766862975404
291.9951195675129	300.94277017266535
361.30942655320143	30.725691557561532
188.36349183292046	144.3831522764383
46.20766967099233	116.63156935033211
289.42025822114965	337.63573710361305
22.269223071944747	220.03048404681718
218.97304779141103	116.2322051371438
183.851496969882	221.4448971664261
347.7104262780148	232.76113280726472
67.30374278406477	15.314055081165629
10.462697382052774	339.62935002264817
58.70055856919198	35.55156560164244
182.54404511247517	361.01770776349144
122.96959454614931	169.2299141555172
280.0190478124511	259.72889448536154
371.42039535551936	12.338846688619876
62.92956165264977	190.48543064352938
249.5851895552059	381.62103284378094
35.78666153466733	375.4080526150012
227.7272664504868	414.91381288675086
34.20620556577147	136.77782179047662
419.15515239976526	101.20130546263066
35.60479964998517	308.5932177935392
343.7040092004484	255.54274214465732
48.59891545707079	151.11912304055969
269.71199915142864	123.31775311336149
143.81596579727662	375.8407062769599
206.060493349726	84.83401592008433
339.54266251574086	275.2582801503527
254.80777152957558	29.74661236441493
346.3697723594803	293.4067104298973
12.668712287422078	3.7062125617171287
342.98617868006096	385.31816894097886
374.8185686701983	348.0901087194153
301.26054063067505	257.92173293638433
148.53880395336395	415.767752524424
303.7560254201722	102.6796803253223
112.82205218052525	141.32621970342217
58.45977358356869	131.94070368501997
369.7243938160367	142.78242485846548
391.6835673340842	12.84597249070599
174.97719338528466	390.6593080565838
310.9932221971389	14.167260053686988
49.986132443647584	322.11268445174414
119.69518517055418	217.8861311093818
245.69645490792797	263.09877032548866
322.3155792221888	379.09650677203814
21.657026411495504	277.28377052203825
233.16318996470275	395.09205326365185
299.61730267566384	29.640593508713135
255.79211553971254	359.54189377869545
405.65484843089735	64.99643547323622
285.2916018862069	240.61210037506083
229.37247736011125	78.04821943536207
286.7853246550354	220.6792742570414
42.02423114313328	78.24859233814622
259.0485081475017	214.22620177075584
311.2364500708778	303.48802643736883
146.10456512134388	355.2312597255346
134.0933250612965	231.85661985272824
32.165296448174956	249.24269239484374
130.01827279227538	63.68718855040194
247.66175055410474	289.9672518549555
392.2903755538741	297.48720372858526
362.98635287576957	332.0002975220011
86.49523077665592	335.47590374906247
199.70134982347315	256.4260124565824
36.76563220931296	336.673090036986
341.69822565938006	24.48366116514346
94.88221328900984	410.8938038845648
326.8459598903933	290.5250158315354
263.35722770424525	141.9973357094904
78.29138222188305	375.8927490841471
361.6586515602221	161.84084341745424
392.8611889231567	410.06525005660154
58.83055249086894	377.2843802801476
393.5236273337362	48.0528909698299
149.55104015453645	134.88980887111177
408.7615549705992	2.6853332166119404
20.854072822623813	84.1430460628704
333.82821237903346	360.9198662000301
289.1186771064936	46.61770626264155
105.62760085318433	102.78677827833059
59.54131636861621	340.8222236911767
207.17190468611008	418.0333693208168
159.6284011545274	306.7792975119377
320.6274340140434	324.586316484953
127.15183917478107	197.83223878149624
241.71285791471507	224.24971319582448
329.2214693916019	342.1500180957829
78.58570966071372	203.98953100130993
62.23214886992587	229.82856136167462
211.6956778943736	149.4956991345774
56.020069255722795	282.2532174520584
280.48974704871006	156.14185063155685
247.8157250455165	195.46772700921662
25.007308176855652	64.29469590587468
78.90982298985094	128.36094205035494
246.86330405501332	87.6039617573677
325.1091678454026	108.88109613894704
143.20045598732693	113.9395839543244
39.21006753474636	231.1066671654661
141.20831601697793	318.0555389403226
75.59295157912032	414.4639592022428
102.999912106337	301.68968285104273
120.27332740996451	292.2754905773648
105.1847583598131	370.1924151559241
223.18824356176867	213.48799477576418
109.97642101846124	186.31826233941305
191.5783068139674	400.54203731123584
108.09739378998472	326.92330019766746
275.87608381364464	62.286822949472324
313.96901119477826	361.15570511152515
393.4544079878447	376.69875122413316
169.6129759428809	207.65963955012847
189.17082532550387	274.7857387781693
284.537450195355	137.20789810369496
363.10081269306016	391.82681805258267
69.0754312136034	357.71846697638944
59.55922997749035	210.7677724302705
408.38392396564603	170.35677470472962
330.4756922752593	3.1012269820127107
358.7875233862078	308.9875722412547
370.05041357663833	87.96190795917285
398.0830919592458	207.47651168324487
103.56940856324447	205.76620599083492
102.6503518524394	161.66876005000685
96.96008849937914	282.54491324638167
178.0088997340454	21.488070192070836
55.634460229430516	409.07223705420876
138.29253760891078	94.68206349849892
376.42265234849157	317.98827368194355
325.38533020585027	149.16617920519042
417.6316673548559	205.32024365958728
13.883249482584079	120.19047734124014
398.9331918076114	316.9488898569313
356.39580742273125	365.42956236585206
249.97260210333022	408.19645204690903
183.4343103240382	100.81291625981103
227.05489235479905	193.5132912178945
90.08017766728054	354.70620797610565
157.51527730780595	30.780139714634164
