217.30444172108471	56.07857932827731
406.2997011288888	395.7062256656043
368.124737605827	219.05298936336015
350.56795487857056	337.37196418189257
410.1327335318545	341.8432848378181
158.41334302334215	195.35758134858213
269.79820617479805	40.64603043441932
105.39597806008143	391.4224288682486
176.13456248438396	322.61132580742844
381.61397234945287	74.5056754017753
316.60345567844206	52.83601293747313
230.3619406919735	159.9767001516916
380.4774563087901	104.77993043971841
218.60689096633595	12.293843794815299
401.17041574501184	22.982817649580905
131.20172626166266	54.841441857145945
30.560277440996835	146.88078295576418
335.86343836770055	179.85064206274131
257.04204802300706	236.75270132529474
13.94097783431273	179.23698473872614
159.9566309822723	20.548468286294582
4.523140765773859	27.13687679902162
115.13696463596024	237.5344668743739
126.45238774223849	132.4964980626954
305.8119191083809	158.33812890155843
213.82230244028537	319.4352801570999
78.40013470767337	302.5870149668895
207.0035689590487	101.05481853060479
122.11964328130863	114.90298534481165
54.45399918755358	272.50632941991574
256.53017491201547	380.83730167503967
231.1916414743384	178.49775188533752
234.9731463798709	307.88981584728884
158.4800665949439	374.441376864456
147.26227871863972	64.69376500069198
18.008975511955292	371.1660477679759
107.43217855352398	129.26028415736894
348.38455600906144	83.31287805711091
181.40635546912998	188.45920902386106
289.64057357256934	363.23676573863276
37.639799877637216	5.5170982766845205
84.93734680790541	186.8552406629478
24.556304803683748	413.0844361200776
204.26806438081175	335.3735030023677
52.185409962241636	91.01075415497088
158.49839215899945	102.98496400146169
133.87749861623203	336.34129076048424
247.96361732830545	142.26019110096163
237.47165282247715	55.41328556132849
256.8269364879479	181.28363865520396
375.8729790577001	296.5494143340421
162.8742541411176	237.10451660596487
293.4092764891987	408.00080579705957
141.37681419139193	19.93217770956885
89.6435698358937	282.48110370063114
179.01548967950652	45.5470601285927
1.763940546050272	382.42070163905106
366.3430918129616	237.38708564674576
48.2608017614565	356.6911401909628
419.94790685977745	91.41147115329255
47.94159022009921	289.36832213357735
99.91695785039025	227.50192404392678
205.58607371089056	359.65535181127905
238.31563401219907	5.532415940379414
270.67448299308256	203.63654693169667
166.5061732078411	65.77953498294424
329.17052650491814	221.03847472373783
323.5834521576706	240.03208192820946
193.69705642884733	204.67417869267786
399.55788506123014	219.97031420772285
86.64375871769549	12.153194140163873
208.39850698215432	194.3544731060228
255.35078477868615	312.8681035157462
89.99903534573141	139.56266365588252
378.7627926725425	370.7303931893192
341.2157161831384	65.52790365024588
40.20810161206712	35.323887368200715
403.8818111563483	249.7347755905319
74.35854684870888	389.5471042582318
295.12596302268764	325.34501938399757
40.91318282523385	184.05147160741154
208.17540244416543	276.728516691533
238.16541055711252	238.2219105269362
81.39799862937454	30.349992980288107
10.449986271666972	279.06043447416516
186.6287838375295	78.97467521888369
386.4961144952708	140.8489155733617
259.95197120337536	331.5326207281217
288.7146694895305	7.99545329326079
388.2848371827228	261.3384422082034
256.05422510228425	82.3060551863748
278.0625912921922	186.21638353775643
315.5477129241703	416.8068035080789
384.78450254547465	184.31424695352283
371.21563358967967	197.57593671117718
388.25791885161016	161.8175292405101
291.37927443216853	278.80160794366134
311.6032897809736	392.3563870259709
236.73448018749397	372.81850419466883
19.178652016364943	232.51375382884424
166.1219838030719	152.48697844058407
317.0128383269634	136.37441847683687
378.17458094962336	29.97852040171885
70.89059714823145	263.15499406163343
60.027036160554886	305.64309880629037
272.07139605886687	222.8061237489186
91.73319724557075	315.76499784950926
195.45533580626605	52.82216809738197
329.15418103392153	399.18949524928337
353.1407933618084	102.04768933162721
226.92436734339464	281.0234466978103
123.14413659264437	27.960922225295562
256.0917547952264	13.536548700884744
352.57950514080204	47.32790583108932
212.8585687878413	297.4162891323228
259.6929067352488	267.8000981578161
197.4437368739683	24.25976433805449
296.489365171912	201.54621572050357
319.59873776557424	74.15900962683622
270.65446614924167	284.3131581345431
12.022644425210679	143.05931332744692
167.57949266835385	347.3080184698224
178.41897465131896	284.8721403169062
239.35166547255534	121.5157295382083
117.04476750125318	406.4422039493918
409.60099761582484	126.15365261223519
0.2034365507881485	357.10740125434216
369.8088156375156	255.47282669665617
254.53378298339206	111.75273287391272
218.08355123302238	375.9841104429482
174.69748231969942	114.57276499347803
351.3979163657447	1.5535860134514776
193.36471238880335	222.6952801607519
168.95578798849974	414.32192835367266
418.3444711584122	63.832612046477855
30.071740300685683	354.1293019471326
314.5880680959222	205.66943272285164
20.788498915272992	326.9841171900046
105.59059452242488	62.451830724960885
291.5434310342756	390.0022007002019
78.0427797038893	246.72226178007878
367.7233513917504	407.7403784453679
137.7316224317833	148.06158104406768
239.91228970279164	341.9912246243071
142.02486355921093	187.981047126533
377.65622729277356	392.0211691290538
320.46311103552875	31.617900912003417
194.58958516651992	312.4060680612718
358.0316445304998	269.5922664240426
277.4744787697716	316.52794511323725
119.56508115237749	378.7589432066914
349.71469558324856	167.53160058022462
408.1325623072482	41.705600705667656
139.84638551571908	406.6363051129889
417.19578359511775	227.06967956371022
15.209001133814315	41.79376385245413
113.58488376768145	44.63697612796732
157.34893961461643	255.76391444083697
227.3905875482094	356.94173068610087
142.25338566220228	292.3970679457437
410.16254358866905	279.3958911062544
147.2597104420953	87.37127527129826
278.64612670280366	24.64342600425242
38.883205758734256	54.45307521882497
311.19288999625155	333.68691310498275
400.44981826071574	360.8855694834149
111.59321012180865	81.84472668607341
339.8234159296947	320.45135251434334
31.99552089743889	92.80108906105527
226.510506412976	106.93719339975193
230.4107929867836	32.59829621762273
89.01822197088936	106.87653452888958
140.95035936168037	268.10618277541755
67.15854239737962	80.53368741248758
81.89190806027239	224.94936645366266
204.01801821322155	394.6056917839377
157.02471848760544	398.36864918376597
375.5130295625491	274.7091917488383
294.6431267032881	175.66602170300575
411.7896759917465	299.0582609878119
76.04025572611211	51.2358506884147
149.18932159252333	167.88152083195823
178.12748445095704	302.81445674866984
94.84793267795669	44.95236701823979
268.15399484232336	98.6228432715621
133.36589794379103	250.738391391364
38.513260427917295	210.00629195601184
4.557436697242166	161.50774035874952
334.9985913603143	101.35931069143562
273.92627650519347	416.61707325539805
43.148271329915005	165.93701629456748
360.0002734897118	118.64870520350509
26.30702796952014	23.639645444194713
89.5501922617448	161.92749828157673
196.0625904409995	378.363812415605
333.6809839203493	199.72439393777032
396.4553179557322	113.05776471174556
135.48034319751906	215.7387559887733
215.41079898194474	255.6647624184204
363.3911442500818	67.82163239600376
115.37934486922597	343.4802743201057
82.23180183481611	68.94427369780621
113.2891950683844	257.8588841655159
392.75950749973157	331.7110954138808
27.12829744081423	294.6770280216098
309.35317293887084	187.37937959773464
50.73650687327247	17.964130888492118
255.6937518179562	53.08544019676309
167.70927872714336	86.0257416301049
332.8389714398373	121.07953401444902
343.41279866886083	140.21633876117667
398.3494084599602	94.79160284530323
128.61957548799174	306.75312746491863
71.66217364044964	324.9577826974336
333.70563752973317	44.095040759902716
173.36989289559978	133.55589720207783
190.8062111017514	125.25508248697619
300.8109119991541	64.35765013268527
57.13812604795589	59.32391049847175
329.9524634058522	261.62280597249674
346.75010379343564	215.19172805849382
379.29338958705625	124.33988552582557
353.26987884692835	198.16145605091404
411.7050634546836	144.67081981554242
319.70774640680656	171.00016961490033
285.5699578100079	74.39380659110333
68.10266597123073	165.59136665746686
211.51193149980827	36.152498782052355
267.91523680125925	359.40392801684465
385.5426130538392	241.40482503701642
177.68401313301433	262.24540547032876
418.49951517530087	262.3381672941457
302.0073041892608	85.0146712240629
125.70692966992196	4.243448505478428
222.5328326453947	337.60267251416906
348.49915521760255	401.34567533701977
91.03042784497737	263.2101883835808
3.545562292140279	407.65340557771475
68.30655732955572	146.24542820697408
103.9511539346393	4.485684785974955
211.83477443761555	140.5898336585168
55.10099129254932	253.0659872878178
131.2586152267431	355.1825009899491
218.5405695396321	236.50205994026672
181.296285204701	240.46081964983506
412.9185878278078	180.98378987282902
272.10787479392025	394.81021899794973
229.69153589742217	138.12048423378465
58.69564694130803	400.5471638163651
288.70445463302957	108.52670279933265
18.123175856132814	197.67951251852256
159.57518872618016	330.48279821156285
14.522952312422722	308.5609079571982
212.35261508766098	174.0648385146191
184.4533242346645	8.46566795585205
93.39569328791526	86.4128924770837
305.0933474687296	240.48132363967355
70.06747366719405	100.31596501749206
318.97307495560125	281.5779486805436
373.2626579967598	51.10306591560387
12.99629361628152	250.313711935838
162.70071159038594	275.1210528197413
364.58199674597114	179.848712256289
194.9118893742192	292.7452822623806
194.45163502210957	175.73783512675374
97.5044644685062	245.89212603960988
15.586536770164898	394.2033335813314
101.54607732984395	25.19636594617508
169.74513650822723	173.89749938861297
186.24277066039966	338.49435191905127
250.5549030451034	161.34537135408647
285.13952763009684	296.731178328503
360.02236574223497	22.728793196794033
184.8435857114234	151.1882019220593
53.287847645616104	110.227134673408
278.33225591803415	338.3668438741222
7.745130473166402	212.3087888281521
209.87960105611742	119.30865836993826
172.87799766017025	222.209458430564
347.3519740599662	235.50710467240333
68.5890890262239	14.56945352288842
12.048134343650675	342.880799114537
58.03412866195423	38.15632879743233
185.32616505531638	358.7955439214283
126.05168064213584	178.13830969713337
278.35518811813307	263.20311138423807
371.1765877181826	7.019776420825024
65.867800594696	186.59433451547946
244.06422885982764	400.2084944114136
33.469834339848845	391.8420228279852
220.49055648025995	413.93907240901274
37.494980386243824	122.21058414681534
417.33993237729175	109.17493695178428
41.21050719318024	308.3029323664838
347.2125997360008	255.13884853175577
49.74922551185975	146.67038965938826
266.1075577553463	125.99007899496699
137.3889195190226	372.5767529373956
207.54958604767998	73.44917184794242
341.94813931098025	277.9648345332658
251.44867968559575	33.03345684594067
351.3821610146742	299.8236810429575
4.209032658581443	8.006680894911081
342.45951179056954	380.6834334034729
380.797326512463	352.75140717619604
304.3208274298125	263.33878362192604
150.4115141853768	3.332609386785459
302.78465464042745	120.16472040132707
111.27162137884416	147.50855995407818
61.37595510677635	129.66373128674329
364.28466573977556	137.60428207434958
389.67761064108765	7.040695890956885
177.8879381017435	384.5076271757635
310.2741534260446	16.606006833996517
52.521328114449446	323.09995102921386
115.3387438471031	217.0385100305566
241.50269856637263	264.2997924138063
308.5194818141189	374.6397468883973
32.72786220967702	274.35821572308066
225.94594270100026	393.2092868619464
298.82421948640325	33.66463430132575
248.90659322467548	359.4361241613196
406.57823495844247	77.69286302001323
278.9880295878108	239.83553717650503
230.40325731510598	73.63507457913715
293.8045449614514	220.57655973360653
39.75238994028503	75.7537538498398
249.29400761225557	217.58246375398107
304.2378983393695	297.07888720151215
152.15382176580042	356.5161639129828
142.33509764589118	234.0719237519027
36.80583318511313	253.88161930904278
130.2654754257335	74.66447987359926
244.84466173668352	284.1200415009944
392.9561761298508	287.9201819063229
372.41039300477564	332.7993797164775
86.78401940895283	335.1833065169856
199.39572715310211	240.82632408578436
40.19398305359567	336.5099408586455
341.80113773365724	26.935173832512852
93.16253968397488	410.1644014362377
328.6188213738909	297.09792847046197
265.0400427640208	148.48708595559626
86.32927204599834	373.09017296190046
368.20711903386757	159.25693883550153
389.37396805363574	408.0765527048614
51.540095789307635	379.72220674563374
391.8076381105608	58.012557047417175
151.28237881535273	135.3110686715539
405.5826315306604	417.2223191473101
15.084753906757012	81.21255653550497
330.6297877103174	364.6662351043963
287.0682446914914	51.566944400761464
106.57296263135716	102.37730842613944
67.06491916269744	346.01352091944204
202.8497214009378	0.2861537540428029
158.71278938500242	302.43459470516063
319.6239284891765	317.42020434307665
123.65030399915338	198.0887565315998
229.31443131132798	221.40799130546384
328.7571573384121	344.3584910103692
76.94819865829405	205.74663290568614
65.06251396819272	233.3320037491245
202.05557263194243	157.76640571388094
68.33720602662794	286.3156679201619
277.2834221045065	165.30051112775007
249.4343482488379	198.01722061912747
22.8963595021177	64.97781413758555
80.78361133549531	123.99154969925536
243.29756010291013	96.51130117814108
317.63161955286586	95.6811238243191
143.86106950566386	117.9511206265288
38.01207408793082	229.7052571323311
143.50358345915257	318.3044359267878
73.53569621189858	413.23728907733516
107.40142579514355	298.2326593614958
125.04386825033647	282.8950191361809
104.77271565804602	367.73656380106434
213.35242913456378	213.12100069176267
104.40417473180052	190.2104172624523
189.06282300877106	406.2740839831495
114.52200074145088	322.8929246369027
271.6390209571914	62.589826065272625
310.09413115352356	354.2779763302625
394.5817099824326	380.8517409324829
154.67029673984646	215.24304165209648
197.6667172304831	260.87499537064923
281.4429711154175	138.29310192808518
363.44509545086595	380.3557967263016
69.77554350229623	366.02974593611634
54.79577676710617	217.67639205935248
406.5235815425497	163.12228659652223
330.4912195544953	12.534530362764887
357.90152995518855	320.91100905556954
366.9281059054988	89.45248102165942
389.4554266978367	205.04285143955508
97.84873896582792	208.90071114797433
109.23602016302041	166.60283265463724
107.19237997153209	278.6145863570043
178.80131101555037	27.071373718951147
55.72849575339483	419.6079757671614
132.60287384569918	98.49881793911557
374.8112889988864	314.80293891710244
324.5312033390302	153.39673579403998
409.05375098271253	202.653309513134
13.050876926181504	118.88377726158843
401.0100033050843	314.53440736297614
353.4826767610231	355.19849232745975
254.21722217072303	414.9768968188001
188.26317378758745	96.95241890080369
231.49655494374977	197.27245235155246
89.17059242461508	354.07065592978597
155.41207531925707	41.189641010128035
