292.93191006944636	80.49889025222794
295.41998276383083	366.25956890648325
255.20236305150803	180.51059182499284
176.41482660326162	270.5613475052514
277.8843976007017	181.69861450462977
15.609022634921175	415.0833644118296
33.09635334700089	288.39425946704284
96.2546338744779	271.38957198507933
259.29265140190074	75.38451243816843
397.6773085303394	4.040214548616319
296.6388648612396	227.88454709430874
31.861080884343387	338.7808829178785
189.85180780210644	113.07155328943777
137.2796985709329	205.63560663888904
377.18503571790313	246.38743445550057
94.90491479374622	370.5496186527225
165.56590490913814	369.06317370013204
392.2370394766978	261.75165655986274
125.04511453627781	10.035746753209757
312.64180232468334	32.96839898416639
