125.387899610754	386.2529515697982
385.04056009375347	320.0754809469863
150.04891554203087	97.79165746930968
315.9832728907093	370.4689249270757
68.371529697279	125.35041328336867
247.58600651968737	254.5724477628622
124.56039715869068	5.795412222419771
273.08815029251946	365.3554987760507
231.36290610827598	141.28627322214
220.74662356823436	219.45488850319717
284.36154786081147	347.46937118083304
343.6121455429521	36.681866433930225
357.48486332731204	193.95971783600535
241.8965628391741	296.43315705462385
130.47361093460452	47.93591771687725
311.49070207021964	86.2747975835945
356.3629600203507	2.66859047758701
348.561719670708	293.96155668899974
171.61330795199973	299.790479299662
419.8765244530749	117.16207786342837
145.4854342345644	211.4983713582218
177.12519880960693	135.25539873601429
70.67245403280354	239.6394864169287
93.12096579713078	31.684149938716022
174.02377298977123	369.26856365181413
16.841648290913497	391.09270690980566
90.36969930775058	206.04213539147543
6.769342681814872	285.4280613008101
6.367960715263159	0.7697899380393344
254.59786681443046	167.64827248752846
0.47556589551692696	137.0299544903682
326.5788754343046	353.6645024188494
332.1600861061852	244.13457780068848
109.5470788161714	20.370136245540486
72.85386061518899	413.52284580393496
332.90158462596366	414.6950320498444
316.6713926124881	228.48961121452757
51.562853981969646	416.2994942796649
80.75045061416544	141.3487940448725
54.942048726878234	209.61140320994113
381.4351869726697	182.4632356321735
28.39231130777595	296.21920281066
222.25388579393234	309.19712677130514
215.8225940608466	0.7582625688723855
207.66685118658563	54.619444750095106
402.56143067646303	29.682165364748602
350.5361503917899	84.81282557607994
190.54290782231755	97.62530366514602
349.25406144467223	338.978929759082
272.17933874217084	47.94285808599966
35.727408160549416	214.1628293144273
85.55834397663011	303.73751079039744
252.3990131163587	227.0733462714222
193.93391880983572	378.39378538273206
213.8593777334455	398.87700643038175
388.1598182856617	261.06789089294006
271.52706542084843	402.09956464401677
114.22221585112742	294.5966190487507
36.24862176588581	238.74169107057966
389.8829269158585	163.3616900513144
60.07902290505467	68.62011268975115
91.20006448973832	158.9433811325008
223.09279794953747	196.67416345781947
261.18060556461654	308.5708924801496
25.505172900564915	416.35321024873775
38.67196629536989	318.51454754050326
309.1294848011181	278.49547916871705
34.54805845764123	34.25744581867727
0.8958855144028378	324.9765343915912
385.93432711317814	395.258598537469
15.037283745108276	35.57764667716454
283.1812880605713	249.45792372304624
214.70534981741713	377.9023737905644
92.79886552958482	405.3278647124135
89.17786704741754	12.685897640264532
241.38756983191652	110.49708027845108
158.0975651026288	284.67417977904586
4.5813616442095215	264.6420606144132
347.15495735334326	108.60612068939821
19.370365185915677	314.38757432758234
332.14489579904716	125.49027981181708
280.34927033054464	383.6867118287997
231.01958948292773	91.07360190782822
307.9118648653563	299.8695961735911
143.82508251721643	116.20520744537471
57.09398102438396	258.0137356164453
350.93297883865665	251.2752277437973
98.93540190702045	352.55494068245764
275.5072971955187	160.5640397404963
328.6201416672611	334.3899776555072
404.65816669539123	49.11413023217451
154.387035543979	249.28550272573693
49.31779484900597	277.3831870370528
252.577175173837	363.12684999302627
383.9842489452769	116.64917262317783
7.529807138370437	178.02954229452183
127.17437900451037	28.311253826373992
163.01916890293867	317.40372318797887
123.01543802599002	349.6428061337836
16.676990233713887	148.26928889719466
403.4139450186559	10.008613797855114
324.7979951588054	395.3509001205173
365.3296528911533	124.16689371465547
38.61073545931838	143.14191505895
415.3587063140627	233.31648842256342
66.43641442554599	306.8234790898923
198.23366772822416	230.8864731750823
218.46153332071344	71.46370422472683
184.80685221594763	198.73695610661787
20.12572701885414	16.918768037007403
194.66964943603648	253.86498451935506
272.0937762004383	224.83438189285073
63.35273005339721	368.0538751177686
330.12152925868287	74.5474107332446
220.51679752117175	176.51195033711542
369.9610139157759	406.733930294756
351.2256176844812	274.4169658918321
191.9493303490694	149.9296128429379
405.59003614559475	272.33301578030165
290.9267515344168	143.31446511692886
75.31407553954523	220.53837874939077
87.22286698716267	375.6724933032028
381.4215932301762	222.43716934487355
166.75318648073969	151.8964979629933
120.32011837135398	273.9243015033232
235.34221691849123	161.04017445749065
59.28630254290812	349.05471370420037
400.6086506247614	333.26626121203145
29.433525394316135	164.23889229380714
365.77997612719184	42.17908428091939
148.86178532323413	57.65722380384427
219.50430110543695	350.33542756063423
346.47217741172136	399.9203184672007
240.84784995345902	181.6957749806931
61.95838131103401	180.59116451604316
273.2310714443975	329.3774119639503
137.01396598655867	174.36088510935323
211.2833014537015	150.78399928535288
37.03090817009799	337.88864768043527
367.1165013125825	262.08723115632404
269.7129237707922	140.54305417249233
209.10418944766937	267.8654155095532
203.81956059427168	206.5082307810334
261.67799129529067	6.773159743269774
345.7099812213586	318.64272482361093
128.1970360088875	199.81074901057923
50.84128150140661	164.6131492501576
365.39378522740725	99.20559404415188
28.42408506755911	89.11421541939521
89.77197310616336	53.428112647254046
100.03803368034966	186.6939959526712
17.049983493775233	335.8284795185786
411.5933333215168	68.1101485734286
416.24506603904445	161.75647488298333
282.22659380890593	281.467678687642
164.608731713015	43.51727729605802
290.2858679830087	79.56074907251407
399.85417222490605	84.58385537822024
268.84656093753324	266.7904572728996
264.96000599563536	347.5885501990821
415.26303570860495	391.5432197803833
148.40778627170192	303.39620909299214
164.73331243657069	114.1902615980161
78.105434628752	392.7443966705708
157.69600023517648	401.94286359975604
347.28708503645845	157.05917828418413
201.78024924132617	16.966148209598117
143.36536025929536	346.475103950484
401.7876438423262	179.0115945221188
280.70681174056256	205.46250986095276
182.3296917248427	219.64503152463826
35.62427777152008	395.95539505709434
310.50576509564087	410.27119483267114
48.2811991618012	125.86698452903106
261.1540231797582	105.01733726718545
335.1198741424269	375.93629554885155
80.71205592707008	71.5988613289455
155.5486101022545	78.14855486372274
356.047703066638	64.92316792370997
58.64648610067908	326.60044507673604
393.5461988497573	239.78068714670795
73.71451361173293	32.6244606311935
198.62451106656076	36.453507196404075
303.95481543709076	22.30878448460741
323.6617903154615	31.553625898363403
176.08828684930796	239.65267530479355
385.61610725213734	419.94251707578775
401.7645063758572	146.94910912366248
130.7782523153226	248.99870157649397
92.20931106543935	125.23877118845682
37.50711911672009	108.05566511937877
80.77678774210524	107.05118253147677
79.56605935575762	356.8495546512152
288.93827953552295	37.89359836660618
233.83836230311894	387.0496448131583
233.12358643993343	406.70860274290504
157.4006132994014	168.8771620419612
367.48718711034695	240.817835870964
360.6204691474479	215.17750252381094
338.3216140621415	199.23099980541315
194.459000982989	418.6995362868771
180.05276849390043	350.6621460692513
205.85804280318055	320.1739863230897
362.8152598010993	22.684091893384437
93.29930337886205	283.70922791610104
264.30092620815117	242.9362436833696
105.29316179135242	0.916914379763757
254.05390992600107	126.4809798460897
300.90894998557445	182.6522290853789
179.94043469267692	78.32596214328856
359.0337408650596	384.66085284034534
17.19406480962091	203.08050005362938
27.395856063877694	374.4192581838271
260.5282946910816	32.32858254104802
329.308731548071	283.38235427345796
20.408033918639003	123.2962716609145
14.22446838005666	71.89772029347763
278.6237521166626	182.0050285329956
37.52686698582664	258.90188990374344
49.184404045021424	49.249234952746875
406.79642784377637	409.994413608721
127.46452067811276	310.2858019732434
332.53534730522085	93.90486562827971
113.91756996333136	330.77708465984114
58.15021252365628	397.0699828941239
242.11684483858397	4.353822170548485
368.67676104028357	151.2847566443884
179.28712772135518	10.684517261510202
403.15542343087344	291.55669831533
101.89464224833367	266.3948433566264
102.70529397714705	387.802183747224
58.75382474044229	143.5609708228512
160.49939843403487	2.9406783127166545
19.61176093643091	226.7342065097566
15.297031748622754	103.98997891054488
223.74966384224444	331.2340122381491
295.9727942947444	315.82608506371724
277.529245558326	20.84218818877353
304.4058490922028	340.75844508927645
385.06542152216264	300.4014067630457
239.16701495899702	208.81897991827447
292.88572161290995	122.94581079683856
121.59475988931598	149.8401050363583
114.7544964999994	403.1702555984639
310.54579590603004	150.09735322013677
197.5643309727523	283.7860633159008
109.65103066104457	165.39363727134915
71.03812364397774	159.88753634547993
118.26866126000729	227.9819402938602
147.05880774520227	191.57331064768016
331.3339882186644	145.58807401176267
364.0237576228879	365.8492721328932
71.9289947333272	89.70327989071912
175.35059116973926	259.5203086606727
135.49882558992596	286.3742681610843
269.21583652279645	83.77691391631974
47.83638235805392	301.17283201206243
155.48865179597036	131.86265827857883
291.991158537359	401.27134052953306
19.566337467812563	250.66781951653255
259.0040560145285	188.72338230361888
340.1215564977261	17.002967516583507
253.70570147181675	330.7851461153583
182.15351033364394	325.4488921852948
396.1114334213258	353.84355343082854
109.80567754623179	248.31830644846968
300.98966512194215	241.113817996025
310.6609578668509	63.590813461049116
345.7140318268332	358.11943712530126
111.86331266641311	87.24574348253446
409.003025424954	251.5689971817387
162.0137114228072	22.92855141350823
252.7137104139853	407.80550446177307
403.2902636286408	376.190281602958
155.15134715091398	362.1394493931988
130.80047262861115	92.03346801919695
295.10578206164377	365.55989179764606
198.9592129165861	168.04745004966304
191.3386106078967	303.5992983164071
335.74277641959355	54.506566674507454
122.2809030541909	120.10068094575978
40.777280012704516	13.13476223528092
38.88942463693288	70.31081108832643
363.6034659964569	174.25033131475183
47.74756078612353	379.5416326454746
20.222335933150386	355.1274332447933
214.10782076686067	242.49612562620587
250.21381331460466	87.94156592877545
374.0656478284714	348.0895496614727
308.05056407290624	43.45528920510025
24.49204922777177	276.0725880186794
105.40369645912756	313.002917543303
320.47639187969435	208.66904130052959
237.8853876048342	72.19019122968136
306.7304523248951	387.6528970144524
176.16531269332597	411.1251150520073
295.3503205830306	162.51643568897117
69.83336787450078	51.73389455362623
334.70966782935665	263.2923125849585
403.48690675892885	311.4615229327718
24.715259888212454	54.9892846598691
384.0277663778758	138.56191653958683
207.47347168834182	109.91538972126772
294.6678854572529	265.49581531786674
240.51317615549152	316.51025255997394
382.89921504380004	19.725172693449352
98.70687341252886	225.76952408873848
135.1074849218005	135.90284290714774
144.89200100773732	268.6424742665142
320.2301303942385	110.15339409147734
142.2439347537788	155.42054723327672
382.7195468116655	280.5965133476078
367.114476221731	327.87978893381677
194.3238173480668	398.6154174809722
0.02436765026339848	214.09930908811327
75.1923503911698	337.9895235729215
316.56533188701474	318.38156473755964
135.1512576647517	404.44785739681845
149.060221373036	382.54490325867164
211.2275292446393	90.4283168419922
415.5838621014979	194.38787488839208
225.20706586438402	122.95718889859226
146.33580592422635	36.61711121518868
226.6891348694412	16.882538799542015
273.7842420017163	119.77873876490239
164.67397971210707	338.5335142653913
159.320225276354	226.2438125233661
248.20558665893975	50.531260515183405
385.22396850588666	97.31550015452241
45.949322778069686	191.7266605809181
41.215060469533526	359.1952344290852
362.18104283006835	307.83592376799294
168.2162086809811	186.5278311526547
77.45958627592408	258.5938336399302
385.6732547414576	39.48893943692979
115.89764275824604	367.95807978372505
108.85321585213612	43.84783742475472
203.49903969388126	186.88844051199558
89.79647209624974	243.03947308346096
416.58656451707935	351.1998011797439
175.52537492376533	390.2944728103488
178.76903556842254	169.05807968165985
187.85793046165426	117.39166755919769
292.6945905352465	223.54292147967138
280.1767037789162	303.8009256473286
143.81872989031848	326.33230040403464
300.6477857937093	104.67325286431789
54.28996927940189	30.01986829159123
216.9079329256307	289.33643191247717
93.68126128677658	330.05355376773537
384.0874250420316	372.07158038465496
197.1918029740155	338.73402057312546
2.0383430275275285	89.88267038367762
253.65222284874298	280.8861583692974
258.9665051138565	208.1580540418209
100.01897502879198	71.23110613012177
350.3469231172699	137.1487606771735
168.43797869163583	62.684665388699344
136.69723472655014	73.22858292672828
322.2253783698623	169.4906303955032
280.001307642117	100.23676052882072
331.67593080784206	305.1049789787469
169.3061481031755	94.56509695305597
26.702909301710584	183.46619998098214
341.89567102906574	175.76862169224634
109.64620496843357	207.90101290537186
259.2333147284024	381.7979710010942
300.076278395647	204.59542017356463
102.94517449811792	141.46311580682016
292.2670989133104	57.65637287965111
372.24074588032676	76.17565633195044
165.94989863098036	207.2601880285731
217.93303105342252	36.93462643537941
177.54473229416297	281.17771597211066
320.6641942537086	11.706093138613069
235.3759330477596	238.66726064290833
262.2972122849774	65.5707207332092
139.98042682614897	231.16257678112893
291.0428817209435	4.244119448551269
240.31917092960688	32.65991056043822
102.47802958397914	108.3802666636263
81.43007732206307	179.25268960010317
228.15498434653378	257.47263330714213
135.44013841272485	365.3709824007634
250.16794098746928	147.3982720139383
320.24729291007463	188.81478262883252
231.80688605616413	366.5166112954466
68.96843745990235	12.528842212794848
234.56490293002028	275.7053462329881
203.36111848278705	131.84587717991596
180.20109751712448	30.032021056857303
118.52068108456801	65.54241891035136
54.2770882943319	229.26721627666205
227.82177872260317	54.4536964479869
239.8508791148557	345.4308279966174
143.54564822988087	16.00319967546432
312.14470829818526	128.58331450013912
57.335152737063424	108.32041309382832
71.22301624936789	198.83239299885864
72.27546201587295	288.04919395575183
52.13994253619237	88.22986220206664
200.12976915109783	359.22684784338884
0.2948796995270236	21.59019511200163
403.8026208604646	104.19600424517414
342.1047445206517	223.7134132764642
395.5795290684627	197.6273587973961
383.1538288541092	59.53757308427972
118.93574612325641	182.72387288409882
186.2320992306626	54.419146919832386
92.01039587590648	89.00896609791212
401.61020641301974	126.43942727353875
5.085926583280837	370.51616501561284
5.118309913275056	53.50770271248466
199.24459220264168	74.40390757206478
375.5689610176709	201.2667311088344
315.7510872778318	257.21541899786854
1.981535157847279	304.15165822897495
400.386542189575	218.49504284818428
