217.02192486894606	61.69047326385048
402.09567807467835	395.85168299945207
372.6801005630951	216.47003225423947
344.97959654213486	350.97082627696005
410.5000850848187	339.13039076161533
166.34887766084154	181.27548339610465
271.3561520483628	43.30980839261294
99.37317499445116	390.04518134585425
167.20707614765928	323.5594326466887
384.64002705815454	71.01691200801748
310.37232099720273	46.665209982571916
232.47816664416985	158.98093676287286
378.0780475969836	99.07826715245228
212.09637729226037	21.160230771881015
403.7609984827454	22.41346625609852
132.56137187784958	51.1755793482971
22.701534518191956	157.5531943371795
334.34212140109594	175.53196764198398
260.15154056010385	248.70316511343734
24.305236219983115	178.6999010343945
159.41688683103328	12.968578853608681
4.6825319530344	27.691486912977687
118.39372733557862	237.65780432245384
129.27384680051796	131.8757763221017
302.99516522157774	149.82637745140752
217.52030171837274	319.15711790152085
76.47710547583372	302.14882035836854
201.43090816868795	104.00507501071667
116.168357187427	112.39015954355436
47.394017497995044	268.7244631698686
269.4418895304872	375.9614671124945
240.83569721298883	177.57683307331303
234.50129104722132	307.5617699284007
166.73394110526385	372.46706743882135
151.57777440701176	58.617985716988876
18.142488958608705	369.52566839917694
100.96361509225825	125.80776678654992
340.4691169308996	88.14044503474024
184.44628685925397	186.97928485778658
296.67958753067353	363.0811622434276
32.216555612186895	3.39195377252174
89.91128361952471	187.20240489559146
22.535083213666923	407.08237233250856
206.14398324208938	336.4825117037929
52.96063196680403	92.09011234202204
153.6780953616343	97.90146181872163
132.82611382625362	337.46631862485833
246.00488587255774	140.5247553215496
237.31068632311303	61.76518542274311
260.1800595447923	178.86765055926958
373.2029393998098	297.3156133009786
163.44228747772868	233.8662055258729
290.6428730535222	407.95261243415234
141.19120844607696	19.252630099165607
83.09964748875902	284.29411614212194
174.73748602948874	41.679705929499015
415.43107204628285	377.27972883423996
366.91722934398155	237.45332582823724
49.338228162026994	361.71766227011994
416.1183498852334	81.15222069118794
42.876100322889194	289.2018849384297
103.29475992537976	223.58495531414513
202.70195761987608	355.6970404748016
235.47601331749834	13.062255925399358
269.532213774352	205.68064300265434
178.3469125618393	60.17257388965615
335.00128678235166	219.6515155030034
329.5205852826084	240.02242342471354
196.4519964832011	209.47372916198353
392.00657317518045	227.07811559970088
90.07200789572344	13.495229841075487
206.00902111255442	191.93417683331987
253.05801519604964	314.1928922056438
95.09340351762648	143.65121861488817
370.067069810533	370.33602832850204
341.74874212907514	67.68299105468077
36.014664925254664	36.00790314493637
405.6886427590902	249.8036852188759
72.83293266919509	392.60250222933047
291.77305791530534	320.2078037272419
42.22746643088395	189.22621926248775
209.7898664689767	277.2954540135176
240.78478303127736	242.83013821089074
76.35062379756242	30.500098528246134
9.272035829168617	284.02914184251995
187.73539923486058	79.46619926451655
392.23278973392064	145.86648937624895
261.9557058362558	336.44473463519137
290.49506370735264	8.940099706385887
393.9387725581045	267.91747308172836
255.9923902984586	76.37187392901889
278.7186301968612	186.34632185494024
309.41852581217614	413.4299923283926
391.020929688058	189.05227890820785
373.1175468720903	195.3358376503906
384.23632237424425	171.35665029716466
285.6893021139231	277.7694206319316
306.12461422639694	392.1093329554472
236.4537902934949	373.11444765740293
21.908810968576933	232.79036329182696
155.3676753081788	152.33966253355632
305.20682965190946	125.91191732425708
381.3423183513626	28.515008255215786
65.9572854897237	263.8881429882345
57.58003451985609	303.4423359115849
266.7016814909401	231.08690026622335
90.16969224053277	316.3733620420974
198.6288594919044	54.112229287719344
323.1064419551247	400.2808843817544
356.95015057371876	100.94944887523693
234.360066403658	280.6487447752479
120.80983239991252	24.37400540015649
258.1001876507224	12.18639062070187
349.7167004685629	46.52453109409299
219.0905991387221	294.04970005944034
264.2107486429374	269.45577267840144
197.2565360614066	33.44897827314594
290.8625760419169	200.60827132566885
322.8677199519103	71.20950488907319
268.8224883263242	290.5726902392056
12.916260445737233	139.31226358547474
165.57879279605137	350.4421784311442
169.9103264659436	279.74576348008264
237.90838371161342	117.96553210709325
118.38552716162818	409.55113964097836
417.30875212023244	117.29100265439564
418.77691147178126	357.14086924416813
366.9249841260896	257.13991671247265
259.0300157215699	98.80966983764223
217.83534745482572	380.00689528101253
169.49451898162104	117.3455305673435
350.4872270755579	6.214281567771355
202.84931901309014	231.18671830117037
163.76677833142713	414.6631996923193
5.462329207141808	64.91529378397308
30.678541250829216	354.1114874051554
309.9000313650959	215.76607001535766
25.68671616926983	321.18463640338626
105.64012206738501	61.01050001088714
287.6765299800561	381.4784243502486
77.83948171655322	246.5912499212653
368.8585331896336	405.63987929528673
136.61603056847946	160.25797126684265
241.90383145465427	346.4383341018045
146.1924869216969	195.54460840659135
383.473102732303	390.58297835358917
321.8222359805949	28.026276437123506
197.32414381307845	314.4065621831685
354.0758658305309	271.2917611206926
272.3986346170695	318.11377744277826
120.35915645770662	383.45642501819555
344.0414101750508	159.2520078325044
417.8740578848671	46.46618797368087
135.88271682725804	396.72258160620834
1.0005031527210153	231.1356449109547
17.197665649397077	44.29726541820661
115.31576828019912	43.79001060061544
154.84440207793907	252.75072522687043
222.141009540871	350.66743853937015
139.68408198091694	290.54695807928175
407.8149610958801	280.84117243856457
150.5815266385335	78.45602526705758
276.4253659863289	22.37598465720656
41.956736782117964	54.452273181980125
308.9300522157986	331.31336794309243
398.9291417507569	354.1057396691287
111.4010801399305	79.34843269789101
339.889081592115	320.50109443791183
31.177953978641796	105.20162529939283
222.8844998451098	100.0997707461848
229.2393366129493	31.576994385331073
86.5539839248054	110.60610529261436
131.60422772420088	270.5801626344351
68.92090450132152	81.03719937975008
81.86395256741567	227.4918345015032
209.0410535483786	397.42625966611354
158.557079547335	395.6253026636019
375.10097755642516	278.5152483535013
294.92982223345746	168.5043196497659
413.1004153852267	299.14263475127257
71.43944112204932	52.37520078665511
147.35710758995785	176.8630982144726
178.04860066980348	298.0005278327942
90.7054180957915	49.15824210261408
278.43682126486726	97.58835030210199
131.9583404582056	251.48924785195928
33.90583954377919	212.23383728323233
6.065726894892931	166.5095758667477
339.5900087517641	110.92831099682111
274.29411071818197	418.99626552614774
42.04771446980065	168.0103198654961
360.41804848964966	120.54047005430525
22.715832447062052	22.399981413689424
87.86412786142834	167.66865529119514
199.7051619667888	375.3118778653443
325.8127502846907	200.14720240032423
400.1219899190315	107.67906914419038
144.81189439373895	214.72873909455257
225.3162819232981	262.4933261649882
362.98344333165716	63.42206561292711
109.54159055749348	347.45983291613123
84.92460674387641	67.03228894468239
114.17781882282686	261.2111894572212
391.0409492682096	335.5563751912742
21.204584151843907	300.1513771364869
306.45707847967384	187.7433181560314
55.09110800572073	21.26067766208675
255.16721461160992	55.16429490426193
169.39340974297957	83.03653081927752
324.105118967377	122.23178825478345
341.357155636806	133.52728192281515
397.2359971331154	88.79633904639172
125.42229139250452	308.0165980277045
72.43486311899909	322.6262797734506
329.253918981986	51.4596394001353
170.1885850930977	140.50376449661465
191.16271549149738	121.68369612492222
304.21521764258165	65.18249264963677
57.24847714087075	65.89697886224121
318.2685972812783	262.6259434281498
353.7690590550822	216.27466523652723
382.3832841061228	119.76616713235867
346.2755018924731	198.12971569739247
411.9471936443139	144.41243608966352
314.5356183980114	170.8500510747849
285.30650528107765	79.24607838920853
69.11785340315751	165.7257621029371
213.69956452079614	42.799060999179474
277.97652379661673	357.5349672790074
386.4782403662398	248.86351261882922
172.48144550675616	259.91984919639947
418.876376261221	263.7949767633004
305.5804110643039	84.27338178337091
127.23660414274563	6.026004424416876
237.78906888614844	328.21137582715284
341.87150159865524	406.7845808057737
90.58455295141596	264.4531611252271
3.0370145990618775	404.0972933716823
73.88327161854009	147.30485703937532
108.7531899027874	8.896587689868579
206.20762175226923	135.75540178314927
53.02960889193346	249.16321723729283
125.92192022632946	365.3940499668877
221.33800085951611	237.64234197022904
183.06620569927009	243.75069985954494
418.0433612841894	184.024523639957
272.8268591358131	396.45050529335884
225.92678650733407	140.23246498325136
48.27245626566909	395.12196171013096
286.7260641854753	115.87562465439177
21.856041990741943	197.46006344512395
151.84349820280042	337.65421272396287
6.455192784690606	316.3771096783052
216.15022794943965	175.38076082763476
186.57358799222436	4.567960106763256
85.69112606281956	90.88487975296206
310.16701026603874	235.04203992854383
67.41361843381621	104.24561845538088
314.0651874187121	286.06745474015617
370.67322346485145	46.32513026281768
10.766061360844411	249.02918786951037
151.25680468587097	272.4245724777193
357.73354698574354	182.11979360430408
197.03314392942906	293.06500007386825
196.70329753741225	170.85008579344608
100.15189780974211	242.98273202271807
15.864307024814899	389.33106306370297
100.42724249761743	29.1578336597037
172.9190595799822	161.55324940260644
185.6818467122878	331.82102252720375
253.03620265787168	159.53513868011314
284.4872743193924	300.93183854896245
362.82310020953844	25.11225785803734
190.92476959279728	150.9022187816059
49.42951929856478	111.4657621665576
287.82394706658397	341.2873402957888
12.201284498806388	216.0123147351472
217.32645488124442	119.03981121349656
178.55799558641516	215.46797655308026
348.3054596235895	235.13804375794663
71.11593459924964	10.31025500330795
11.2855419729835	342.34827650905265
55.10747828246706	40.34305480543839
182.52079218199137	360.3491020981473
126.57733797935492	177.0475571348298
278.7812679444176	255.64914420830337
370.67448024374426	4.359818966137353
70.42312125478435	186.9378409638861
250.73644473561174	385.23078645428296
34.1233780061406	382.635287883019
223.60304503569867	416.5726124823283
35.34300525017481	125.57151248140754
6.976280761669102	100.75460394682139
39.14326186022345	307.9133428078802
343.8987608165898	255.0871091873806
53.69908975005381	149.7351926332311
269.10380887587746	122.66402836700443
142.45222140796534	375.1155886471469
208.7206446788594	80.19879441841874
335.30514828755383	277.28273411209653
249.43227985928758	29.600928734568267
347.16334586431793	297.1982843383087
8.637836919551601	2.237671898493219
335.247250359397	385.69586223662867
379.5042244397508	353.57590618046373
299.98905276588243	253.70797600140946
144.60485283614187	418.1309256985845
302.8025756149619	105.72284657731151
120.77703482566041	149.2120263484744
59.59609056107864	127.16431904617902
369.1114122925252	138.4227913278685
388.80142796609726	10.775859991416416
176.71187605308864	388.9785832158614
310.570472456213	12.864462573844634
52.61591621292386	325.5992164870905
122.10478859128875	218.7505741265066
244.40715137589902	264.075038679746
313.8657687451871	372.9834389414782
28.839800681303753	276.46863403240127
231.5747679586742	396.4066125422729
297.8280600832934	26.933362122995227
254.30388540052678	364.07863812344937
403.3770521422246	66.03771176369665
286.1869062310425	238.39369952869498
227.2695636056654	77.64142327152884
291.0625329684457	219.9729847829107
38.97258934986529	75.20711880302574
254.42348578269196	216.95056647134462
304.21215707527284	303.26662898540513
141.1331925689694	354.32127474317247
136.90476251460808	231.86806358767447
32.06195119803445	249.99631213220664
128.9757990889179	69.90663640653327
248.77649764470758	295.4001087745351
392.2011504843836	294.7988414170104
369.91893342138593	333.5892370638314
87.05230806021446	336.6362025724669
203.85849608794882	251.9374760078555
37.06064466119889	336.04603466597985
341.9104917694408	26.397157336743994
99.61614885397107	409.05535647151015
328.2391253912354	298.40387344725985
267.6365453593192	142.76901338749306
84.45793134629162	376.2346814688548
363.7247994131815	160.2163902328525
387.63683760426807	410.07188481662956
57.49463622528244	378.85318178336115
395.5040018935166	47.061783599835
150.88075578728842	128.3978564352547
406.77808480106756	417.1605243742597
20.91775246232399	86.97856025947102
330.90035813875676	363.89826865039146
291.0608453857378	45.411302537657896
102.48860811508662	99.08581699653622
62.74092018065558	341.33695775276806
205.36993744413127	0.9032418299065557
158.8603879725173	306.5647567904891
321.4590840569403	316.9937967687313
126.87716737006762	197.74872789783907
235.91782951026772	224.25534999107438
329.93506759136403	338.2286583264398
80.98343535437463	204.67823757962245
63.27285441606924	233.23474995524035
209.80142414178812	156.614972681394
63.27854940094643	282.9865845007017
277.1789110125583	159.0202735579068
242.19197454649577	201.06350919892398
24.547114039426425	63.28056026955157
81.80831276473776	128.81500266495556
240.34885994125773	91.3586714962001
320.6231259071817	96.33802746775979
135.4572925343197	112.37629283786293
44.57673148661301	228.23975053680573
140.5726456023583	319.9576388747944
81.12678135543624	412.2732005928183
106.90112803420803	304.64161923077165
120.09527488816434	289.5499707988325
103.57208282524971	371.2134354572864
217.83655380080896	216.05886837047
108.65847785748916	184.07918796992152
190.60362564063595	406.3104185841096
109.5588303546041	324.43198863262904
274.9537762958716	61.97476572311964
311.64136129738324	350.30262114455485
396.3883759669921	376.0834250730906
162.1147983159989	205.36659909422445
188.26768050117622	271.00694245597793
286.6711122296408	135.5082690699257
359.1691854038515	389.37934996822025
70.93132852847386	362.0957210621675
59.16202397560199	214.10731202084514
403.6594664615565	163.69152993539072
329.94121636360296	6.151639268031157
359.1219212726027	315.4641738659924
363.7060919871049	83.07072243645696
395.216790553237	208.10940037846248
102.87378996818573	202.1527360100299
108.62770759382276	164.94327333193633
102.15750708911973	281.3045649950894
178.07352709336413	22.679297501197638
55.82835588526952	417.51999747542226
129.31647532933664	92.40439753441181
382.1609655361763	313.75035828243625
326.0161465797815	147.51835674833345
414.68800394269147	205.50731328608626
16.102565059218	118.15403483701749
406.57673357227435	318.95116101661466
349.2654915503392	371.11234282857305
255.27977621052455	404.7083811351579
183.1804978109555	97.7142243404743
224.77236869324688	192.66491849435252
90.42827724289279	355.6235073428189
151.07467933251075	35.80525436961535
