207.21166940054096	61.42611997380498
403.80105854073093	394.18007057757296
381.411377913789	217.0469778353548
349.2388879055446	347.7850995470646
406.8681514915697	340.0681306751467
166.34304838477874	183.74603760276304
268.78905590408806	43.61067430990601
91.5152688516575	391.1475448436536
166.82083393217312	325.4898271815989
382.4532827920359	65.19709098361528
310.5217745612777	46.30944015238841
236.15278734239791	154.12004840483723
381.8599722775807	105.46119689560295
216.0680602630851	19.445266580651264
401.2487389951023	30.170832307827364
136.35570499125697	44.72167106905015
27.07204304350948	154.78220648853716
339.16839332702233	179.21907893314585
260.8411350500214	249.08633924051313
20.95222061085468	175.3765273586041
160.94011069472188	10.606498742863197
418.7836274869006	21.71483870370546
115.32747121438614	240.84435724465206
129.60092955277435	129.79441961637693
304.523215911298	145.35639381508201
212.60277051650343	315.36754853665497
74.2900129976962	299.49754521421056
202.60825609704986	105.17704626564591
122.87635300652262	111.10668987322708
40.592504585442185	267.51388635275316
268.9869181371278	375.29746942500407
239.72928831427126	176.09209523178595
234.34025012914475	308.5921136947498
162.85661352361538	371.962753727117
155.30149765460953	56.19812080938829
13.678942046547434	366.94496355585045
102.2751799740947	123.97605932318879
339.37088153762613	89.86057047486493
183.60697970253378	192.52135128876603
293.01938639877096	360.7910844641597
37.225345051927285	419.27976763584314
90.94427022952486	186.00111271216605
21.779380310256396	405.2149407717611
206.02353910771285	333.696335619831
48.5322617007071	96.66460841596538
160.36058143112336	98.86033063298422
128.5574152899474	334.873498514177
245.37243564846784	130.5575720260232
226.67152057150136	58.87857366912632
261.7999635120708	179.63043171046186
371.51003773664024	293.06882296022405
167.21427058926918	232.75633226597722
288.86217729306645	401.94624996763565
142.26970523238992	17.565451538589834
76.55689068825117	280.13366503774415
175.19533593170496	41.78803911886059
413.9805149221845	377.24546588867884
370.57827388031575	233.22746915332996
50.05274752748958	357.54923205811536
415.80367376538675	82.12293204641853
37.59276534684391	288.7789540708154
100.2029071692832	226.3033025880773
202.39875651063306	361.9674545578097
236.177702241368	13.64163986844333
273.0590647353071	199.54383842368418
176.15255465670413	61.436166645283556
337.103054638179	215.53142185309022
329.4465705023266	241.8750376819464
200.9130452485108	210.29776988273372
397.9664139288229	227.13680956039786
86.9243198211952	10.467572252586837
207.66956579051822	184.5427509534245
258.03562767291055	313.91529594849607
94.23939201775319	142.6505679732908
375.97272356575	369.8169122393652
341.85559511455193	69.75835008699728
38.04594420200719	34.72326358152661
414.279929657242	248.5803213621322
68.57206733447461	394.15008069529426
299.88827139660265	321.535178039959
42.64971580564053	190.04811832480559
209.39990510786063	276.02627712874306
239.67883829018155	244.7260053292703
80.74937365553752	32.425060378033265
3.4755926145903078	287.15980389545814
185.5436522009397	80.43391863012509
388.2977879879814	149.3383212455487
267.46077970908976	334.5954638516647
290.8131725674983	5.022746741364602
397.40871047806434	260.9029016495329
257.6499014426933	69.90114348104133
282.16372956289786	180.6252777981015
308.6583010779749	414.84844960022895
395.53954227733885	186.14288713433058
379.36291411534984	196.64038433742488
380.75979604629055	171.27465410189689
287.11211836775846	278.1305212472542
306.88390788089634	393.1520572639524
233.63543933459968	369.8754269514405
14.563305139583397	238.7392407159843
154.4676174190008	155.96262858596106
308.8130846194013	123.63323245602132
381.94103644292073	28.71258867137512
64.79852081296639	264.80050217908064
53.285961901283365	302.14494679501894
269.205371058926	230.50108979238544
89.67099007371876	316.55846275030774
194.46404671501517	46.9220703479804
327.1600809245782	401.9756267537724
360.67359751034905	105.15765078531923
229.22625323717156	274.8067749167385
120.12860654178333	26.06457289865504
257.69923683738335	8.094267783795297
349.67328219431056	46.03669977499922
219.96731653638608	293.51181499040666
263.21379622192944	276.2129781632257
197.58398716390556	27.909158186826325
292.6163331764081	198.28310986816467
321.78368964363654	69.31006589925799
271.10287793292554	295.27244566626405
9.984490221523565	141.7048989996869
166.0343326557765	348.1345604546564
162.24521620900197	286.96087316056645
238.98610048807873	105.39198346549776
115.79625508105926	406.6670434259555
411.45398883239807	126.0598983861642
416.8302652459966	357.07366610392705
370.16695958779775	256.47673455911644
258.8296303312313	107.11566505104679
216.05429808512883	378.69759395939366
166.06617802060111	121.70545844375063
352.8569426197875	6.974097992870042
202.5313104921063	229.51060910112614
168.5722881422425	410.034331894442
6.6637568601911035	64.31375019152425
30.180430062362007	356.15373727686125
313.0641054325217	212.9987407107789
20.531451325886824	322.3099970254967
108.22573239817902	65.48174237650927
290.5700419896091	380.6864244569975
73.62546847184375	247.60500247474474
365.088143092883	411.33236075746544
133.06512657720552	149.42358587687906
239.39499876559026	344.7282344617893
150.3311419117423	195.7737182798148
382.78455865114233	393.49096625408777
321.97805745005167	30.804332686268467
188.16220971231567	316.2815123489641
359.9954997010174	277.57786696350246
279.3830519810676	316.47742258775736
117.45691604922078	385.46694266353967
342.85700444017095	159.37241288802775
0.023327661483695663	43.83355561915559
133.13281729411023	397.29899311187006
417.72277001975635	228.8495221519746
19.757647497401372	44.2572058786788
116.0117163160921	46.64042776303329
156.24249982153023	249.40808875375626
221.56565833352778	352.4602494859524
140.91494697433967	286.1352895227809
400.9261040126428	280.5154575465761
146.3703675198991	76.5070806650284
278.42045744643235	22.23216400321535
44.589794167587684	55.357037630695736
309.5295767798964	341.03710195668106
393.37453592500395	357.07998296042297
120.89718491216571	85.80433611649735
343.17670589668637	325.45968445076113
23.099470299723734	102.71015405582754
221.0147942887024	96.45214928564916
234.9149794504116	34.123136861810565
86.55790904736936	108.66354038203156
125.02032887086516	269.9666517968615
67.15122732311764	86.77485183348202
79.93521031834474	222.96251519727582
213.24878991825267	399.1641259711736
154.12365748383058	391.6932235925276
381.67777337976077	276.13641757592126
296.8744669304501	166.50350663655254
411.1153878463363	302.3793096630459
75.21837444876958	51.05200709524737
142.83345380460148	177.52503766126497
179.8646618182208	296.2384938920138
95.9685807963722	48.95068752821636
280.88932253445313	99.78342566340316
135.56469443581952	252.20760052946395
38.687047359261705	208.90939480908557
5.068667736549327	161.17952679093014
344.7302114849157	116.38647138983406
273.270504498418	414.98156427728634
41.440053988347394	169.84398116856778
369.56846633541	122.67611770633769
26.69070692782873	19.060766783932866
82.50229333299716	163.45454447472576
191.2594799993831	378.1457796474391
325.4317845412326	195.3206099468737
400.8008470948916	108.9206227724696
150.70151049536418	221.3930697399368
222.06295938366543	256.5137601839244
361.5488898567591	69.85427161147301
110.6955431247692	351.59786702066407
85.56711304394229	69.31332812114888
108.43792634665694	259.1747715950725
387.48456413496683	333.8622780602308
17.24538264365222	300.6271974252092
308.6054803351798	185.5336483750414
46.72464349740711	17.237012142440268
249.56106439796318	50.546104849970384
166.10439344397733	79.35372512309696
329.74045076377814	128.91988193713436
348.6714661727927	135.3644843180537
394.6725012271596	81.52925042151963
120.68532929825761	312.53340889902455
70.16704194793894	320.5493662652244
329.3745903181517	50.97494220648435
170.5904000838271	144.5152551048187
186.21825857203353	122.22838262076048
300.27949191637896	63.308462388471696
60.891566682237666	66.51864616662951
322.72467938396215	262.09788354080825
357.84183989059903	216.17893498057748
389.3366520803664	128.04123938168553
348.30090431827324	197.02308058352503
407.63925765575084	148.3057934000833
318.9267439007649	168.46458857752307
285.92105745323107	79.22067056105263
61.97544509301429	170.53052510667794
214.33782114294283	38.69348710421042
274.59138204895135	353.9049223728198
386.7919260066594	244.17924344630907
172.00298504348004	263.7913346978227
416.95578534467273	268.41124189320715
307.43980152431175	82.968922405257
126.05647041183676	3.297038161221431
225.40609914398917	330.28328164377746
345.14670993770585	409.0020284241833
89.86925230925588	264.19794366801653
419.778019640337	405.83484654135003
72.44628221384392	146.82630984251352
107.41977376643109	11.199878159472844
204.33572976777052	130.7038907271182
52.82772795091103	247.98913438820477
125.61796519657271	366.1626382153186
222.61350765829002	234.4688845314251
182.0863863331918	246.92563781283636
3.828015715838171	185.53796867502103
268.38848934183255	395.81520896824793
227.12891924774917	136.87980324770365
39.96327790817805	394.4279623707234
289.05577792659255	117.36336397448602
20.0077685628429	198.9482574978362
150.48017239998308	336.3905120133101
419.6233453798026	323.6382324803399
220.00758096059	166.77058732861929
186.77165100478234	3.2548529085894993
87.25036971870263	88.59255528432993
304.71917076768926	237.65582251782516
66.11042098007813	110.03396579715584
310.48723763516	278.53353717939325
372.92438526072635	47.37635607088794
15.553299682634506	258.7691356285495
152.54517690979333	268.6490457091415
364.10932005747094	182.8727247915746
200.68166176282566	293.778080920395
192.32401515094716	166.95948754193475
93.05587209812577	244.84694317027356
12.890504463098527	387.14483741385055
100.43614753170822	29.733652697329948
171.86587458141514	164.1713015385624
184.28691299442798	342.0047806890704
254.32624408300373	161.51183901925464
292.9291422744068	299.83516318418987
362.3229769425464	29.026611795700827
189.88081309456302	143.79422469525397
45.87406894408631	118.50875238473986
289.03272473413983	338.06320417978463
21.863844870754146	220.45815103923712
219.53361532725006	116.21611741097675
184.55858369581125	220.83423888174858
347.37384874373595	233.69856421202033
68.25161542603963	15.575484712299371
10.329211501632916	340.5092424085335
58.47485165120194	34.19470624137258
181.53115631632414	361.50476230024515
122.00361540009449	169.96001459265867
279.8839466102443	260.2912023396976
371.8448479029476	12.3031163477628
62.6396021682006	190.3114559858173
250.17823769629393	380.77930212521744
35.99404023053638	374.5412872485577
226.55617976099416	416.85241148164016
33.50441213609471	136.35848042912056
0.793812860258185	102.09552956975293
35.291882415042316	309.771064636433
345.05530319099495	254.57751912955712
49.32802406366203	152.22185370741997
269.64988075039383	124.04575641900205
142.9935855533696	375.73357329514744
206.45460028901124	83.55180873349146
340.17731997084593	273.52700462825777
254.96886753029872	28.357394283108988
347.33355812355046	293.8623599252993
12.084055404959278	4.369017255344676
344.04859626367227	384.26293447145616
373.8318427445193	347.8837844645475
301.5273081451543	257.6445627317033
147.95015564549334	415.8783283206728
304.0052159022271	103.01459662534249
113.7046264566939	141.30727413859185
58.90608707647559	133.07279417461322
369.58791868123035	142.06621924732758
391.577326247528	12.008515006955813
174.8086561452548	389.14985299619485
311.8373387184367	14.120312093428831
49.87696301436868	322.59247536129175
119.89549462223468	216.94546192516498
246.13249837533053	262.90415209720464
324.5464634110125	380.1852160773288
20.375071450387374	277.58057940925744
233.0846522529909	395.9924841158115
298.28714539042664	29.072088963838826
255.44681827169606	358.7750995234353
405.06879772140405	64.8604126586623
285.41660490536253	241.8766060518472
229.6804355141049	78.48481296969159
287.0898251652011	219.96618830523929
42.38560946887705	78.36533873427227
258.6954794403203	212.71913377916266
311.4760920048475	305.90189557101127
146.46948970994683	356.26180640724687
134.51879608044555	232.45142356803575
32.46462747109639	249.10598676739536
130.26750076446672	63.057492332662406
247.45060595642502	289.0329773232816
390.64949320834666	297.5673555939347
363.3288507714928	331.6483008274361
85.86758010000949	335.91114703858074
199.99666896041768	256.51552016024834
37.275481943232315	337.236158806896
341.81199561140886	24.11843160276383
93.47773057114985	411.5898711733945
327.31656488444094	288.79593386809535
263.57148941896344	142.71144981505174
79.6019056103825	375.95406095889837
362.7085461806487	162.62502013993526
394.1394018612596	411.5612819767669
58.468301076939696	374.9252158019255
393.64490345097516	49.079921314986365
148.32273584617712	134.16148223340758
409.6406919182597	4.488285642073341
19.21026159788309	83.37445738571631
333.5689826218278	361.373199845812
288.04082104952965	45.55557941259365
105.15988364858013	102.75708499720942
60.39571443398637	340.3148733690515
206.7355568692144	417.7701076639542
160.16990950574493	307.3195902918897
320.5913168861779	324.9863199667768
127.265373082654	198.6591110923709
241.10742709538349	223.53455462869448
329.77989139351394	342.26044596424384
81.15893039763621	203.32175330235043
61.56302402970455	229.69433850900967
211.56103449432683	148.68206394522963
55.96173128730839	281.885886970905
280.4224861715929	156.35165841025142
246.9090940925003	195.97346608887364
25.844281498307247	62.88129798854632
79.55696400055785	128.61291415529152
247.6715889298078	87.81095773404422
326.02500291088677	109.96075315780573
143.625257098571	115.47171946808284
39.817065569730815	230.21560255012227
141.10955349891015	316.62354981263775
74.21313103343077	414.930747007869
102.79797267834694	301.7621159940842
120.31283203445378	291.35164025880664
103.67648764407333	371.58589570390285
223.81183033361395	213.18244078504918
110.51541195238961	186.40931770171701
192.8844108483035	400.07643160383907
107.23675381272456	327.1750454086067
275.76150431211204	61.91182354266216
313.95565342080357	362.13668748139463
394.204632996471	376.32187974891394
170.49842694285988	207.7043648490522
188.80006786805762	276.1546054851381
284.42610233602886	137.41521023919952
362.2620562911462	390.477798465573
69.81419633749218	357.4519005117708
59.32925120747496	210.4755208967226
408.75140132758935	171.35880493892742
330.6017473568818	2.5476447124056407
358.4262971292763	309.76466296653786
371.7009806349789	88.69066803550155
397.4503357110304	206.21842300394522
103.6843295492073	206.58932708412937
102.28147909496758	160.367763171908
97.56538718046727	282.6039601103722
176.34612255834605	22.333192492315277
54.082501072090864	407.66268298784547
139.67446710390567	95.78482460291889
376.9109265189857	317.4857752157832
325.12859402659313	149.32286952744832
417.57391318426767	204.45141857303878
13.17748556441175	121.95902010208229
398.0297090436611	316.6128204825558
356.7509858820042	365.495859520321
249.89197883216994	406.6248665973118
183.72057467321463	100.09893712155332
227.54980361847257	192.10335284381307
90.53134923910964	354.78863585142926
157.6357893539519	29.766984251262464
