291.18124992176746	337.7253998982796
191.1078796462184	383.9168222734629
59.8304924928638	406.7096497312176
264.05924162036746	329.04262096114036
266.1398652203013	273.3999897415584
110.60150949777281	275.79098714959065
255.5061089608891	288.0287785491629
343.5052905003222	10.380972571123067
162.8423675080722	6.737815205373422
394.78837411630667	73.20191878330387
68.55278423682358	107.86639940547636
216.62623502321514	302.0482655020471
311.952777010117	288.8511055368264
0.3149737329906117	241.2308695029165
222.4605146097864	105.01569418643318
175.06034323774995	314.4048819027598
275.9381634368155	5.618197586743943
375.1712025351682	404.6322648569869
102.47985308018463	322.0039652332843
295.6149752733321	133.2548202193429
191.6558102663905	359.99458777854267
307.4662039477083	329.669933498443
196.09252946531794	295.8558942851942
13.738349169070487	323.0270421059199
241.76287129344627	102.70558581831501
283.0037316256046	406.6497825134614
304.2680587731769	189.5568355691916
403.92450150821685	379.63562951265783
74.68862779982226	393.6463246621126
4.162573588563133	82.49635093473289
228.44166370997686	317.3667829085143
69.7003519878747	375.51092645667586
41.961587037418376	400.93252067685887
89.92706983556094	68.33841779482346
87.19221966948925	18.82428586634337
322.28669814843505	346.57419025134715
12.520032964554776	15.987930815584537
266.2388682063703	136.8335804506997
245.48110817971363	226.1285608446404
182.35237548812003	258.7980169853568
351.34761534788055	186.11762197325203
162.58603781521035	159.84010202473246
414.57829307168447	9.104559328635604
59.012486768539894	141.40480955189994
206.18863567762713	40.5554612857807
183.44657060193535	335.00970519968337
285.2869088911425	242.99717042793426
254.5835242306567	307.4533085100031
120.44470954528572	82.06023114527089
77.03371768369051	246.95194502063612
329.8686044349657	386.3844569492797
171.3076102301195	235.6039343558843
61.8419590072896	84.46823379997637
273.1087625939472	170.0776580195944
399.1128123500228	322.14946997135405
0.7961538241853653	172.1352232571236
376.53855438959505	138.10498916050324
147.369092784511	71.94675947685029
365.38883862091063	382.8258756652586
170.27533473775816	42.08134225758465
111.89338443317745	224.21308991939668
391.0930392581112	122.13532105008727
62.385585887629595	216.1190230338702
94.08653572975211	209.1485695354485
42.016083095972505	83.61340248660314
419.63024494387446	149.99987054914126
23.96725460680297	191.33926708773174
83.72618361272347	224.567542129319
264.14367664448713	106.72739000823532
144.66850699395	94.92039034643577
152.2670764888833	203.70275593175234
242.45602530197988	247.75887682962053
187.57534574495745	53.16258286713533
354.18572524463565	327.02055657656575
228.80557422702572	148.51636590763707
92.58172047495623	167.78867234703694
107.36313660212338	340.2122385319734
92.4630935238607	282.57623288110506
188.0977049261389	82.26426203286914
246.06912053920374	327.3217429387894
389.00586837478943	177.1928085723712
7.3207703093024845	412.9209499850573
34.651085304300466	324.45264699511296
230.88531166203094	394.3787438090619
211.18164722603518	159.318420459718
398.2194516058628	18.928388711388802
125.73630087934016	350.9771677125419
23.32126979643209	89.64361922812891
366.3496631520709	312.99732556407486
34.32726003148421	257.1027475246771
341.793771070893	165.3007417437741
140.0020503930263	123.29642254230342
167.08829942559063	90.68688089739688
219.62936892349947	242.8666721191692
354.9680294249465	219.73889968290263
354.49286536150214	397.4015749777222
78.11331554179677	269.6398987847587
117.40100724374085	192.9163665370049
55.813847600997754	298.7528704878017
398.5575235237153	273.94648780321836
325.05474789819806	199.1616435174927
318.83841354962436	28.851151622623313
416.58364020750355	269.0398189471455
109.44712770780133	67.67714387147983
107.2362820477733	20.089038693746026
166.79955340058135	274.7856671511426
58.492094898130134	42.6865364505256
243.83354666475367	82.30980078932915
234.97851065111237	299.59644249541907
220.61829043924732	84.30873549838068
175.99759370197776	146.14252213273397
372.27289282044234	109.57848381422413
181.76161185602228	9.081996410962828
362.7069065058613	3.0531997517623104
386.275106358537	97.55255407826337
383.924117070333	261.7805526228464
348.8885337955844	305.76124005970723
297.5344287238275	39.86843709617193
86.97207812171632	124.86340184678913
281.7288180454347	224.7060296947327
224.2514213997784	197.91200443449145
55.551990699242154	319.1521620664679
235.82918104261944	24.665778704369206
72.44089097076763	196.68742805067382
402.1905099756756	228.2786094413322
190.3897934551507	188.416002000759
336.12638305983893	126.90789946277923
350.0270886252945	47.60264416657339
298.26371048809943	65.51704916296988
50.07634606255375	202.09374934377166
347.03357499133284	380.836199606909
149.43811633930474	281.3437831821505
369.77854005033123	182.63578931583382
87.93615576120409	337.1621374340685
380.14110012807964	18.882380216744195
390.6949307868741	2.5311374394519865
141.8545098886963	29.05310798615058
306.24873428754074	254.87942686657223
290.4466766456482	317.1329552029198
298.56671327941683	208.29537936121292
298.3435689767333	275.4133550200043
282.8395531438675	286.00032620264903
226.9438371641065	260.6340546039378
262.3668292065264	234.27897297990225
384.69505736300596	310.7113416362787
413.7105632131099	309.78687315693674
338.26942625758943	146.33323995522917
28.233916529873834	115.92035462666291
129.16050841353152	281.95891236836985
171.62427057828094	365.39592841816017
351.3234712276744	65.60223533225653
120.3979434830945	406.09213478352285
172.27664403713052	126.14944506079114
190.13514699522406	121.25258648562665
273.45287990006824	304.72211471116754
418.30593382905255	128.02640713572663
39.14312644561671	277.1226334222458
87.8415649976479	377.5743255957852
171.6351861465707	184.89854876887236
101.76869912014085	401.0075186364639
288.03734739133046	80.66702031818393
262.0716058918187	88.52099408277537
171.55123981040018	67.84979707870727
259.85747440604075	155.34368005741752
244.55794613380863	138.1504683944141
321.56827384835145	368.7443726199886
5.473190830483937	285.9606953937006
264.40942584314854	411.7150834014876
281.603435089419	57.51737483266671
177.82040744929026	203.48256079877115
227.44228614221507	412.45345618386233
396.6769194313337	54.18956771152694
129.41816037528974	370.1411461043383
95.38974817857071	239.0300246254977
323.58286614910924	91.82513226700942
142.83871815410876	345.1752827268264
393.3963058905942	395.93572805234186
86.05791963680605	37.67452087653969
215.09757315123574	136.4901579389195
28.693982035520637	215.50473616167312
339.4483947763696	29.514327426710892
335.37863505092844	215.8015019826554
208.07379651646463	374.97659001163686
71.43179027379183	8.224678197968482
282.3689024802494	146.1033191478246
207.99756655669887	224.4942589148855
72.83750678031643	60.19190062665674
228.23158426789192	60.585725235726294
345.26181297639573	91.20926484211276
161.1393390628184	109.09181252255108
329.514893539822	108.86306125340593
209.2994085498329	117.98260767367336
113.39012871864804	302.31314247511483
162.76739132277967	25.635388781194276
378.2661822599479	53.77976970453911
411.58983784311005	335.8555020269812
98.29089080280137	190.75508578892837
320.6012452471544	271.70468090007574
329.3540774991514	298.4695944016434
310.992086476243	237.42417525791632
40.40634781493913	231.741519461763
291.6660932193173	165.01158215940123
102.95880320651567	0.06567726145522211
260.29182522171044	254.58260268804042
132.3390672582663	48.34428575175673
117.05122917155573	158.3531165783147
240.89219913800767	206.84282428094596
145.5714980458743	260.3105491956446
206.13709088966232	72.300807569979
33.2844884625282	62.31766492809075
363.26317311710494	200.95700253742487
287.115680529845	21.82533758265234
18.93784332301362	272.9339172793898
127.96300646036909	11.846091713291429
187.7385582110145	34.37487136774779
248.40590498753662	400.1941440599467
348.6098987835289	266.3094701793993
20.409747612820308	135.16349475870092
34.54066483541229	16.28544154703246
197.95940506634264	142.9105730277888
232.03133598663285	122.98967491075484
189.61599555837418	410.49771126381563
198.08929318837525	171.97071427803297
114.79669096154888	242.40685527795262
61.00875561058439	234.49386077890952
284.62680699294526	263.4990469455173
76.70287099995863	355.18140458562925
404.52323728250997	163.00000765214176
381.0851862935433	196.96093386842335
281.64108361039933	99.88349596981273
129.5471067784879	66.29566322830485
55.87001002938414	356.8041202683398
153.04353357742252	309.60629679985357
25.635619115740347	291.0063784644024
93.53957914086975	147.09591721806092
129.36029021083755	229.01720341226655
335.2826940170067	74.22156422486322
54.22456171304195	63.18010903914941
209.17275790257392	394.5966117619039
32.271821471811776	384.70184158408875
206.08895879865753	275.01824503173026
393.8879752290784	359.26040395075495
376.1932713673441	363.2918129969271
107.08855810388951	120.5216349952893
285.26328563865354	387.5911653395194
278.8725598438831	118.39989608318534
327.94745726808685	321.3802322109027
109.39644335819419	174.9323950691437
312.0638244137256	52.19519122866107
189.5867241743991	222.5420217034089
412.9845644860308	67.38562593639085
218.49645663536535	11.364207123957621
91.0229322706096	303.71315601869895
368.68876226788785	343.45982282950126
259.1286229658456	204.26584393533946
81.60092834293262	84.71031406946675
224.74941864082356	40.1352689064078
250.19851270031737	64.67260463691903
204.1818564877543	256.2897012906897
381.0079289392025	158.41551712556446
316.30174842301693	70.22866033197523
324.47334831308876	158.30160564841282
306.4172221664962	154.14108570937552
125.7050567797344	388.60823982160645
52.80728606464929	252.16514440839148
411.7569840364555	402.0457318913789
366.10756308318594	38.64585582866845
269.70640649317625	370.8331634732707
193.97915778279506	317.28199888384546
19.33365577555273	397.26112733308287
311.79994273472835	113.09204080267595
333.91971892745414	255.21301271475693
211.17701060560938	323.004664312314
124.60619858864095	211.00503847278767
263.4509382673492	185.53084724959047
302.64588743763784	353.94500106206726
321.69516208731454	403.7706426069566
414.0360560725486	46.20885242068135
202.4043303956001	203.08352890792966
10.799825177942422	204.7934341494593
368.04969517437877	252.50037121269392
412.3078381286913	203.4762670176112
136.79128096025207	299.56131365800945
203.58208619491768	21.879676577693928
150.98926700106728	385.51667897911267
45.63117135628302	182.72591823685974
32.38341421316598	359.1762874488214
41.87267221933969	149.69179739405945
24.457679756843525	156.40224246709585
141.39274977339622	147.36624099985696
394.8218011567049	209.7736291523856
22.06610067095925	240.3363062248689
336.0270721290857	281.31963901155825
383.9585426951517	379.8890569604022
109.56135978000958	47.21549119161762
405.3206595861132	108.27311880251003
102.31607079451732	358.6748142996485
152.53755606695955	50.15364806718503
14.898146710277539	66.3665966688996
380.62613807750427	288.3134387256667
85.29742319411699	409.4483470093691
158.8408678003406	139.09166149936522
357.6466438030838	22.061568816399504
253.57093264664854	379.41337788810176
123.65177518692158	31.780343018392763
201.5699892033945	339.4191600999008
3.4357600321897106	387.2808952107041
122.34362121334142	260.30668801003776
259.8130232928876	15.616799094416093
226.4955056995754	221.02694054123944
39.459676024613934	40.10893850982357
419.73067033313595	221.16574708086335
356.65386779965365	362.01078890315307
332.4700974770798	181.1845893087671
148.41402220760077	180.15933714358098
5.807681950420557	107.77035397827338
160.9420078419464	330.0279318923093
3.7318521082924723	349.8599222811136
106.42529127318507	380.49644250777203
56.92547891019855	163.20980112633916
310.90220604082793	172.30296620381657
185.56810776611357	103.70987396443296
159.42551617549836	405.8295909562456
296.4638687810611	298.8858376874006
310.8151306834036	383.74381429574277
355.4606444173305	238.91724272653101
367.31116178565156	271.018767270986
47.019644694625136	337.69381089484585
418.6045773578467	28.572801335782124
383.15434111087126	228.63031625908067
340.45511601464165	411.657639957185
354.79367350744485	137.65052376465354
184.31248046646706	280.4299889623992
213.68641565973962	182.5725196878993
89.05275802087175	105.16847097504194
291.64468011020546	369.28732129753917
21.726906818587878	46.53379817555413
360.7980549342366	292.2079650054189
270.98640767565223	30.40854660298581
65.29852163878898	338.90647304906327
254.07784308487192	121.70943831279044
261.27701666427305	50.19027673982398
229.23404949585168	282.4879348549324
316.9252084584187	216.373453701244
245.38224361753288	419.4178659035979
76.99615220274758	158.6716985008259
207.89685094647598	413.314171982288
360.8437517363006	162.41284815422068
114.41677721383654	103.89212372255092
71.1294088205792	27.48745675419203
141.9550944455612	419.03107265821245
296.0595585779854	419.23868781980156
24.709510572692487	340.7900218812594
403.3657688443889	251.11192837523606
242.01940712281595	163.9824271913222
277.7091202359405	353.96972886838523
310.9633458647165	311.1951960391566
49.85835964674475	125.57298507381743
103.11453269548154	88.66841572736126
397.47691073648434	139.0714001284686
285.54630264045556	188.09016349536532
142.48173246016862	326.4504777232132
332.97070290978064	54.627166205398595
164.39846803557694	255.93958474721595
19.340201690829737	173.82644725416637
115.58114422245053	136.95679457536804
323.2730115951948	3.3571374710219164
279.86872159934893	205.86778258043216
299.6584309824584	97.56729830152555
304.7415019593976	15.55349585013982
392.93167414713093	36.373568515504076
73.97310440880892	291.1527483013349
125.14588424391654	332.5239985565835
242.5845985655818	363.41696540500635
267.45234558963995	392.15421876690056
347.7046937127388	112.4068302866667
170.13276875733112	386.5985037699777
73.57460602474512	316.15525328422024
332.9371195272184	236.7393379899689
59.88882474279649	271.72548796854056
252.22457426398574	33.46632615901543
407.9003394149236	185.50765376579554
419.9063725631502	367.7857741841178
245.64311657962105	268.86132278156265
166.28092628487528	347.47845431799965
12.298765513207275	304.147290231075
96.9852757278504	258.76396700181476
165.89090602780536	293.58740841763137
11.629727655976893	256.30131505159756
205.2109476508302	96.50249511870489
140.92784936899616	400.85966263450035
49.71501933068062	379.386694283224
239.37500306780206	345.1687607591238
399.8634797763351	295.7646938040809
180.95366139094492	166.13656760501078
212.8723348857555	357.21675123725674
28.74153074658756	416.46675607313415
38.16083339034027	306.7470269267369
241.18215352898946	48.0360567930327
318.6771795674591	138.96231828327416
404.76934924597276	88.64364861200177
342.24147237232006	350.3930723474419
388.0033746892923	340.39086286403654
364.3800408976413	90.15885451450481
374.2100936739473	73.67761131243991
50.133153697498685	3.613079832018067
52.31999676399749	24.92807900037721
17.545087085905163	373.5408966010094
242.56730153750095	184.91549198397158
259.30377636775825	354.8757068287583
220.24656879796635	339.68447391840795
152.95256563947962	366.0290211010489
191.93009811500244	241.81113166183738
145.30153096283104	241.6253553271661
153.9812547149616	224.24407744421563
136.67393336696207	165.23102954757744
229.09204089366224	375.61293396636836
300.6519098688626	400.06577019269133
