185.81887169495977	80.91902082289268
408.0754994218534	395.9998592034441
353.1377995616295	210.50003882301073
382.3858453303864	345.8760653417626
398.8843932983943	351.88052220772454
206.17477569592398	176.05934860251608
285.12036745508755	13.751024888048091
105.26009749205184	379.3915804387989
148.46673241119169	293.37800121518
384.3633974045968	117.05552464690854
323.7236409066643	65.12437627738498
216.10462562252732	150.30627404835104
368.5621601679368	135.5200807274106
189.82792453290222	51.332260391288116
371.6313829784086	0.48502016484128113
122.67060387300313	65.07448806837262
30.94058319726155	84.11299537168162
333.5990663377307	188.24908783315507
228.8059994535427	195.75462542409
9.280035399361067	186.6153220827237
147.2239964625282	69.77663696299646
414.56049609977185	46.36480540628999
90.3184713659265	241.45071439244614
81.84628621964056	154.61338966487946
315.1189530342499	184.80674072040273
196.24955826879642	320.25842524110686
84.08830281633901	330.8053778566765
169.87532564552353	88.14802934302067
160.92524854580466	147.55842828101854
38.243619318917034	270.49769828436644
284.47287786965126	419.29334029238424
219.91159520662785	178.25893436013
226.6507184957857	283.1184586425396
130.25916130406708	4.7060382525179625
109.26187535914546	80.66144963355815
34.655635155207825	380.80595284613025
138.10380163141465	124.0114384641961
344.90879826211585	100.58317408220582
194.39996014388782	205.1376517283435
314.16668706152467	392.99268696763016
52.854198135514444	45.63272374956699
77.72192055255438	148.9338177208403
41.50282336305784	24.979488641473427
177.1501244943118	329.45087226827445
58.06087075520615	79.40295270258369
128.80770193948234	85.20255209242448
148.830261229068	303.27937029072143
263.6975428041357	161.38145137386036
260.60424668241353	112.75621947005612
249.04929419588208	146.86419361780736
392.0535241910157	324.2601269472909
125.69299953000659	241.12887888359742
313.6774002037011	403.1956200602743
103.11658922033703	23.911436407116394
109.20096454352584	324.4194990918568
157.03423756016696	74.48475383802034
419.7334768849476	368.5916142709476
396.67598351945236	247.11984170731367
45.4314430825228	332.0474162259252
403.78573945665056	94.55391974833991
77.43393489983953	274.43512627175073
83.45121095276842	232.39413025117764
226.11973285160687	354.2057979994191
271.49718163438416	76.91220122206211
272.4536781162579	202.96321059663813
151.36823243156576	105.087670495963
317.21542008163163	226.4172025858747
302.4334753957521	263.91103713652586
150.10457596859726	211.2847887985429
384.7743713299037	188.3230690453984
56.826553958980384	383.1186181541722
173.1167131046636	235.02362682855065
235.3435157205279	296.6451320742341
95.28974282563895	164.59939875963136
367.70141601994595	384.73626915755267
352.21725766734863	91.27860226269213
47.14280992113574	6.468596643958052
396.0855307504159	220.0237012123615
48.372633822358935	384.7171026299477
314.91388774195974	358.12415362284446
17.585256464987225	188.63663333211358
155.26610852251295	229.56776883121478
262.6114686376332	248.76528818147713
79.70187801086733	20.71512623033799
409.76045556633704	253.4698007355098
175.78532489691247	26.773775885708062
392.96394321977687	128.461369367529
235.88711505039066	286.54444987563926
296.1618376687943	3.6920548553399373
3.3678115892586122	237.60101853078706
277.97429006548214	96.16227783718374
277.3199361876704	178.9630427222028
307.2378947012032	402.1888993408762
385.05592609322844	157.6900049686059
367.84413938373876	185.04661719533541
389.00679839585746	136.00513420309358
289.3310454465679	301.6435287904352
326.66649126494536	395.0057914847173
315.40576186811376	365.98992928965714
9.402946127461083	219.93651766153607
119.57688381639572	153.7135744278612
321.73527776303365	129.49832623394926
399.52546162148184	56.651454485236286
93.36300991319594	249.8287266118456
79.0197353211662	305.88244289014006
239.53248910836538	223.30214053139173
113.72584328803187	338.5549047926372
195.58957549633732	17.633766144093336
327.3390607882489	405.3980034936525
378.1545578308147	142.13816631408272
185.07402472028264	282.1947661693638
92.07984423078253	38.11432304222128
275.54658642406145	13.878788489305165
344.7067937586112	7.017239117206517
206.23736568158157	286.92680918233697
292.6324144569018	193.94702928095418
168.72800837916088	400.6042214524448
308.26877647234716	201.11699309191442
320.7965135703754	87.61098535192468
274.1127165733968	276.7087606600231
16.883048672151958	128.6069297139992
136.47985222661228	367.34745863963474
182.25533876956203	306.66639973324885
243.82674411796634	137.84091315110362
109.48033487844798	410.6566776948116
419.8227258017472	106.93074718454135
7.1320884903407835	339.3360369477604
393.61758319750834	291.69698360724107
263.46718826836167	103.78749826533394
190.4662402926784	366.0503063986209
181.88580484496183	104.3465592297863
361.93450012420584	389.2300331311051
131.95197601283402	238.03201540951082
147.58179838714736	28.20663627464499
3.585626008316729	75.1483242939284
402.39215725070665	362.1755895803159
342.5980179582706	202.16840753510854
24.20741605170257	329.0887214544707
68.11111227948764	72.07995875995921
297.9578804863609	413.8206922269638
51.72314903505471	234.70420387041602
416.7038362573214	408.7307136040839
104.85683787754424	159.55607992969556
246.67850284674216	306.53957426087607
124.2288888100823	160.60024694659373
405.40219927668414	382.697421689014
342.28675073685883	67.47039208034148
188.7628196969732	353.59123590137045
380.5581643854887	328.12354440342546
268.46015418267007	400.84765594794976
81.22409785308466	406.09383048697606
343.81751502928256	132.02677859214035
396.5462972347953	41.34996958773382
99.69957215486906	413.1285165535572
20.62405794658771	226.54104285374464
29.71632873105269	59.268452464342225
134.37428778972506	56.932391778650874
146.5374950170693	287.0761114423565
243.51872752615606	8.147257623807505
139.50792918161662	288.0105141420165
20.9919927111649	233.21971369749605
100.4919373623719	89.86400579462637
301.2316898154215	42.727934615967385
49.618003218662565	28.179275348666703
320.83950686407735	355.15498421648084
363.91718577186987	367.11187992565664
154.9363696406181	145.18468790585058
339.8272715497006	310.1707708509179
51.498272318372784	84.75065902842631
197.63598082932862	120.23057234445483
250.05978590636346	9.170880957057328
110.95824401926039	153.57439544847202
107.56028656924116	246.23499871006496
79.52297086680205	76.89298877028959
79.35311523203221	187.7730663544466
200.93198938480853	368.4128811199062
100.20935743791723	11.440036553741338
398.8320393144288	319.6703911378033
278.18765310733403	186.47334078465764
23.54740077229588	294.8547923324315
103.21600072359855	78.62925669675471
170.47462438004533	188.63020008806214
198.08216862718726	288.8984760504509
93.46890613570154	48.799175860131804
274.85637090522334	131.91449596159535
103.94611842905155	238.48380475571065
62.8349181631465	207.48044264116152
398.52939732181824	158.33720470041445
356.4277221905424	121.37971014973462
281.15729837565493	5.145807916614348
10.400881529247835	174.69912407166515
383.2852994204903	146.07056121992264
4.807977927820699	40.100120002920775
71.91340030008739	144.69737022259662
247.91273795503133	354.26861919961766
319.5088285822047	173.05201990597706
5.119221346255994	94.27343200828773
105.54262465662313	196.30244951139792
223.30470691800028	253.21606329140565
368.5268512254038	96.22754778101339
105.12008488812585	345.9811879808326
84.99937249264471	55.25052058252359
117.79035053097476	279.0439761978801
5.847073012148184	320.74533141540593
4.271516980270776	268.2123665279212
295.7194228676897	186.06421117116878
65.94289961676701	45.65373491445371
285.52101040895707	75.79467325641419
155.43530503772658	83.73359480049021
373.93194933905085	113.34629596074095
331.1371593697008	139.06992565086952
401.6397925456712	100.77130186798095
125.28193447641064	315.76785822875024
65.50448309563077	313.11177123012374
366.2439245957498	66.39292953157127
177.42296085736714	132.97052744176665
189.26950856378855	123.70883582075726
311.47876929235287	95.48927814527732
36.55154620375209	55.89471151256497
340.54109546168746	259.34099470955476
347.905620985877	198.06922756280127
390.7642814574007	114.77273395197315
335.63743646255153	173.47376096244815
397.1126026523997	180.7810787319538
314.3845656076369	133.147385238388
301.4158731508225	75.81133093796294
6.92847790071092	156.73630172007555
231.69211032274922	40.05655819522911
251.9730899171165	393.941515443383
2.9423242602899418	247.52156214558292
162.69630275560715	264.4038867320805
18.799640692099242	252.3718925810034
301.86027324733243	130.98084423996735
89.89413508350475	31.304957420964577
269.66702563163665	312.5242236452454
387.5080408580217	400.25921624543327
112.43828812417246	286.5687607181236
60.63675256982936	13.413052259604209
43.38377668728556	127.0533821871804
90.67927616042817	6.457158335447247
180.10296166839436	144.26617711944633
42.37060136032732	254.88675071080124
109.58563257533395	373.48909607101183
188.50876448993066	272.4392249131924
131.86170630026422	275.33003824555385
5.0297464476987175	214.4410338352556
269.5167356389154	419.8918557830867
215.14064443589822	139.9756545592799
24.031786666774874	402.27423541493664
280.75300625206927	84.45093807958966
406.4958693694057	188.8812922728607
161.8285287338311	358.7536994481172
48.769067995219004	271.86927231443434
235.06191855984423	178.74343361885303
172.88253870095963	17.44903022369249
100.11230153316589	99.18021118007795
302.4598409393885	274.57937108250394
52.522344170173	100.33347110044072
314.3241614043252	276.78823649582415
401.48977620651925	69.05867994573855
10.847016182567398	269.7350051522037
180.32806105814464	293.7921819617613
372.02992442826877	172.09299274713075
219.0502629964682	273.85081104744154
206.76474921484694	187.20348975617637
106.71884247187982	256.4864283962814
38.51425921531345	387.9730050772907
83.54321508213995	41.2424120736894
169.0096013449544	163.92280315900598
236.87115381129348	303.27230331049424
265.57480353363275	180.73767351519427
276.64068437431956	312.0534416022966
361.71092573717704	404.44083803807104
196.9630443484496	161.0344262733748
50.44726433480487	124.16265503673762
273.63562506079666	413.17414029013145
43.54897982731046	223.2112215351021
208.47048278163504	150.4057964448932
163.86685256080835	197.7756249165009
391.29216815713085	232.36114646913683
68.91260886826787	1.9662569818654763
403.87254828251594	345.19035098734184
54.98307288265234	68.54198410792962
161.6338912292728	383.1906906587906
101.76128838984853	184.74542760986844
252.79759687903274	307.6701875614591
389.1570960706613	419.78760947666547
75.71502659802341	182.00260275474068
220.40879224182342	17.111031966033735
6.207492718995517	345.4478716173766
230.24292723810953	418.9608077088717
25.172644374460283	109.10229664878491
418.4728206941066	100.09932679917063
91.54164985747893	281.0112455004895
419.7736381185352	285.9189817847539
65.84715006205579	193.87321510901538
245.70286434503936	130.24330369947674
148.78507803248536	382.61807238372705
157.20339631867049	65.44290861713047
325.4396239631623	296.0856841283126
290.8390681394535	42.88115433036647
376.48856287818995	295.91888168419734
29.9405855186451	18.797498817408563
344.164307462941	362.6147906917622
389.18049272890715	361.2152336535404
319.7797811957573	211.0324665311374
140.0019698472135	37.44573422730934
313.1602626423194	153.91067888254761
102.7003323731331	133.79022436942554
61.408009243529186	95.78440845535133
345.8069646482716	149.36769546829916
414.6830170405594	16.870146873815184
175.27241698706095	372.86242615778724
294.0830616523003	69.38379263032732
10.47105091682764	306.4334366925774
89.76039204885467	209.82136998744016
222.51154910240754	267.2219541373518
319.73625123944936	397.4449511927274
34.70710549303394	258.989628540868
184.9673388409816	7.878773868159977
306.4235364497808	16.490486096272278
261.2193420329756	327.51018835123324
405.6846031898459	84.40120529652592
277.7941988063463	267.1767535744417
260.8776767199143	90.7839748003246
287.5823186081529	210.82700454617992
31.187825620904672	65.47154620817734
246.5158316818751	186.70685365496993
352.06552942277216	342.2994436629994
139.52023674292374	353.7987857147165
115.36470687954397	205.47240275463105
27.702326972291477	252.17378620650825
114.24037231649254	94.14001649133087
253.04888169177258	249.7745419305117
8.287255947057478	300.5901248664504
392.9411032832974	331.85171199350384
99.9358151412218	372.2100342683289
154.19133920679914	218.99380211602372
20.507423373967853	335.4584659035619
327.7654901331791	10.342161663944786
86.7739988079	398.8527942893279
359.4069763021045	291.4382527778868
290.6130728277378	150.84000286536372
81.9831722930154	336.7325736636936
409.41580738461823	140.00581223667055
397.6034244421795	386.20367512441993
26.22957498061898	339.46329524842247
13.758695098204432	65.99343714116632
145.76739142836053	148.39052083942858
0.4618528740430254	2.5562865332545397
1.0673215229692212	81.96860675880014
343.60082806051474	380.47179549153356
310.27982498030565	77.64522018290018
71.99649966567792	101.91746591826876
36.263509187973256	323.28527454768
196.02249911767953	379.8287832287758
176.26222826894661	315.5652841914725
352.7257573986402	356.26457570351755
111.3702942920582	179.98408993614981
196.57725773059585	227.88909917751246
364.4927034537563	334.55721979323715
83.37978741324405	165.8834837257579
51.159314011335766	217.93793187749068
210.92059964560542	169.8204861062681
113.43905292173656	254.10596486441653
285.0145745810864	165.83422496328484
207.66503034150978	220.5406008049628
46.32221616936483	46.64068247474686
67.08001157072627	130.33627159776515
192.81470130946465	81.24379080092879
335.0849229856205	105.70233061329877
169.937440745749	97.19657308653997
28.24927381721612	239.8629210695153
161.17103241126358	289.48107305816586
71.20001185533326	374.4501399306755
139.41978097974336	303.5992791804407
143.4011381096739	279.0793655609837
74.15861935273225	381.6043525111446
214.80924644639308	241.51879539795962
93.59336261597224	190.68390818237015
150.91443282640319	395.3419685894841
134.71045666374366	332.8909896738626
287.0184608957838	51.10292992324813
332.5258923442505	379.3117868041287
400.0818906912876	336.4941379773982
119.12263580824114	179.23869002647055
177.61522727467613	284.7013950033411
299.73833676632705	137.15267003127067
372.6921983494287	396.3527703932482
26.233701974488987	393.5103194623066
72.17779055842225	193.79483705751852
395.4616391456218	191.5260390321584
313.4253264774907	420.0
411.0318404065616	323.0789018924106
361.64257061373706	97.46402668374569
413.9663178465792	214.99034669459684
91.22070242588899	200.92161845083578
98.70452545442683	176.03325856194778
122.0702632553741	290.40950082941026
170.06246271361988	41.98517155216685
57.6932029344312	24.10350748697875
146.05730745163737	78.07686675854013
390.244159968588	339.4721325520285
299.96608296584986	165.22004119806812
18.863164902473308	208.70608371368579
14.52095512858522	95.3172225807075
416.08465586985733	304.249893879039
372.94062066121154	345.9608847353522
265.0615832354656	23.944393659486916
189.9174075713483	89.71245663894143
215.1833660599086	198.77838188914706
84.9769830454003	319.08363652024053
158.22704653863474	43.852784236175275
