215.70871201217727	54.74573603100628
406.1916442626905	395.57996240299315
369.4705957603011	216.8838649217797
349.408050621603	337.46513249590276
409.2988272109224	340.9909774346675
162.4796759479146	190.88841781238386
269.8437172046183	40.00901717533663
102.86340135213712	390.5855944289305
173.09105853345864	321.09518618247364
381.6065955365078	76.25741369996562
314.71750957026035	49.38533239401964
227.67509066049058	160.82759057825447
381.1898641807763	101.0022676447515
220.03896585851732	13.876350019290241
403.19061385911954	23.414222515089946
131.01130196870668	57.71311538011615
29.377606941095586	148.4303259399268
336.995726524419	179.4904100862768
260.0786967654341	239.09023689929217
15.37849429287719	178.16458750683367
160.27211801256507	19.494825471203388
4.500782714396558	28.178781661674787
116.22651438150672	237.3285604024294
125.0919328499328	131.73572618627668
306.2857046833068	154.73644363914417
214.13543871370703	318.2602838808604
79.74135303257628	302.8515182171052
205.40564698653034	103.6042237401384
120.81577893900922	113.31583604283733
51.757826574796965	272.2896850031967
260.1364395513987	380.4849123757993
230.66685911637208	181.87530455858658
236.37942196236574	310.26887945377155
160.02499218854692	376.7190909727889
151.0250202458919	65.67890768997903
17.86492705407358	369.4869188663635
107.06437868905387	127.14426673319755
346.24499262976667	84.69432101794689
182.06015721830198	190.05078793166734
288.36454799014496	363.46847546625435
36.66831131335968	6.723723421862837
86.99355151176158	187.16027755775994
25.02599587607095	412.20636521518765
203.28632798021908	333.1937758679039
51.745005782653	91.54500505209015
155.93314127089678	101.77399046708653
132.8685781626687	334.2890363365039
249.28788395882432	142.88979022409788
236.9237574114165	56.15487551777067
260.1314005164775	182.31907814777838
372.74236853435013	295.78883825705844
163.06615547414202	238.16589557034646
293.8093310721035	409.911772637242
142.14396307770582	21.05821629202312
86.13245982143438	283.847014671309
175.90048321392658	45.21453335607765
418.8945168000452	381.50329755905045
367.89171412110693	235.9307062296223
50.473204292375854	357.7057752111972
419.1209735410103	88.58101656127911
47.33904477090672	289.9130258293274
100.98759668014536	225.9177946051144
204.08338894344027	360.1310626188903
235.75748714435878	4.202656775896619
268.57757735468476	204.98480311994837
169.73311657228024	64.77422425552516
326.7613357597115	221.42430972754767
321.3301413211118	239.4687825501919
192.58960167505367	204.9855311601685
399.0398647146553	222.39606828273625
86.89534446269673	9.97105980009631
208.43687195377575	191.93469612712997
256.5910922706158	311.43847601189503
91.85756273265099	141.51865327448914
377.3263024121186	370.80537584096
343.21575106774156	64.82056083050813
40.22817208089556	35.65676460280131
406.52732974364733	249.41632479906892
75.4140453360617	388.828465533932
292.0922729996063	321.9997389553331
40.181748970298074	183.49368216661006
208.26927029171867	277.269384471978
238.13606257806498	240.39634511663039
80.09415275529538	29.350397907776486
11.117124134090588	279.06557954065204
187.8829160683016	78.79150708687655
384.44517770200696	143.08316243207432
263.04103442072824	332.36446168582614
288.14453737277967	7.290416953078939
387.88046698293596	262.71716508272385
257.00389416518215	86.63973315001503
279.78008583949054	189.3865155859117
315.6281493320973	414.9271567827476
381.5969497580646	183.04107836045276
371.5618904650851	198.14588550670618
385.7275908815475	163.8821988535882
293.35410938532306	277.86046784181514
310.40056077747903	392.93049297211695
238.50204186096943	377.7489258922476
16.87649860764214	230.57740298390115
164.54205172714785	151.28991550771295
313.9935996175715	135.40123981926249
378.7533178407743	29.381719870064803
70.10296759808332	265.2188301335461
61.21727947943782	302.13120132209076
273.1639593250694	223.9100941692154
90.99206606109229	317.3615552836514
195.79390927169456	56.88860602813174
328.94836916650644	398.4806697820351
354.8949986252769	101.69153711963001
226.61663094843388	281.85080795687
124.83772545742384	27.22884204834335
259.24726494787285	12.239107448914043
353.1750479723624	47.68442334672902
212.17909230554503	298.63324818568304
260.0511500048699	270.98036369311006
196.0750760622967	27.57633660111305
295.7490586681732	201.11030466999622
321.0448197091066	73.27633975598884
272.7004878296406	284.7930262292699
11.932220822425013	142.95378116957346
169.30570349957554	348.16559391830054
176.99584687117363	283.37563111716696
238.7679344740658	121.59104591903142
118.96568362668843	401.59240975360353
410.22289852016235	126.51087631133458
0.04847390157976605	361.34160557839397
369.3054202155129	254.62293188709208
256.5805626350785	109.36383260320765
216.2433883085893	374.76553294658805
173.35373928355438	113.56718987831012
349.7827383761675	1.8319332701908349
193.62970585273487	226.20693133132806
169.3182116061234	413.84965863073523
418.9207830963463	61.07557829924636
30.164134856955584	353.98069873586894
316.81279013942014	205.610943825514
22.887195046617173	326.2738664115293
103.48388485245196	62.19067557006413
291.58604380437805	386.20806062553805
79.73539556361797	248.56874689458687
367.28715059333126	407.6539744526927
137.04743026652727	152.31086627932504
241.74292181861986	343.38953433540604
143.64230118376054	188.33357690090628
377.48975920782124	390.8068941469232
321.49285684104103	28.53312843890999
195.72932529036837	311.64719081279793
358.13161739811994	269.037683678323
274.46819415764793	316.5786822364352
120.86012432035058	382.1683982686478
349.07503391184815	165.28991173977673
408.3353114806341	44.607464543103816
138.3654569972091	401.85057510509785
417.109316828122	228.04530827661472
17.596909102760495	43.40103667820403
111.33434238609945	45.535019260071245
155.37981243387054	255.1649582665717
225.12844433184364	351.92639965218797
142.13629429549636	293.2781942382591
408.96955362879237	280.15403644545944
145.83348132443376	85.77581124024312
278.6406397330866	23.303474189451784
39.31739429246355	54.83467141507277
311.2564102728962	332.2650486196025
400.8241679941943	360.2230007554498
111.43203555940921	79.85879027284173
337.6387886614982	321.4592422031177
30.557908605907503	95.18395775509485
223.9107503493459	104.84823944610814
230.80919958914623	32.36769845801267
87.54393770141566	106.31427165569058
141.58274741588897	271.8665417170712
68.54891719717111	79.22294172207418
81.82527500176576	224.10102949271825
206.11031641170618	397.6393514481912
159.66303614385401	397.6070699947166
375.16649525422247	277.37368430797625
292.6700071654013	172.20993701096398
411.3751488425001	301.3627672538185
74.57418311297106	52.77059403232245
150.25130161732608	169.10255814778358
179.80387768299758	301.5655449628664
92.67040761958428	44.26222645038449
271.6487232260957	97.36697992735861
132.74425298443845	251.80618029123258
37.0136467342054	211.35386642230918
4.874408349060529	162.5309421623786
336.0146596790822	103.89784046003152
272.94276340761365	416.2142691654933
45.46685455275342	166.05881255822047
360.5307235585765	119.41932274367417
25.279730374264375	22.22106696097056
88.70122298878388	160.8983604250227
194.5876602960716	381.2873501527901
334.6606923347729	201.1579733837866
398.31343731586776	111.19562052089391
137.85680064551036	213.02182358209228
218.0516056127144	257.453851039234
362.90770222342485	67.30736344444473
113.73988568129127	343.4220831432496
84.38373243186872	68.92563535285866
114.25032672703702	257.51577187374227
389.6633297639478	333.4077935812746
25.041669815191366	293.2715442054431
310.37020229172	188.32142668603726
51.48993497098868	20.121993869484744
255.57876775013065	53.96506684553475
170.58371350836538	86.82702977459822
329.8833646161627	123.68949596422382
344.47047816577856	134.5607251148854
399.10121115072366	92.98751813995796
126.33406441307852	306.86393955441224
70.74246511035147	325.24584322680425
333.0036686385546	46.899258079221056
175.0835457312165	135.84593037796486
189.1128940148465	123.30416676670987
302.2707860724444	62.83183181687077
57.30752195362589	60.96100055416467
326.5106254324437	265.14832335049505
346.921060368119	217.5100511880993
378.4717418309711	124.74673611577073
352.381131054869	194.8815104893149
413.7356787036351	145.17082625401392
317.3685969537941	169.9112578463569
286.18255249736944	75.25843976131011
69.08659168669233	167.21990503287952
212.38136181010321	36.66312755800496
269.4949760220581	361.61024447234917
384.5571773017718	243.94386587867626
177.45291872760203	259.11314642263284
419.0555822549946	264.3145296010159
301.64952004961657	88.1833151965989
128.15345157869234	4.238395620580925
225.7950725717949	333.4847540636601
348.77731993253866	401.501163281843
89.2392085936573	264.99690163135705
3.0609947298610107	406.96059877478314
68.87279860685689	146.33547107179206
106.40877261923761	6.895274114037786
209.1147348132854	140.36763057030575
55.014919660179494	253.55141567335775
130.70992926162194	355.6978501489883
218.23717951536312	236.27299217265198
182.41723590396617	240.87870785779765
413.4222791725179	180.22381133015762
272.669655435067	397.16749684792853
228.37840344611516	138.0459236800293
54.38807351464355	401.83881831969995
286.3632101312523	108.9018608536648
19.55628586986387	197.5278130624369
155.97160734313914	333.8925612314288
12.019481659369307	308.50705079510897
213.08394661739462	174.23225414990924
184.87734512158713	4.669879046308701
92.48861456625589	87.46984859038061
302.8227140223699	242.00574566170692
69.46787155905307	100.73246976041243
318.86906851203713	282.54300877921736
373.0459397954109	51.425005039098686
12.201433113151454	250.69053567530963
160.3191193220441	274.6414914872714
363.2020103186024	180.15595908919593
195.18881065761065	291.37418537909264
194.71607004852598	176.54895196786478
99.42736717960311	245.7384461757
14.272501215147807	392.5176107938369
100.05962971438413	25.09724263220855
168.54300051067023	172.55763812565166
185.03523787384617	337.42721768433853
248.6266551054832	161.92828816546287
284.4796819056294	299.82686410942506
361.78547623755725	22.56009918956744
185.34868809023808	151.42705667099892
53.968858829713284	110.98403188732948
284.34084842285336	339.9436869672586
10.024200431415878	213.07158821155775
212.32003323983994	120.75567629184353
174.7977101821443	220.07339079831553
348.73506894610904	235.62720518433042
69.0262091890429	13.501837145701728
14.697902585701561	342.5411696581255
58.72307545699023	38.75145395952321
185.67579343608705	359.7350294548557
127.51418638574708	178.6836379044287
276.64106264942797	258.1336831035928
371.3958863840809	6.2873882692122125
68.45483970994906	185.67887441936116
246.71884510582385	396.89978116978625
34.75384456330931	390.00216768190575
220.19422630361706	413.7505274590354
37.049805993600366	122.50833924453538
417.0476149485002	107.88672981541848
42.06359713762942	307.59883413625647
343.1809064753096	253.7239022264009
47.9559158934205	147.918335501443
268.6619246816608	124.01340257150237
138.76007423264392	375.5585170199064
207.79353947261708	71.44244186044816
340.7106803867172	279.69306941987975
249.89525379066362	30.047917154856933
349.0802235570169	296.208668012017
6.609054170375118	4.999385767453965
340.38174742401964	380.40346039508245
382.404670104888	352.40456533243645
302.64962725046337	261.98095269232624
150.86267140213195	2.1934263938984846
304.56398895041326	117.3915536027904
114.0420688680576	148.54753563147153
61.368193030357446	128.15849397688027
364.0453159258446	137.29476224601018
391.2005948725527	9.247343277570414
177.08835584406577	386.835085867443
306.9148340265407	14.83293214120409
51.91201923832189	322.9970658206103
119.5116945431049	217.61800025558657
242.655010800438	263.68858180087716
309.2335104786213	374.2764438341657
33.72695958862979	276.3148160849304
227.4415691034171	392.45747319827154
296.18595319023234	30.537936610402497
250.6747350657396	360.8382049179787
405.3015308060213	75.33704029755762
284.0142433155151	241.0692787266546
226.35431881946255	74.31774359768623
291.40926808146077	221.60987967559385
41.904382068731785	73.98394963477473
249.548369345901	217.6449329382868
303.512752929882	297.83559936350446
149.70092890283274	352.0158465189741
142.6238878925235	235.5724614976342
36.06465084964092	250.88589960307775
129.72188029198256	75.94973552774637
247.43168908269112	285.2612628710304
390.63505714795383	286.8868583945431
370.482139430762	335.1348416614566
88.03474598861142	335.70359320258297
200.9872990809011	242.9746790558756
39.82710431789387	337.40551652657183
342.72550006844244	26.575822347128266
95.08566615575856	412.52156530351294
330.45153920236214	298.69502116771616
267.13166843533736	148.7684559616071
87.02888513961089	373.3650696880001
367.8175054329917	160.2549521791316
389.9250227873419	407.49480835266553
53.903614801545736	381.0851789854206
392.2997406092799	54.0808874917822
153.0439581196833	134.1768208583453
406.28378913109117	416.7619939992421
17.79998908476781	79.94281671232677
327.1840381113653	366.479388857642
287.500032316644	49.88119407406665
107.69925711661418	100.43677198995535
66.2929442043368	345.3562044549864
202.03443741971222	416.9042480878747
155.91662414725468	305.04673605603466
320.29845269567323	314.7424181045889
125.3177514835815	197.98766224369223
228.88899145891486	219.284673007851
326.98754954173546	343.4122377670708
77.82120729346025	205.6828552826467
64.27555311526991	237.20122303411546
202.96374513012074	158.2406808079868
65.82654248057663	284.2708784657674
275.4734825728713	166.22089630550983
249.81470823738084	199.00357141710734
22.328273076370124	61.134726238449716
82.73137589570072	124.58513119134356
241.19421338702386	95.76081209187005
317.68339687322543	97.16138658039935
139.50055499864396	115.29449752465568
40.66694688948259	231.74600723268173
144.54551925801414	319.598266167176
74.51005284108204	414.02127384202896
106.88714849300771	298.91932887447655
124.47242468316809	285.38473666542825
106.69608883147808	369.5921397801003
212.6190825450747	210.46962878796617
105.38487911602027	187.74178906400763
185.27023174598904	404.38195385467776
112.2810839947024	322.5437849634474
272.83312920486117	60.57918434628436
309.0137252141154	351.767081509532
394.13224481864063	378.6364360531635
155.38512252262578	207.55965673308086
198.88422633585887	261.7554166426117
282.6627587257573	138.56286820579317
358.6430944592723	383.9291625959972
69.1116204863916	365.0771653133019
57.097185463167335	218.2464003596655
403.7157664361763	160.2850360304592
329.65026099287235	12.233184502458597
358.537288786044	320.8673688370261
366.5529866986034	87.76517699616802
390.6066229139296	206.2847623705506
98.11573419755597	207.7520662511716
109.48428498014226	167.39934765252596
107.22475092334015	279.28719558629626
178.1675130504062	23.413137724022096
54.86068789929471	1.588430687288358
130.54217300168682	95.87687937488174
379.48452758818587	313.71178588141333
325.7326597514142	153.72766393595978
408.9461735177418	205.77071937416832
14.149355872567245	118.70140476797297
399.7533236394724	315.79563033362854
354.33439098159596	359.88232652516257
253.7148445220352	414.022489088972
185.90239200058045	98.34281269917219
231.70246163946646	201.11878438993244
88.90908360364062	354.0331525090368
158.03243977961054	40.42902422751622
