109.71751964197385	123.91463253524779
336.6408113864566	171.11945052265324
160.03551822070074	175.36505332837478
50.71054711319515	162.6823218932375
58.85349147681733	36.736838371630824
207.53896796584598	207.2702008702177
331.1806600844952	23.03372808771009
215.49701751305156	130.02433410857338
340.8402481741659	154.51207152132218
363.2327768747948	173.67305057211001
129.45657668926637	128.9637237484421
191.10752455884605	21.091340471151444
381.63008941786734	331.91702863896995
228.37066952471915	227.43612999948328
195.40974608970475	107.70054000351615
42.06167340137582	335.7983899003588
292.47122242063256	40.65902234322017
173.95509633667953	34.220498510166394
67.92335400958636	184.3744668880991
68.74615942679696	242.36199804420278
122.22755889837984	357.03464264902226
382.5865684241561	241.31846885078963
42.12266928410255	54.98199202482772
30.734072495840774	14.304489325815236
217.3509919199557	412.74861947034873
182.14087406907635	101.79973941171839
157.9499117933382	419.4352682989036
329.0645609492517	137.35868818898425
299.53433476272016	268.1881163574057
115.08403904823172	268.9352728096977
183.6931212833092	403.81660284854524
42.67731602864513	16.957050846631752
20.88509292311077	385.50196847062534
119.80332868014773	76.25372571033348
36.208348185777304	167.6546536026099
165.50069933758343	317.7707348806287
46.33883296537263	66.84416636972799
229.70878903361097	240.8190300557227
397.57519451821577	393.6887229848898
82.55902779838958	189.38184783588562
197.13516709390183	389.1207246672208
26.11998312281181	226.04433315108162
240.22232733475104	197.01373094074813
82.46063054114174	122.12682527369822
61.2569312405631	54.25247930924505
299.78358302799415	86.87783671853944
172.17808086550895	118.73599577409718
57.4351311068048	72.46501687659415
52.91724737367054	359.35119736354096
52.14768493779175	397.82975695027807
255.86880599543497	232.3634060774449
274.701854309829	137.87445022447696
14.910267453199143	396.60505405885016
211.53167686353228	112.6117057863523
4.957081727744982	94.81411365080001
365.3778432927495	341.81390134830264
336.1993407447347	399.40237154559065
127.40439986039848	175.36623846778164
81.5805359670697	389.80363631724515
340.8840409576976	119.14755999125664
12.801452622699644	299.6482904906408
116.35119312845393	60.696876474067224
263.16388016684516	110.30238776651639
282.1133856691594	366.9126727878151
226.09776879923538	9.2480720578436
212.19581046985468	300.4970487007103
392.6329240708666	418.51365157366126
79.65014858874596	412.0130130859313
343.65155571383025	19.84507541486391
318.40120444107896	311.77612508762655
235.62545247694024	57.770161833273
398.2061445470778	137.14942057119524
167.32068129461587	302.93187055205186
350.1706605898246	129.4268885236373
5.064006639327674	335.69008164483375
345.1108991432729	208.2550167763705
304.5448566624022	320.48492898727557
353.8328486158945	182.02528728554807
169.50840621333577	258.9915808173996
161.33601095035536	342.9748090330006
102.80546695020726	241.4742172834955
18.700607473964002	216.17962532640493
362.58756596536955	224.3326047258809
360.1156726886321	357.81031796758793
382.54784306755903	205.38121005713558
160.43155666594058	116.58100469728727
0.5869774867683806	34.43879682082199
134.00761237051216	237.21502030817507
90.46127222254478	10.988402205425732
312.8486597023966	338.0292920407715
183.64535054012745	373.467306380991
380.91958483397644	381.66791412999083
402.1673378400141	176.5130769822805
186.57622195003478	195.88358165485263
63.98644721301596	412.65427538977474
33.07936377424375	199.71966233821956
12.382191377935381	140.43066683321422
307.86870083207964	44.87215015127729
319.90776914254815	254.47276933419667
119.54283875857003	144.38866389977238
37.57315608390846	124.73620423964954
413.0150574559152	170.8323769321746
263.0688883751226	247.38503808432705
316.27157327553755	60.10863760635818
270.9069869517885	6.129971994170047
320.87170516795913	206.26112301500606
361.82373743678926	246.99423202049348
116.22111961774733	0.8763532341701227
89.16878714118312	237.95335411451663
376.23499440907676	175.1227759282714
85.78885912951797	105.30757121972518
332.5520283267259	200.19749088859504
122.61739911061815	393.3516779162196
76.45075742409561	215.7651957622664
255.92277442317788	73.01999264098586
327.1468102360342	237.14299111651894
399.54924432750494	339.72481657809266
362.91237818502526	124.0519162805997
197.3879908052482	162.18298035321885
124.96922395825453	319.60209479135256
60.48030680755596	214.31102635069965
8.117599358232246	126.73797110490433
195.32995518204734	134.9454048165468
131.51077451642425	81.20231828902627
336.0461679854361	315.31749068055177
284.9010808568598	8.897136997429609
409.139498680404	330.31874391180753
364.5027021861431	290.06767551574865
163.0310161716267	217.34644247563728
175.08274898391576	203.96865706280374
403.040550462546	41.77680916113955
71.66954105774552	60.05006235271963
94.91032837680204	139.89487268094302
237.81184881940564	149.7320104224188
277.5305616577459	313.3142340403187
418.1771261938393	17.031421350032222
242.09348595951425	211.84926270096636
203.29486722497694	261.1610896839528
343.5583502830648	141.19403070436596
272.76555101003163	178.8403473191964
338.22552897179196	220.9308060972885
323.639444015175	283.2207319732866
388.1568683959813	216.89629057186477
227.0009560054561	155.57691949484786
201.24761528887294	47.997168410272515
17.471390676185006	323.5562267868298
398.62726795900534	75.75849192200523
145.3823925863194	386.9010906406355
378.6944792838858	73.10547500133188
195.9478282651187	217.52582672008742
344.5694077714463	305.5308389257845
361.1307788555726	19.651325431674838
106.69700900366688	44.47242511240149
177.3156228948763	388.33777238832795
335.9371434397347	247.15380391866998
282.4959317646371	25.98540819438478
324.18809284126223	392.66988428108385
375.6833430517047	157.6565961463988
297.9822860372113	20.21756810917452
310.49776883497105	95.2788026556538
367.1327386412353	329.8532798530171
308.7274531788329	25.67861929966643
199.11405667684045	121.8330336588245
210.26591342214977	175.2116270693975
128.1971573468105	116.62530909589968
1.7371452818918225	317.98104463522606
359.15169945830013	199.53840122654452
176.2612584774564	69.51486612455382
185.01039915293975	167.24587619140516
326.7023805780815	369.1065356277498
88.53929005601736	150.65915521648074
379.2741236060303	300.5566929333631
215.93778643270542	223.0329900127669
45.624713604737444	41.33561829892568
339.327633427677	414.081182206641
307.67344107689894	116.3776472495524
189.70532145734848	60.00590954352501
286.8233938208437	141.668651147519
96.87229048446328	110.28882444230213
157.11832814382325	382.2438587166546
345.1058514329874	32.27601378506168
309.52715835361244	140.3406658895927
194.0136171131795	409.81510096229914
235.18069783836899	118.21652156667322
256.69626445465417	139.341035170737
75.32228722470457	298.7627146366969
222.79558417080412	24.887068271063843
97.43509263503398	412.6628982463435
28.83515752641748	359.7643021915253
3.5015278463978143	153.62845571911734
341.66045074361887	385.6209521558238
250.64392785068713	14.6723997852162
262.54534337356984	97.78425838034373
374.17294982933396	214.91947076171328
17.82734118436677	71.56568573637776
254.5468311414389	415.2411594780937
97.59777087578335	67.70930180522961
83.3758706304216	324.31656087089254
44.161389459253115	309.48249754903736
351.5550455372532	169.7048407366702
118.15959636815361	188.46740955477807
81.17585505842963	173.6254771772113
342.52352737323605	62.56806284915266
106.06874390831132	78.4228161439876
350.6823528435478	331.1668244258027
310.55110938140245	183.62973825752638
315.07406847889723	79.04918080785248
400.3341227781336	380.38745287876793
32.733198684997085	377.105225003223
378.6829838590808	287.72561778815185
237.96173227067038	87.76978275076787
0.550946465975022	355.80343901376483
411.27839751456895	121.05866437882644
349.6634560618308	259.9753174449508
273.7548780720677	118.70086906139528
221.61493928416937	291.15534095944
253.63803711424185	336.18469386684313
302.2390910764526	388.58235415355716
407.47639018364	223.21441070641566
297.9578024665177	104.33343643569526
158.11888750290493	367.2909674257591
378.4989493739922	59.94792025439675
362.29757132898266	3.881575198629441
247.64422564361712	324.59195125180025
14.214234778675525	233.39443310707284
395.67467837350756	355.81443811749665
178.8494041973125	285.12440060751635
21.663635535462827	101.68638235168544
154.88798231321448	58.18468833582614
408.159805734112	357.87076519184586
317.4238522446945	293.87419855619174
5.231257683831732	249.64216390988975
131.2237574484886	329.8445882682677
98.86336377059739	20.657771111832897
211.46089422246314	283.828027262075
31.642647091261633	215.30759247593244
198.77115076362077	312.1575151806174
10.9601085988908	283.8315728899201
221.38798972058663	249.49819251258253
386.47824891728783	365.5430685209819
146.5686187795285	401.64991454709326
315.2681930343155	325.8644424337612
152.9324990515089	27.130919983529655
389.2980657749579	127.64497788431414
31.289179240108723	275.43564589837604
214.91646272452988	195.70621906928508
366.48952917687296	389.83123749123166
116.27435736093005	328.0454173040222
204.17345050737953	340.7558181109176
151.2472158456247	283.5954701282441
148.4365506733982	130.11343807427068
51.22916255593138	2.1282502843664988
204.21466018745397	99.40527800395866
238.3000296828006	255.88448175730912
207.37395320377192	31.574707765560134
262.36017975141147	378.1278443782569
69.57801387844269	146.0594461902807
105.22977609832583	316.43133833421126
265.33609028136533	149.09513649723635
276.3912585973633	164.04779744016145
417.3289097820049	182.60521102172234
13.544618804399294	163.09584330813834
239.40410193171397	295.8983789740288
211.72544956403496	158.77284907972972
61.54590696147081	22.077691916719413
302.50790234853696	368.2503754717205
351.59265539765744	218.4296950556252
227.4481691214494	215.05588114038048
167.28325405507047	395.58026819339364
204.1681068462542	67.5776346656036
156.17891896703026	91.20352755913896
146.39750915749178	117.89976631143405
264.16635806356487	395.30787594389005
383.1763406930394	111.62737859432718
138.32277431234678	376.27395524386867
57.09405965523951	114.99819810179774
400.68779702271803	242.45571216742627
209.9104569786817	142.9904562057658
215.24092004749082	345.3116296605643
158.48405224407477	190.8893436213534
401.28802464983403	188.50162555622072
111.09587501716506	217.87793292205666
219.27852000779689	94.97682613745164
68.74769806219614	342.70385503446977
229.46437006580896	168.6044793849372
238.4923902328181	131.04064140881084
157.4579101707459	42.33668875591094
388.49970813225553	172.24852992939088
212.2068314054937	316.12698204756623
180.13600469641838	304.5381256852389
407.7954950655035	254.94009904955584
354.85848318807376	65.58360992628813
188.74766262003334	85.5112174962086
143.55365349189415	96.31587587899122
225.10413293703266	333.77163083835137
195.68410935799608	325.3106824925587
253.33809189951145	163.12207431879804
54.13664157321727	202.7652264094228
57.59478258222231	86.01904881457422
290.15617640590625	414.23934870367964
240.5080018057962	357.6615061505992
303.5318264355358	195.59817727002425
384.7579854614057	192.9839859844071
142.7959006620966	293.8255261675907
383.9653928484236	405.34170149270744
411.8699088539743	98.79655255260047
363.645026189099	101.48698072492488
11.549367398626941	192.47979657020588
385.92349686988496	32.456772734730194
380.2437326541738	94.01003021036972
268.18817683495877	299.17189936966565
101.70391000886812	296.3804294521598
289.4086197912869	377.5483446002593
112.94669396813862	22.291973488326235
285.4616388138639	397.1829319391914
291.91307392445265	189.8496819631548
312.9414735778961	376.65664786155094
177.53079534987083	3.592627585672356
100.84817093991856	384.6567057681987
166.12309234363815	143.443319741032
66.97328167591462	321.333196928694
198.27901309036608	279.84629929221904
134.71350198261533	105.03522900615737
203.41863025706203	18.16140689330675
131.45260253424988	364.74408941190393
230.44574275375214	78.44176617046942
130.29562592504982	262.43524149000547
176.257815847415	153.69864949859286
366.36975869239103	409.93235433725096
277.2134187775338	414.01538256489283
415.5926188951601	197.785294460844
98.79622193257418	158.70974679694996
332.8757266395253	9.092639891488286
14.539575370714516	38.448496798835954
162.77561092529695	234.8223381500009
266.52843924626467	44.70347895317358
352.9343349074953	402.5409769733791
148.4848031263003	68.54357525328189
312.75956288338824	11.959600881932085
245.031936860244	400.4921206252353
242.37936470972136	175.56162499255092
378.2285791944162	393.72778802404537
116.63761318879779	309.06309520422275
280.2392599214245	341.3670896062343
179.23824187687566	221.3160601145904
323.07473654229943	106.11086184546394
31.652859263791996	31.330762010868533
322.53068195797704	153.4573092477341
279.229327011869	48.14781612773636
72.95163269405215	158.49417901783417
188.2814814957744	179.76460728135072
242.30181810254444	46.63437811185152
34.83750086729878	103.94465226705137
292.7452094008951	246.61484823061414
322.7463898516152	270.33335425093327
225.6609441670387	184.19262449501687
56.85898139040498	297.2606349702912
228.35711255787467	142.37027249896042
333.3011194886142	291.34497780361966
0.15181691148926932	141.35181997016988
368.9346021112469	276.41107034672126
130.12190412912912	43.12994020794984
90.16764164547025	364.7857195056539
300.17846206963833	163.10155113348253
404.4441347207768	411.081039229376
238.04972462199765	333.32559661688146
403.44937616981946	58.45404615275026
251.19819701745578	280.2686959028695
65.95092530904698	354.60599372880256
118.7702925843694	89.9940580900884
261.38203257915643	220.20563287387023
132.6793064477381	64.09528288272608
403.7016627689796	19.43854373287544
131.01142217191273	348.833762416929
77.60140216561668	95.60348798426232
344.59589240021324	78.60012762333781
15.99848120064261	358.416531588378
213.17528257569177	331.44264022800184
262.1834694037815	262.51283348434055
106.41583723189754	9.871476694333388
52.46661207070134	275.43196354176735
225.90000354688598	105.72429689342228
364.3627976227935	377.9172318473097
329.44127891949233	381.84975390554206
291.98498072906307	124.03429828616294
142.95799699399592	49.64340862493768
221.5298338147698	275.2977234243354
367.2904640234577	188.0744132919445
147.2308012913126	206.79590873466404
164.85168890780332	17.78826021419747
192.09754176854597	302.1974211778342
281.7990274115336	280.22186549286164
251.98860353351236	185.90806185986966
143.836937666799	152.89338518220706
418.3792688989739	390.294569330787
19.619589420276736	341.50430709028734
380.96840069469215	47.52503560295642
311.356638640342	236.70456596471502
70.14250808101603	9.78410095132873
42.99285281671941	289.64415008549685
291.5027607635079	68.48482333800027
44.0448594914152	263.888000778486
299.0867539993142	150.37762058222796
165.25896682200562	162.0651705549271
419.903815079642	232.26605081559214
321.82179395814427	223.6971498992857
340.9093104276759	93.30546274255886
382.0821906212267	147.47146466563672
186.41725729990978	145.2343107983119
148.18010044027136	307.41807641812954
340.48334657455456	280.4495065200004
168.51210428662714	360.1982619544012
146.50334689033008	179.00580272552276
