124.98420781129744	385.01134173984855
383.1674462154315	318.8246592520131
148.91760333352946	94.64667996882268
315.3697699160364	367.8435771238649
68.15925739701294	125.05982107474513
248.72769810980444	255.90538431274635
126.26660503658889	8.2389465472475
276.13576959641546	364.48338136766034
232.8480367184651	139.48996266061155
217.7723289327044	219.12299943856613
288.7138408002754	349.4890002438311
344.5746169316434	36.297880763378906
357.34112150025237	191.2013162593579
237.3664651711396	294.6152706230935
131.64886641426457	49.13979067117231
305.49429738641703	85.19942240313134
359.2145351870264	0.6941797912780409
350.9496217040714	294.0241775577266
174.36143771425697	297.1092871051465
418.764663652074	118.25013306644597
144.1258167660123	213.17569142519696
176.93823831010855	132.96707069653843
69.53117640288018	242.43769252879574
92.686385548137	31.549737423087382
172.34736591076296	372.6241180940993
15.97436683433528	392.7189446528894
88.90712635342113	205.68200441629625
6.462178062163768	283.8542272712474
3.6099895594489397	0.20822580503353724
254.7094703879067	166.2033235130246
2.461682144210722	138.44690663836678
329.2877769809507	354.0139238926664
330.68607784402974	243.6390429350644
107.93733576250541	19.605262314594587
69.33210781871321	412.8764749678522
332.35918491186817	416.1238537025159
315.7245651631292	228.76059272897552
48.862623327409345	413.89835053136323
81.00394812489476	143.6810111438424
54.548316526119194	210.44525517748912
382.57476590261575	182.03204330895338
28.387166424569315	293.7093146158671
219.85774993457045	307.71738825535857
215.63814401288516	2.9520005991460714
208.5051517915134	56.74582697022335
402.55284480002916	29.282664662381844
350.27259782294277	80.41844127559675
191.94499833139156	97.55303950104917
347.998466496502	338.8185327355715
271.3447314338507	47.5457863691979
35.26970723820316	217.6734686806544
85.31615165120995	304.2883550611839
252.39857554864776	226.37424805979094
193.6883041203339	378.0178698328264
215.41124045361624	396.3629259255635
387.2752990913089	258.2117916392978
270.93164479211856	404.55105932382054
114.30083809881515	291.9169676014198
34.29674966133752	237.59646497930646
390.42191344462736	163.206386870246
58.209743769918184	68.9888132655906
91.8048410011865	159.83510599366258
223.72427669650463	196.0311802584003
261.48315328155144	312.7551452012662
25.464036350940862	414.2802910049628
41.04526346325852	315.1575386101806
311.70923334075155	277.3545115474835
33.26906693855807	35.504467077788846
1.2911192905925113	324.2267183479133
385.32798740281646	391.16615199626654
13.75111440880664	36.70734006914789
282.7384903089941	250.54602183674072
215.47131963725982	374.56337431055664
90.77410942434591	407.6399447178899
87.05067394979535	12.718149822004795
239.4365124924524	110.77131315881681
156.43606688267772	285.6781393064408
7.145807777293853	264.7753597851468
347.46519113478956	110.40655950253759
19.81624865299425	317.1563713778296
331.4641497401442	125.67369182481764
282.56565100599965	383.4648284655647
231.2548540814745	91.20654824882178
312.0176166630611	297.5968151203742
146.26167064508988	115.96166992450853
57.30651125904059	257.8223268415531
354.66676610351607	250.69898072007425
97.79841694789293	353.23774230167305
274.3005221998461	160.99595394139888
328.56798308859595	334.0050835661596
403.0059140718248	48.95803557508487
155.63601350312166	247.7278159551738
51.16469571786165	276.15497128908277
255.27325186611918	363.43757972805435
382.7114893646329	118.18382809485291
10.162920649349752	178.1327544436308
125.17290797601738	27.94560218364012
163.86376363370425	314.2796047658873
126.076256294807	347.26689025623364
15.291413716703392	153.48874726655393
402.43965017529644	9.824614030127654
324.27297660214805	396.1018496583186
366.7125542708933	128.74516802685076
35.2981746606501	143.19038911394853
417.15422853938077	235.39121220992138
64.12120522258377	307.6953738834882
195.75097942386327	232.94213670061276
220.27339743368782	72.76802427046907
184.423089761326	198.7576291618368
19.93225398036224	17.72345613818941
195.91285739363394	252.10154360551
271.5331819047841	224.0706212123271
62.9715716746115	371.39829887858855
331.7953954721837	74.78527065350436
220.79544137736386	173.46781485962342
372.4978717997488	405.532530402454
351.3110129802307	273.18859758364385
188.88360193544133	149.26096652304423
404.7204223316161	272.9961368539664
291.2343815238123	147.22082749737118
74.51880437634483	222.01994189267208
85.78741838885108	375.6418801193914
380.8538553863183	221.23266321482487
167.4602284765432	151.40737997048055
119.36844039236892	272.3466863188733
234.54230568941574	159.85428888004282
59.900513698657136	349.8872800248159
399.9210574236432	333.4873920966547
30.517809953067186	165.61061001265557
364.5054866574543	42.93191384751309
149.9223478656426	59.67776777631614
221.47821744811037	347.9092459747272
346.5612643983859	402.2216493588209
238.2835453523248	182.6193653558652
64.45015090286199	179.7399263826344
272.8678871548255	328.2516575330538
138.02567554098678	174.74438425110645
213.3438892507711	149.23821688966302
36.39572661092219	341.449590657243
369.3525397339194	265.29495961203986
272.26144380479576	141.95915089286933
213.16686971797807	269.64754094537716
202.68892890602382	204.371811957139
266.44467640933794	3.7452840633052276
346.92621460468774	317.2580790271839
129.40838404249692	200.43430540456853
50.454336539240416	166.3593683081796
364.3526067636423	95.78653276922645
27.476994381123326	89.2887645327878
90.62884275353805	51.27855325139245
100.34733008637234	189.82915453786535
15.886995499018076	336.7728514070996
410.14195567034733	67.82033251286809
415.04967440141144	165.49589704297597
282.4477494256559	281.2310970233238
161.47407402338405	43.953537756602046
287.8376115340868	75.40686975225745
399.1393337750665	83.80062587647977
268.5585863273687	264.40537670278786
265.583882242265	345.9090828326772
415.90802676829384	391.36207285296183
145.49494671075544	303.6036336205618
168.5655010946221	114.24746968666297
77.78166239345633	393.0397154737575
156.50953322467365	402.68631210870933
349.3285069044659	158.61152629591783
200.72190561983874	20.1480305627449
145.91856369290375	344.0782476130582
401.6401629071478	179.79744157441954
279.3788361772477	200.56489844812756
182.25098079887337	218.98571612972566
36.868633537270156	398.56629967516676
309.2385259607566	409.8427997501288
46.05984122199924	127.13901346055512
259.20603568206934	106.78104273641314
334.8098316605095	376.46295431862933
78.36909438417321	70.55778041203884
159.4633880154717	78.3387157631784
358.6100964608123	62.156204591927526
57.01947531645299	328.57862300645024
391.94306954386917	239.47541783980026
72.29103031024782	30.944012862099576
198.73133705431383	39.119862303968524
304.27772299610626	22.44101669364877
326.25687472904144	29.1405669752867
175.53721629594668	236.9511983792817
386.6587698473329	418.549591739973
404.098863116993	146.90106099704167
130.8621772166138	249.41696785507548
96.64180701936031	124.17702288160736
37.50517435662423	109.57493738218147
82.3930798901551	110.00183563811747
77.43375084252024	357.8536566860227
290.3403221006894	36.4932120468861
235.7469500711707	387.576596526054
232.22071141350736	410.2542784811701
157.81955621164772	172.488494903647
371.5641344683746	241.47590701972874
360.2332518617357	214.36770499123529
338.85177283353926	196.26135845807158
196.04266934441168	419.4230787467383
177.97940976550393	352.5322070539749
202.53972613481517	320.27704713999157
359.78922717157053	22.5194678471472
95.20878683545267	283.98580074899775
264.38985483825	242.87409619647406
105.539071510519	0.32827140105509134
251.69045918099468	126.82229549350637
296.80090657289287	184.76517484649574
181.17886017786034	78.06075070100806
360.00680874167216	387.4156034360796
18.5067368215378	206.53368693135783
25.41331138045103	373.3945862273545
258.3799623022686	31.12792978054872
331.37716544404003	281.83406478696725
20.158868279756145	123.67514089376803
14.685108906193014	72.59665975924345
278.09181661111603	180.79186976320608
38.02018338966309	260.137067833449
49.00968562581749	50.86640822806451
404.1713554691149	406.6000418931197
125.27598955669396	312.6320854110338
331.7743485264013	93.94035761757513
115.47635929192808	330.5508749352584
57.398026880551654	396.2752782036175
244.68359077287283	8.659081476934325
367.8751931154999	151.24915331477087
180.91985869643608	13.352757367509053
401.3854240327987	292.6250854030782
98.32005615070855	263.43007381716706
101.9111810371887	386.053079290484
55.843695333528025	143.72803775817428
159.4801765108248	2.939865807821359
17.0324322420256	228.94928813485862
15.658608329183298	104.70768837085498
223.89966355518374	328.3236012286704
296.08762598123303	316.0766003059738
275.2260207280245	22.00214704336127
304.7962114748938	336.8532689667082
383.48102297347776	299.22705659527026
238.9478986831396	212.52092548753603
290.56653684064815	122.27095576131951
119.9909938932217	149.63718806922122
115.04069070947713	401.7368300613068
310.42453755051713	149.13812705883575
197.29537836280437	283.5086243096931
110.81097101171432	166.56003145088962
72.12464000533446	161.89202584213697
117.60141738689454	226.68179308039495
148.73543575171183	191.89631156613189
332.78850884167224	148.83470700674917
365.7053799242904	368.41119089728784
67.671695357244	91.84377059361616
176.78693388761914	256.8628749116158
136.74407539217674	284.58281604495335
271.7460587985969	86.62657169516
48.42743261733583	296.7398651757962
154.47322202059922	134.63522667468234
291.02179385437705	401.68252066705094
20.32648162683551	250.66959377313935
258.6266564684132	186.03894106301394
338.4702909206729	14.428601692552782
253.51655289191012	330.45935587578526
181.40154064010238	324.47044172020964
393.365763390846	352.7342692729545
109.2230988291676	246.7800180765937
298.96552456261173	239.28850687813593
312.10799364999696	66.57017117567219
348.6878680142289	358.7118222552744
110.67357036881414	85.58503092149748
409.46933469419196	253.93292609661043
162.6547609243652	23.96473111798221
250.8906976766306	403.35275494636386
404.0668553428099	370.7841422371406
155.14515045176236	363.66391043386517
129.80528349893228	94.76919598415327
295.7466233148609	367.75128102339056
199.44819086693565	165.62335989644595
192.62782275806748	303.4212849928598
337.1517643958532	54.60195717434728
120.75206872981644	122.98083041357799
40.79868178777791	12.211254226400172
38.98944672986554	69.53105840300194
365.90313765123113	172.2382000273473
45.74836102661873	380.98619919976585
17.76714888231846	355.8596473630002
213.36332155579612	240.38231490318546
250.68686382956028	87.50255628573349
373.73940840340765	348.67103926508787
312.6182300996052	43.500556155873
23.53103554042605	274.97723336871286
106.18238638597045	311.70759040636784
319.3597740722083	209.36637821471044
241.42925072452775	70.69430458845855
307.37250017694635	385.78811343598113
175.50962062913698	411.53912821614017
298.2458469669624	164.99532154969336
71.44439583623894	51.905320375971094
333.92906270276245	262.8224200647546
402.10054664052234	313.5230389459047
24.403595706283376	52.76225613557412
385.749356725652	140.47747788783295
207.10512057996473	110.54050521437524
295.5848023856594	266.52882153035773
241.58613394521714	313.7990309335933
378.9117116154452	18.1805495287554
98.7251529256451	222.47629996570979
134.73631646899847	136.56890600316297
143.3230405817401	265.48364531061975
319.57395160893003	110.48944165150394
141.19134167934698	155.18564635178817
383.1591146878072	279.9864675138099
366.1979072290809	331.0149197821087
193.91038168639116	398.3894175956264
419.24292189830356	212.09019096665614
75.64945721464522	338.48961997076384
316.7627390429817	316.3674961622033
134.5256818760427	403.4602049216041
151.29751436413792	383.3745718113087
210.01152182983324	91.0339907858764
417.03360218674857	192.8637182384454
224.16473426914888	122.32733285523844
144.12660461163188	34.60520110609559
222.84355699834893	20.8540025638255
270.6931843631878	122.24681606523525
164.78961365274924	336.940451257633
158.1795136119104	228.00828324676198
250.6881340479231	53.03119116847555
384.9007774363798	98.72143621643635
47.92502701371446	189.34016278272526
42.870042905443846	362.0160718093714
366.51039959150427	308.06855671670223
168.10538559829374	188.82637336522913
78.45965770071165	260.16688521412095
383.85724177383577	38.073599685186856
113.43157273240139	365.1770528597685
110.67402272497661	46.135093485556624
202.20403316366247	184.81828777850447
91.21796740232021	240.21820768344938
417.8006724731861	352.23023686701197
174.7613259882481	392.3942966025639
179.0213418613004	169.40104521963158
189.74560883749868	118.78797328732432
291.02732194066397	220.58197532360666
281.0741320285843	304.02609381833827
146.20568726449764	322.8477976912009
300.9688094850014	105.23933882322254
51.332923796923694	28.486329803403734
215.75185783423015	288.6519644538263
95.81866731834775	332.7796565232273
384.7204121609146	371.22759006297315
197.75580620702408	338.77853153937104
0.5201135634496605	86.36130272972446
254.45028059589285	277.78722987954717
259.1092512256332	207.78316852996085
98.69147318597842	70.61288021135427
348.37277486755085	137.04509153881642
168.92575336671018	61.69525693945134
135.62365661262794	75.10803567087996
321.75764536167355	164.8908357978983
281.1441843519516	103.31298007795532
333.0956760377719	303.24251220379085
171.47481275198146	95.39170977930439
27.17290151535266	189.01510449976462
340.9865002610277	176.57733239636994
111.28755942139148	207.55374569904458
261.8211922225016	387.44353836804066
301.12253541702154	203.4923733022881
101.45880945882098	143.0412897857141
294.95017739894934	56.49025800372345
371.52788914011506	77.307023364847
165.55185885513822	209.50900617022592
218.26077148963105	39.88319780282782
178.91862821185288	276.53709336424123
319.33759076046863	10.35866005096949
235.92539680520136	237.59000718091045
263.95862931995083	67.81982501846383
138.18426990672808	231.67817106873838
290.61542972203597	8.266308002657413
238.4850859948739	35.11561572414379
102.7329108029028	105.11574420837884
84.20327675771362	178.09241571362728
226.5758070733782	255.84389221313285
136.16511563776297	365.5577145413834
250.39545546696777	147.616692393757
320.3451790504379	188.0016959144595
233.92388121356998	367.9040449236894
66.98778124840034	12.148257991303252
235.01288200128838	275.34564535049464
205.49369470244432	130.11345899195464
179.98264858959243	34.311951533524834
118.38533439925592	64.24376712883448
52.048075926985454	229.8276123418993
230.943749067061	54.63258680764275
240.72588180786298	347.19031335327156
144.91875091698617	15.372210519113663
310.16138341819175	129.5223092467274
57.52445259022351	108.56460284411719
71.1087737272169	198.35016063677682
74.51006712257099	280.3642146419437
47.78840947228165	89.51513413882712
201.1384640528488	358.01414959882754
0.18839880897799388	21.178063716023065
405.1426331045726	103.4066990018919
342.5000724784875	223.11640469722386
398.4221787465358	200.2557791233901
384.87748004007966	62.07752666029617
118.86164235652438	183.93899378092513
187.14242988821138	54.501873895359424
86.90869000966501	88.95113978744477
400.14154051658863	127.11801388332375
4.799234316026283	373.21070893575137
2.855575876745479	52.93845980740422
200.2091916550547	74.06043811265802
377.6712509523203	201.8665319349839
314.64215115932205	256.9502454444327
419.1763406490926	303.8592009402901
399.9354657057596	219.91799784793605
