216.7817178250747	56.64135007550543
405.3431346772289	397.1761380516775
370.60754977132467	216.28924906877913
346.17612394163865	343.0041923692954
408.12548287164145	339.79174193097634
164.4900991907562	184.60838871240597
268.2292014058978	40.8826567412433
98.69429755262598	392.0308622198819
170.27706111604522	320.466999140812
385.2234538962177	75.60113005551781
310.04554533798574	43.08360095987561
228.004680914385	158.5507195698104
378.874928691605	99.30201371584093
215.32595190207567	19.404612739739175
402.79303193588146	24.52739836665904
129.48981826225477	56.68989851352029
27.770985032662672	152.83696312829397
333.7051324474226	176.31509876657927
258.8143676300702	247.40685244609398
18.60757048920564	177.3102175169352
161.30514134717785	16.153007974815075
5.280295056322526	27.013668109463048
120.28697093142894	236.90932188956356
125.68622947687837	129.98947407567394
304.2523863251809	152.11502516094382
216.77466179344154	317.65167678652296
78.706044996114	303.95444750883627
201.5875754892985	108.42449014203683
118.63485478468097	112.83793346607439
49.40553473392899	270.29096306985457
267.69074847132526	379.3120195387309
233.68435093155904	178.74231293840768
233.23697772776956	309.0448762178381
163.58498842684378	373.9714087995311
154.02161780742176	60.13627790915447
22.180829765127058	371.59908080556454
103.31001440319854	123.3623313095658
342.44529630767806	89.12874129391915
184.2606209612777	188.52184967997073
291.82499705728725	364.4772519323944
35.23211197093409	6.011684695323211
89.02935353469503	187.70613545098837
24.335805170974588	410.9064101158483
206.1142675217215	334.3803865442424
52.60255636223946	91.60904329140412
154.26911045072202	103.55186599211237
128.59767320751246	335.2215452043506
247.2071403162873	142.40594485320375
236.03700841313596	57.81461832079065
262.59654002833395	181.71936703331605
370.48419314126727	295.0701834188189
158.36321271138672	236.187315905457
294.2553090426164	409.6313766976429
138.7235082573839	21.17330680197056
87.49889763258736	285.50070897859524
175.11813563407847	43.52279779463704
414.93697054244717	379.78880222637235
372.1520812253004	235.8652623550429
54.02621852786073	359.2538028436178
419.40584852651705	85.06118839565119
44.40634323588313	289.17846582799996
101.97709117079945	227.57096447291627
205.0212691722885	356.0262979733512
236.72593679497203	5.659339715309705
268.0564697101595	202.463891596371
175.7340155695013	65.15179195239085
328.6225548436728	222.01835664562904
327.6344786660394	241.37796960305892
195.75652322517226	207.6448390366531
392.10508413268155	226.65004834711377
88.90533061156907	8.848796988747822
205.77664736440215	191.64464127369874
251.8496847386855	310.106050410929
97.47729564461429	144.01445441928058
373.19452314698117	372.2404929426422
343.3769651425312	67.22425368308919
36.363687729754155	32.953025207249674
408.98214478803476	249.71160413532618
74.90659354509917	390.28175030255613
294.6626731783258	319.71193352628717
38.325304956915325	185.35018885560575
211.61301796099016	277.9297660123533
240.440803882741	244.537026055691
78.03653968083427	29.287019646312956
11.620842225779501	279.4713713560063
189.2939992158557	77.64707601162945
386.42672401547264	144.3094571233196
264.76870686488473	338.4537360890917
290.48263785623294	8.11772748011506
388.8568110358658	266.9436201471065
255.2367798540453	82.67963562655115
282.40777093778115	186.55838125389965
313.1151366456886	414.8921462380081
385.6434451501914	184.16426047175887
370.6651215751849	196.67781614516278
382.5626347379437	165.52515857921077
288.17642364609713	274.268213207943
307.2979868922041	395.8570226113785
237.69679925456785	377.34271746592754
22.649416076286347	230.11802022189633
160.6869379032195	150.57890280802246
308.36012409837696	132.37593057946816
384.16316516926787	29.364647761557137
67.53635012198333	263.78851312030406
59.38033829540542	305.76098602699483
271.0041008236756	227.7335741592504
90.83601804812513	318.6540040455914
195.2963522519806	58.966305518943045
327.9100432424713	401.3469671895034
356.5718408290563	102.44461428457474
229.86836343246193	283.90579318101834
121.03851384358813	27.12877238763946
259.8625917299759	10.011790612811058
349.720443147718	47.38816417407964
218.23426944409036	298.34336617405296
260.0407963652108	272.13174372936334
196.73626017508374	30.484945816760764
295.19843903933906	201.76017796651396
323.07952315239515	72.03438287136524
273.7618152129799	286.23694083441063
14.352356828812852	139.7710728168067
165.00711784529935	351.0421832243584
174.31491169342704	279.1503594990832
238.3496827426119	119.8268948118566
120.27217552683504	407.59880365965915
413.5312729355354	121.72256426329756
0.0360305183983775	361.5547393464057
367.484481008656	255.73692859451074
257.69172273391285	103.63143630529106
217.96346627258183	378.5622807006728
167.4645206854128	116.68815627606712
348.4952210940471	5.569599505038609
198.64708204125367	226.36552771351862
166.07680931244798	415.5677842222847
3.0840113776223297	61.73160214392445
32.453385192983035	354.8622544946467
313.6025484196319	210.9408673825167
25.66795992019742	323.7188646537263
102.76848362247846	60.22589258273604
287.53868832779415	382.87911044215815
79.79911001661576	248.32261467018657
367.61961723205457	403.36382216297284
135.7895730603078	156.27753120234436
244.93275790914126	343.90191961785484
143.10341701307905	192.211496596373
381.3213367669956	391.000808383125
320.47251774767346	27.73909509495283
197.28717054903595	311.3993000292186
355.23169184490837	269.8284077399471
269.8550057548588	315.0942159924622
119.0549106096478	380.272385915471
345.4606220390875	161.4898481895567
412.06479107592213	43.947424888771835
136.2817228289254	395.1168340683214
417.04312313352796	228.2357412804321
19.299443622238154	42.149104634602274
114.30750646724744	44.426821197355146
152.16362751716287	254.42789740911917
222.77568358622335	348.1028574092687
141.41992671797686	293.1196527364901
409.43599679285563	281.3852643447893
149.79495241866255	84.63579969743408
277.58310922389984	23.121932041124275
40.467500249104106	53.99626268162015
312.37056798358367	330.10246028048806
398.3592414994074	357.9003431715584
109.74009528987423	78.99033335020842
337.7722356744264	321.8435349114314
28.620850844241463	103.40435136078577
223.43568525924758	105.06906333581102
231.154419011467	31.92811069948072
88.85839964160346	107.47258098719797
137.36914321558965	273.52321976481875
68.91307135292672	78.23431147383693
83.58282352260329	225.5257656157221
206.7800595178063	398.36464496555425
157.88602185231358	396.61505599942944
372.83444524084683	276.5562987072933
294.70001652481784	168.40790827571084
411.8356938258795	299.9035090146164
74.08746707410137	54.03464016311943
148.84726557312155	174.33781514599517
178.06295716364951	301.18354625371273
92.77687697683874	43.927998433623344
279.5859266563598	95.81261495236934
132.3505899615319	253.39869157329468
33.777347650645936	212.70630001355613
5.494906201555824	164.29224051502044
338.0266968902639	109.86323677759157
274.1611190877473	417.3926407085748
42.774063484927915	166.23944158638636
358.10666153628654	121.48752856526849
22.371692373498917	19.52320993232065
89.11636618179483	162.4798356563877
197.74234983011206	380.8206772815574
331.2912241637713	202.70588641265442
395.9380045571996	107.90792977986902
142.50761285058198	211.65328842349757
222.95882965366144	260.2270830177898
362.3419718918107	67.71128485342247
109.42351944068275	345.66893914679673
86.40722757541532	69.24431733344257
114.12332610844392	259.39351006026743
388.48782897930874	333.559225923694
21.73035234084737	296.34211616933425
307.73292552294834	185.4644042462891
52.31194784284172	21.33325273570202
254.56290125789573	55.297083421681066
171.08637870516424	83.21469810711005
323.58289312903804	121.67008132317763
340.4025700144012	130.5411602795995
399.7161201374531	89.61847131769031
125.96032991680977	306.7530727142144
72.44459938475367	324.38088811643473
330.7681000844977	43.764900532387486
175.4614319722049	135.6507429792064
190.34850218066242	123.00457202279941
303.37573639378917	63.58791339411008
56.624385907391314	63.13817203027794
319.4809709282639	267.8086373582583
350.26310606303394	216.32547640015753
381.6239654013254	123.68244589103445
348.4019530465594	193.71567929735835
415.2995614887897	145.83475059931257
315.4857102156051	166.77071306765322
284.68818031348064	75.51492443693547
67.43530264332989	168.15952783475302
213.6802498226163	38.2282448053989
271.7668924194709	357.08839571038743
385.5574307519974	248.62409923856347
173.068284829688	259.7508667920489
0.3752038993525967	264.74858997422183
298.72357555294917	91.76019352210875
127.4826316230544	4.976916251231898
231.4421984681778	331.2515423786216
346.72867376228606	401.3393759546609
92.80619769105428	263.5149101329918
3.349857505701551	406.2783864625632
70.93058302102413	147.32171704231374
109.75736164420094	10.330758334616625
205.5392920340002	138.19241287741966
52.278115981742744	249.0174067608153
126.29693120975314	361.22605707992057
221.70142044386932	241.04633272380207
182.85109738594198	241.61027585144137
414.57855027877764	179.88276297381836
274.5155294615978	398.86185942709886
225.45182459179446	138.42364385430523
49.42463929941023	399.88112087452294
288.8350430968194	113.86362768984856
22.92881016368896	196.97563017278878
153.73089221727307	333.6406890291582
9.286406310614373	310.6236781399153
215.10614043965612	174.74624760202428
184.0276495071672	1.8247964242522465
90.11261836984447	87.65335973447708
304.36447020488725	237.80612922625392
70.04050133606961	102.32646815412848
314.53017700953984	286.145175319785
374.5478425835086	46.260012033264104
12.051783528577891	250.38488095613533
156.41974925922617	274.641101909872
360.2556953804163	178.8976396602587
199.01780818863466	292.25064654269227
195.4628643696767	172.9495993289678
98.83001930076277	245.86601474884566
12.782031294717271	388.2536199928841
99.99637720814204	26.27224074968027
172.1083425344911	166.508477274129
183.40983415749966	333.45536057516307
246.89061551829676	162.97838151266004
284.44207088712693	302.268273024839
361.66330516449386	23.243260739085773
187.84903956970905	151.69844007605133
52.34481257172725	112.11097288460049
292.2936815756962	341.80230423274884
13.251198136865982	213.3212365782596
214.56775365845846	121.88194582217739
175.1848833455706	214.94275607661268
348.35388897683174	235.05022889676033
68.42591635923624	9.930549140493975
13.995537062260695	339.42053586029533
57.07847249449889	43.55629950581076
183.51738198901043	364.934617666634
130.6504026666276	177.5044815411778
274.79574369432754	257.68533002612844
371.4272577104402	6.3786684275624985
70.46409602408505	186.86057314241728
248.66372493062934	393.9291914965787
34.80583269172164	385.99559685085705
221.60909723925383	412.01982356386543
36.423425259350346	122.92729428736531
4.8805169108581685	104.13685629712387
36.77728787688514	308.95375918226733
339.20843573989146	258.2957593583214
52.214645430125515	146.4096639988528
271.55632364565054	122.63800001394108
140.87828516645538	376.50841257870553
207.45373507383187	72.85125509263769
336.81003707409644	276.76869095101387
251.4834590245951	27.588790311714916
352.1423318578507	296.45714182287986
11.043610487302583	5.001612304255198
335.56384649753096	378.38522493868413
380.1210482137222	353.8243336208832
302.24692684894984	259.72584503190467
146.94636300730798	1.2117336559228074
307.23603911094625	112.83099839015783
116.26150183850761	148.9101585476487
62.10939786195702	127.70200209766696
364.8022229105011	139.0727720397146
390.0317896112586	9.495335986770284
179.4004921234094	386.60698334928395
308.3455288145472	13.217143504465055
51.59249935799218	323.63254934048217
121.11601411436693	216.89491887329984
243.78603458614455	263.0098950978424
307.7085327588386	374.96475937535604
29.839645687037407	276.8119503223999
229.01179935484382	393.6632750720082
296.8832780410255	28.825078970929628
253.44643773714725	362.691498878155
405.0667234343099	66.91355609298525
284.68590114528536	241.091367301973
225.74407016235446	76.23211272560395
294.15286823398833	222.41049791895983
38.85483336048201	77.14823414746593
252.66131943002412	220.21548429412076
303.24459411763615	301.95298698098287
146.15542986799917	358.58512210591624
139.48783858426947	235.7807673295149
32.42690241961764	249.76095914561301
128.07376415137563	75.51879643334546
248.29694257845193	288.93869907886415
388.81194254026224	291.462575078835
368.9724423468437	337.46344189942715
87.42933260848925	337.2549474723639
203.77530323853014	245.84538711702191
39.08922380083843	337.30350724436875
341.43404294473544	25.472365430190703
100.57143460959989	410.5857202455835
331.5715626027034	294.9452780544455
269.8320673822599	146.10299308304303
86.87879077995144	375.53289083567955
365.0236350404105	159.5079745015272
389.3617365479525	408.39530756017723
57.760118819593835	381.4350229648898
393.12554876095896	50.535806297334055
153.19075055414913	129.1566706577676
406.864107627704	415.6556605598583
18.31441742652326	81.7977580007945
324.87995601004013	361.95043769219893
288.7832874663528	45.56780991504548
106.22151825044469	98.95814818155942
66.05280060967299	343.4907903014915
202.33851230701455	417.69981750170683
159.99416646818892	304.76854892466275
319.76192800663915	312.8547758514566
125.65427320099704	198.88615958695772
230.60363186495871	222.05160590528982
327.0289109735964	341.95400332541675
74.07748396214689	205.17590674789218
66.57460630904193	234.8786165329168
206.70190993806204	158.2669524951752
64.11184845515047	284.49019819640176
275.059177902133	165.79670138150894
247.38870920913664	197.9148603652545
23.275889912250612	61.069762017151696
80.80662189354499	124.2264117381358
238.71793822674894	94.77365175356773
319.78227661444157	98.95757656810497
136.9726850551665	114.48518402130057
45.59992727680165	231.4406692728754
140.73060201234927	319.50336404090405
76.85566217781937	412.4443776403116
106.14259869808164	302.2685949403479
123.3504217974857	288.4526520848244
105.23625810525682	367.12040224549094
214.07647541160807	213.04314995054477
107.7835197004275	185.88606531439066
188.2562385832921	403.7663477684439
112.70890318560167	322.69001369128085
273.94745869215916	59.8866450005625
307.8330045033737	352.7566818842464
395.90694932421786	376.59984461082615
159.4285480084573	204.3607209059087
193.85142461789	267.9338653275091
287.8062418313194	139.41407996048574
359.9594829580576	386.24564708770583
71.6874734658204	364.9747709498388
59.33383975748422	216.4735929704987
404.05351407287054	163.7575123836858
329.478583539711	7.458201293304381
359.52462916154684	320.59526068335776
365.00863780517057	86.05651261586596
393.23057233259897	207.17309217157927
102.11312851799892	204.86586287906337
109.8002548969524	166.65206982793526
106.36042999769633	276.5415906935139
179.41804960283642	22.513079781941506
52.911421748024964	418.50359105085005
124.4298469160299	93.778494563017
381.48307891796594	314.7257825103383
328.466663091682	153.3300953850985
412.45158632564477	209.91839456909133
16.722735962011825	119.07917922479152
403.86272822996233	319.43470506418043
354.74912526086416	366.6179062127509
254.08593942554336	411.60736979994755
185.2699645872351	96.54239833881736
227.42620488801413	196.92466028722575
88.86661733615847	356.86333722161305
154.39660934657041	37.342756774201014
