201.3232814137033	59.149890476554354
402.84390083506366	398.24032394388803
382.3714090286034	220.4042813439892
349.54419432799375	347.39582893877946
401.7300939342873	341.17292630228746
167.88114181204625	184.06251236618874
267.9735684308564	43.47778102404922
95.40535901407978	391.0058830354229
166.64706645829932	331.8761951775144
384.8162726539736	67.7255377157924
308.22124583114237	46.10164073934114
243.2124754560737	151.52744485725074
381.61460245019157	106.46712292298902
215.9983383820885	12.685034813691969
402.53102149636527	29.20446657495385
132.56556531579741	38.44367216507694
27.39437758227412	150.940886318875
339.2392364526552	176.68620999088944
261.48214246155084	250.80513691322687
24.079132453533497	177.07074950309516
162.5256511874853	11.056666834348054
2.341212939537445	25.188590062144762
118.5435198767337	241.7436027417452
128.52238596400844	129.87104319995905
303.4699227629932	143.98958285259286
208.32634972544432	314.15373313016875
83.24117402094569	298.38219046434784
204.32666702132542	109.54817034303359
124.6861010376279	102.40670378940492
39.0451026997443	269.9441907333656
275.1521284862409	370.87225388178507
241.8650727971633	174.6214468224573
234.36695856333378	310.1174778590508
158.97742367522932	372.32188630889556
146.72445773936374	53.65100386736555
10.049509287253303	363.64537615312156
106.73407488249195	122.18611273336683
342.49054060891154	94.06943432946828
186.0744677007949	193.58754541083962
291.8510438429872	358.76127606355044
34.811798022666224	3.349597071923047
94.12962740931526	183.54173362491377
23.38745424345617	407.3826406222818
205.97676122274646	335.1552233505413
50.95552108784824	93.34206873138015
163.71875236552802	98.28733670038017
127.70662836673176	338.9481033262943
250.79055935337144	129.34371022120283
227.68369061968232	56.0551418176494
263.29312441289045	185.68370621587235
364.14095269241	294.7502625403554
168.3801276067465	228.35002919130238
294.0574646826889	405.05167910982595
140.09834576756006	15.14402896674825
81.90609169801893	278.6180582371442
165.4072934630032	46.05089334913616
417.1313228836646	379.26727579749115
366.345488774823	232.85592820800335
45.212777309057955	355.21022258410727
417.0155707480099	78.80629117599709
40.80432546200554	294.5975384660975
102.62563791006806	223.95238149179252
200.22522343152104	357.3532274893085
237.95863584415224	14.177635672675853
274.8496606173244	202.2427965004947
178.84921492376944	62.22018800824039
335.35972898437797	214.67365623714304
323.141238383238	242.03202658053
205.83897354958583	210.84711823111246
402.9949513626232	226.34076108675424
86.98143706389084	13.610031196696
203.04798555792917	183.56053427182619
255.69981405972703	314.3546279977402
91.74004459114221	139.7755715937029
375.8461110316842	373.7213665816512
336.27847579418244	74.08622297103506
39.82251484985531	38.597252699986065
412.3594849810362	245.25449058754998
66.27026659364157	393.82822422296005
299.63377854020524	319.6486443379564
44.55481405405127	187.2823783555526
209.26677578245577	278.85947689348717
240.71316233314383	245.6080721528445
81.36019924978227	33.388922841283495
0.7528820014275279	288.8417913775049
184.364182815838	81.29251331313336
389.1089623119583	158.22921114349302
265.79250685253754	331.36400636560626
290.7754065459932	5.168149512868808
398.41709984545184	260.45960536148095
261.20260528490434	68.76831868652441
285.5542516249888	185.6581650533673
312.9226814294198	413.03647828814513
392.69367714213024	186.3287868230356
378.0312941263578	200.56358281326405
377.38355507378174	173.96642425711588
282.771689275507	285.15127194881205
310.3326320022733	392.65449430410484
236.24804996461665	367.9805944646331
16.541394108685612	241.33481212029267
153.49709017140924	158.6156508629272
313.7296887997828	127.20315857870021
382.54625996864144	27.851268689704764
65.08517873154922	263.94754358438365
63.234949752853396	301.6917544659421
267.98802052663825	230.84414916744893
89.88772622018904	318.2113509198973
187.98902068577516	42.182373346083395
329.41776503290987	401.9792832280471
362.48613710492754	99.67891748967182
230.53060083853248	280.42290838076013
120.93332535450212	22.571873701994182
257.1751414037562	7.376065775952942
349.80199457371054	43.74902090709845
219.51394700753175	297.3682441377099
263.0829235336792	276.66971074536355
197.88734655398738	24.90585057952299
295.259798896893	202.70016975712542
318.1143379408656	66.74416502552664
266.70320503237303	297.8613117625949
6.974533409164675	138.57668930630922
162.52163316763887	352.47076337711985
158.67901043118084	286.30316300632893
241.87532439371248	103.65384575224807
113.78199343474674	403.4801693505091
411.3936424916241	124.90160940000544
409.22094849586927	360.603012550614
373.2439567790931	254.1476669633303
262.1356392148028	104.25446941828476
216.04484688723477	370.8914791799423
166.91583391901625	120.31105692225884
353.31160776959246	7.363329842109196
203.76690672637508	232.34679619681808
167.760274748904	410.5535953303001
10.280562933009742	59.89997579528107
23.898270610602783	348.13856908211784
313.86817182652743	214.5250019889903
12.518866934025393	327.52009239424115
108.0438122288439	67.2774008631702
294.38851079222155	379.835793403491
74.82106994360679	241.13129544188337
368.75535454076487	408.81566210477683
135.31960092482936	151.068281835548
246.3568142875596	334.6548342405227
154.0877960874809	198.76293596509922
383.07658678656543	392.8062190362508
322.21257829123283	32.162860812029585
188.17078520776047	316.4113593485196
357.08772188540286	273.5633518455776
279.3144675173486	315.38678752364376
119.37108912872124	384.52848289487434
343.2107528457811	155.56911029659847
416.7937365475919	44.673270524649894
135.80453200310922	399.0171492637156
2.541389386811128	227.49353859231778
16.516639702513483	40.637493038093574
114.33229113063663	47.368723707561614
156.80055056099354	248.6737123675956
219.9718824251392	350.2630454808684
140.12290018965072	293.2090600829801
399.23756351612224	281.3287873520031
144.35850551051684	73.80932938889715
277.60770744474513	22.38520729216662
52.21353809646787	54.64008594162447
306.9886265633683	344.21084103217896
389.26823804166395	359.0972395570361
125.84451799464705	82.56689572253329
341.82038578106335	329.03123165466377
27.83890724323625	100.65762825649279
221.40462420418405	94.7087619747257
229.2878330316379	31.826327322167806
87.01183769139132	111.31761033820001
126.20794747764916	270.73807130087647
70.46048134481171	91.41516208575007
81.6612120095032	221.37931443465453
209.63226519491624	391.0902805776859
156.15740088204868	392.9219506463512
377.43550042846556	273.7809195396446
298.6645948842477	164.97000920030868
404.3771067922138	301.8230037909142
73.73995203678311	52.76281751711104
145.84765202267587	179.19761631750063
177.0462721551628	297.15780044167127
94.1264337589917	48.37602442702221
281.87500456873863	103.50436740303611
136.57062576053266	252.80571359097726
38.10474609169248	207.11950653062823
9.658711869182985	160.88012574681724
349.4684241902946	115.57516531288601
274.03298537626864	414.93354413363284
41.536566572440535	167.31609067037274
368.5440844217575	122.02217606792244
26.826832980980793	23.09298074249211
81.7072432919777	167.41770333354145
196.2716872459945	376.5951373277367
325.50046233838486	195.4368338584073
401.437379815693	107.42248838355901
150.75608686397462	218.69067612259718
227.28396888289146	260.75017349730507
356.0046382840355	71.33897017819034
106.43677306159212	347.1155814972339
87.56815840764983	67.6053813154702
105.08352589263312	259.4221089732986
381.3875955806967	338.6193852983688
12.89819584512357	305.5450746862602
306.477860837916	186.38058059508117
47.930009189399165	20.77325201590145
249.62634556142348	51.2304699211048
163.84017114855604	77.77323280271267
333.304972023148	128.89540569218863
352.8515199554438	136.140521439776
396.097838682031	84.02400552436477
121.65899198455051	311.3147283935752
70.40580794632233	320.5559983909698
331.5963120696032	52.48357396213705
168.7894455572928	142.47045783056535
188.8539669478754	122.08555559252346
298.0455678487754	67.2479499350289
64.79312815619697	70.73542695048477
318.64419023280726	262.52136718163973
358.0614557864251	213.80566122176745
389.7328257115122	127.70200514487243
345.7786613111182	196.98483391166667
408.2133343204353	150.2856100963806
320.97944747511116	169.4350721363595
284.2658358352832	83.9676113589735
61.62205544118925	168.25412905988776
211.35990902832108	40.347096947437066
272.17619409626906	350.5378843526898
388.2155478062021	240.71090900218294
170.35003653128416	267.04773600928183
417.3108238542214	266.1576300802968
313.04081682175837	86.072179477796
125.84543569896802	1.0275863260769487
224.00460909271987	327.5046082090788
348.4592860050913	407.77970832217494
84.04816582667435	258.79380256176916
2.425671684100213	406.7303026050175
70.42709543068787	149.54898471739688
105.8972454273354	8.203823335269579
209.7599301996594	129.7322002709224
54.53836371242422	246.8001837528533
120.22203603770357	364.46217200859854
224.07239685596258	234.11505195708298
184.68316568006577	247.31863491315985
2.807257194683763	181.53796840600347
273.8010979462247	392.0281808397797
230.30670976890602	134.69413802071185
37.24689356768288	391.4389615166949
291.8408366189836	123.54403809482096
18.095745626623497	199.9536137910796
147.1319410417059	336.2656687817587
412.31155159714376	324.2092719939067
219.12807316388924	168.08004147994734
188.20623075177025	6.439541991929862
90.1118701019191	87.80986884835596
302.03578095308364	234.89927810770223
64.64808242931278	110.86737625977872
301.28416908978664	277.2781180296309
368.1681196343699	52.773206144355456
17.40361523852712	262.69315212384714
148.71076233124913	268.85066572725674
362.78495775781806	187.23583551814446
199.01058503747285	295.78658807896403
197.89367420154133	163.57340564479694
95.23868768563516	242.39019373931768
14.551057456143171	389.80726105121624
101.7591802171606	29.972126226472724
177.55933976538412	163.4546653879158
183.9581753128975	342.19168643200516
259.43890516240356	165.87121223217562
296.3919151455565	299.53686701114026
361.67293762887414	26.721579235675808
189.9510085490225	142.977185101913
44.18992493773718	112.06196027696056
286.12278415022536	335.9099790357988
22.49625709403888	220.24148501810822
224.59726108591136	114.50261607384284
188.14302899126983	219.91510934517328
341.50666766469607	235.13486824864228
67.17562071918043	15.458434283150934
2.2843813165119995	345.50731334940735
61.47389026091276	36.77823159943362
181.43579909213733	363.21572781783556
124.18310692092255	168.2991523978513
279.4423986348024	265.83181725373765
373.2241445491121	10.405618554880817
64.66581127157698	187.91611528853892
255.54455355693025	381.474380235343
28.901187150660217	372.7767380897202
225.25085213274795	409.5527237069259
35.9510887173087	132.21449696857448
1.6966958194737687	104.71559680720173
32.24756559829557	312.4400461955498
350.25430554794707	252.94821674489776
49.965487728097	149.386993159165
269.86943374158227	124.74280187814149
140.60614873897362	380.01029728084933
210.0465741453399	77.26160527952794
337.11548095175783	270.28486331048236
252.6842971043811	27.332047523228187
337.51054529209	293.8172292109528
13.67284354495115	6.0466316795618
343.73933233178167	386.9185709482242
368.51208279931603	353.93217894044324
300.17221230217683	255.6361741098602
147.339349069816	416.5658724539022
303.93238812533514	103.79734498782132
113.32363215891009	143.735209980566
55.395700092114616	128.32714596374032
376.01566574178946	141.80326820709104
394.9492759537679	11.106093383605172
175.85228231663953	386.06717435835424
316.5582842545656	13.095456637880728
50.79172039514284	318.9039718437417
121.04959035098912	216.8672224850774
246.41738316362964	265.80007106472317
325.2750520055562	379.3035193181037
20.069145868832454	282.5777338822864
238.24606920853012	392.51940829817875
298.71622895734	23.601151876548734
254.13877598295434	359.3508204746591
407.0126870850752	61.785515790248894
282.9508374944978	244.79479651808037
231.92400370977947	75.18188496467117
286.578293274674	221.49461597408808
43.183441264281534	72.05560968498534
257.5628654114584	213.77706830767153
315.2609106503244	305.17789295382676
142.84048162995907	356.37420305255523
136.32143454887594	232.81677011310975
35.088682731576235	250.4995291568936
127.68592075739598	62.14184710504474
246.5839025973316	293.19891156286553
384.16902467557094	294.9822720205904
362.66670696577927	332.19315148128385
84.25801917375213	337.05437703012035
207.82169081843674	255.18819504128993
35.76012911888743	331.8111098751103
342.0035926513295	23.459835723009867
90.1819659787521	411.8029503691688
321.01246313974923	282.4319909485104
263.5155902308544	144.91861914500066
79.56264976640183	379.42622652335115
358.6679424547882	168.0746362073509
388.5709196605797	412.53860838107573
52.078234668443876	374.7288099407066
390.33019338749625	48.57470788155565
149.76495415582124	135.64010751489408
413.60072254660287	5.175626712387267
16.562985648794236	81.31205096044496
336.7430939423471	362.89211029874093
287.97071859794227	42.21941471428336
104.39528449987381	101.45643652620934
64.54965467676898	340.5815020703561
206.0157251369349	415.6119923896557
162.6780430452359	311.81556929296
318.7829255939798	327.50732376433274
132.1752004918224	200.37951635045306
241.47792338806806	225.07711029346652
329.279930076846	344.5874359398485
79.35640869033246	201.37264538760002
60.955506592054576	226.62540236230015
215.002966471301	148.64307089613715
56.31068328358665	282.07992642314946
279.2203769481534	161.68215983378792
243.6972119911875	196.84958647178186
30.144927167927957	56.71697128313151
74.99923680284026	128.1415781360007
249.438355484124	85.43158434806102
324.5000154605614	108.6420907148548
145.82804474792576	114.9345372688565
39.55647024694975	230.32482973873482
141.1932925006562	314.4997320972804
68.74030697256248	415.1651751665158
103.06492527862284	300.5518666474011
120.59285969345777	291.1995804489852
101.81545251190376	372.4284370354725
226.2672579049775	210.29050565231967
117.6189584929069	187.178869196299
187.69081199808497	405.17825638173724
108.39443044168878	326.62444325113336
279.62236239269555	60.37960247942488
310.8481799039068	365.5449593627446
397.10293203903746	377.98578478884
171.91818512179455	208.60227471320525
191.10193265984776	268.3981270201743
283.9654926321829	141.9442871725691
363.59206650448283	389.75377578432597
66.43256159743305	360.8359964424915
59.776097331873295	206.9934663221747
404.68181562615996	170.8076947889029
332.84650278479296	2.206058682814703
351.2634155462345	311.4633103521836
376.42512380917566	85.43559098338932
396.74403146253695	206.93635858774587
102.16798277988546	204.23683132877215
102.71013707604524	160.25218127732919
104.67849245546218	279.0342027206811
176.1552756232671	26.104612259858733
48.6911851434222	409.1549852015046
143.04597159837652	95.40680398437047
370.7918203734972	313.5578607455021
325.26875689806036	147.26015389439524
418.2772746635253	202.51165406728714
19.542653896954434	119.78389143734462
390.52425857467506	320.42700739897924
356.42593196421916	370.60453099410773
254.73084226297468	407.1568170631699
183.98469342007814	101.44922051898757
223.10441948813772	188.28321765450903
86.64079235765139	359.5507667361322
154.79604140557265	29.380967311010462
