219.64915356723176	57.688577312926405
404.932335993873	395.4116482960604
371.74573117174873	225.98418422813666
356.97627017158845	341.85760064531985
400.0738955260778	349.41674395340016
160.89444583867638	189.54900298164355
266.50191773499284	45.527420500921124
104.09311691978564	378.22302547022485
182.32538226138888	327.13863596185604
379.7686831429543	78.47999898413626
325.7542352211262	61.19934407889848
238.9015387023645	151.61088408199657
383.5774988964713	106.57136103831603
213.14023405254696	20.938674013047958
389.9226540959961	23.745357431979993
132.53459595104886	50.99619184014274
39.25625089774153	143.91936434051732
344.1830847854081	178.32492837590922
243.0576143381965	226.78438944654556
16.950169797382046	168.90745482301008
163.79215358234327	32.22637682531051
3.7326203587546254	38.853797118494235
104.96599561368068	231.0708961684246
115.38716412335066	140.29154306160504
300.37673765485266	162.01886846193128
214.64909745242065	323.2244708439559
81.61987323395644	312.7984649405696
206.53310636883077	83.05217838902327
133.05483338204368	117.81256167261671
55.67586507615839	264.8426982063329
269.3614235081633	382.07370280360624
223.789305137124	183.23947171722617
233.6568990807874	290.5590947510197
163.1723362348249	390.9448993812255
154.29530805715478	65.26869061722921
23.184223762019496	377.785432300204
114.15973668180384	121.99053536234129
349.3725904940312	87.97863817728337
177.60072095431462	190.47305529135804
297.3725158883253	363.60426490904234
42.34037566210813	17.201514545893044
79.31360780710986	183.41249544043302
25.455594817902433	2.9536603438508635
195.1667149322944	340.4080977950891
49.862966808292775	92.53309444324636
156.11711380022103	97.6624578157856
132.9544303936914	331.5612486501259
254.45975871810123	144.98755468161667
238.34104740551678	56.89409626771993
243.6779672897992	171.81124234411013
381.14635159702965	290.2746800729059
162.59239213915345	237.835096790014
289.04697467692085	411.52199845939566
139.4694728156735	23.040121184537963
88.97056068661897	290.5043357183266
168.04942421531416	48.81289420463946
10.07452702981465	393.9509834336007
366.89305984448924	242.28517616457248
53.97309303633317	350.2551186699162
408.36352490966755	82.83863910390518
53.700743867161876	284.7692972585767
88.60891651430963	228.5185026208153
217.86254874908565	341.7828684343522
241.51714011649383	10.095905238552907
286.84806671440913	196.08035999040402
162.40213391609112	82.03216099973903
338.21937385443147	207.27797241355512
335.0267244814973	252.12870484369037
189.5480757596288	210.8579120701332
399.44410620151683	223.4902613820763
82.69375926946759	11.734325069926344
204.31289511046623	187.9804965872212
259.90571365006224	291.8639451694701
77.69990952695274	142.1626215407574
368.3682684667221	369.0244612136395
343.2005754618826	69.38432899621333
23.01233231208684	29.43337674991619
407.61215594468416	249.93034097251166
72.46218096801562	387.27636576043477
300.7129024897034	336.90979538880345
27.881208369347924	182.7131223185046
201.5534527239683	268.2622434857334
227.40925110220658	237.5567810508986
76.33259825232854	29.148702473757094
12.649337179751697	278.5075260156402
179.32346695538732	63.7752228085377
401.6209117089149	140.22416605331242
242.14371562509024	309.07457770620675
308.4799136548951	8.99396362460838
403.06759193955355	265.43507511164813
270.2362044868315	81.71672865617606
263.79402956933313	176.74692723702802
320.0227653750665	412.5966539290294
398.87309753324996	184.41177347256288
370.884849880538	209.37286650098244
390.9438818630403	159.29801899782044
292.63228506092105	279.68935489581895
320.94701941585316	389.66592474060263
247.61082101937217	392.56744945625513
21.671782063421208	233.44392352367788
157.96294284395327	151.88260623127076
329.06288853286236	120.75865810241747
387.0848169483862	41.14363540547808
76.4703272082533	257.144645583468
62.44978712768576	311.29493623076644
269.94413438459	214.07222568227343
98.81108615670247	328.5652245537359
189.35358466405006	48.70060590698133
339.81657834400096	411.05370452590694
364.342861284332	107.42440544853189
225.41773956929623	273.52079389821887
109.91165132674568	26.366971742668127
267.03246894949393	27.422671076325777
367.7721033410588	44.562606278998466
215.19560339888125	296.0698424842346
267.73403296712394	246.32844723373688
193.72879549739363	18.948675057328277
305.62928494008827	193.0281833753512
323.55475853545454	80.50981793689098
266.0180793779629	263.25494979380073
15.229622406476393	132.1690811274534
155.49632560192467	350.02266209531075
180.01798873520693	279.35418467853634
237.53283946597946	121.57490861054312
111.7643062183825	399.25446366100186
418.06908403468344	131.2000802797223
416.54372290241963	357.68510076427384
379.6551017199171	263.19434719791354
257.3856282784879	113.04707305354823
211.50677098933974	379.7382761980225
174.6141636482106	112.77258535389146
355.2130587372262	419.94030423109547
175.35358059166768	221.35996870184414
169.30428090603607	414.4332635922164
415.49992213438827	67.07649074393858
6.781264501681947	370.9198904330273
320.8552644740909	209.14424818561275
24.511766851918285	319.9439880955509
105.46553841013606	70.94331457515852
288.95013292793016	388.7774393915221
74.12678649615052	237.9914383841944
371.7465303289632	410.2128406939156
124.98821002021104	156.74824139947793
252.79919582519085	339.5567352177798
136.76712767105582	201.59771950551644
384.86886687488715	388.1508477777922
327.6251750637758	37.96063750523326
192.95861088191324	309.54190533619897
371.13237511011727	276.8775478902376
269.381369891282	326.92819944609255
124.7074144713821	380.589085391483
353.7868362985072	165.09013587272793
404.3231851369492	36.03329772448904
128.50000735809286	404.24939932993243
4.598781240372203	236.89816316825093
20.45231373650857	46.42430763429422
111.79703580476802	44.87767287510408
158.38551783573263	267.91179470873703
227.3590833695114	391.19297410668423
147.2603229917764	291.4667943219284
412.90308728205736	278.4489275097554
137.57724066022308	82.99394403933866
282.65800063387536	23.359995069182897
38.16834403153059	54.16712422135776
314.37653408599556	348.85305209949667
394.1905065698639	365.22510215289196
122.86707865411638	104.64665213585884
342.5433862014148	325.8582083047985
28.075198721471768	101.3699625906439
228.2022714822566	106.63724238700294
228.2777528968981	43.92577127112971
94.62888913318346	119.72666330972959
134.77926195397615	257.2454369459088
64.65779355530596	85.9130938625499
73.34550658856347	221.91073744566071
180.31635222662112	393.05987519737045
148.95826366274684	407.24793658293805
395.51683608325783	279.6480035427852
284.8323801267948	178.92900754492166
2.4958254282365133	293.3540920892247
73.50269845044434	47.08048829948505
139.6198615776818	176.7788031249952
181.176755906663	297.79819143960145
95.53332789337703	42.31736859554944
271.28222493786967	101.1553837138917
136.53790945563318	241.13626780383325
31.043574933894085	208.0862518511749
8.355325543524849	152.594585256866
334.38508720539375	101.02110274724505
274.1865856908623	2.7399816534871215
26.89278055793366	154.57240308089698
357.6172182313931	127.79799681973029
12.812746984840743	14.02839239237547
83.34145502173733	166.30577755010304
197.03373555189566	361.80677268828447
330.7867260319085	189.7567609120905
401.09519069686695	114.52846510551191
126.22573551345673	227.63868870291267
211.87096051836915	253.6161037058369
360.59295198078684	71.4123568984045
110.71805327813371	345.1911471785257
81.63034842053037	62.388557805076566
121.31663200465907	267.5787736280338
408.80025834576975	334.9935766802552
25.64032457063892	289.2306368852585
318.6547766534061	177.94954504120042
56.43958337544074	27.47808705421021
257.6531803362775	60.521716249837674
174.30295056074863	96.53551974317132
347.5405997940508	111.77452540028395
341.2589658525728	138.88039394414585
397.5332075194925	96.03688792881758
118.36983766680405	303.909601091002
78.79817153230049	331.02765707052794
354.3431110202354	56.57867595895017
161.41213295900798	132.1437726540774
201.08967179921558	128.29535474822467
306.6935186575538	74.0714496187172
56.72606564096028	66.74875630858153
344.7805137591402	268.24066403574176
348.59827344884786	194.22007131562637
387.0487000089172	123.49641682770175
361.7598074868759	179.14241466492422
412.0882896486926	152.5896096862122
319.7644463861082	159.57605675772385
291.3938789231384	87.45038538431233
62.935540736929255	157.88964655167985
201.31576176587544	36.07053802220223
255.28150058468725	361.4791231906157
385.81270240378126	241.26463664156722
170.70626130092873	256.4426240893649
4.297769359830642	257.92047442153284
307.26652302449446	90.16713822641198
129.8045360978814	9.290728310340379
237.8321165507201	330.5321498525301
356.03597350528906	397.3157169727913
92.5256402085126	270.17735189895615
1.395103428286386	407.4702820963041
59.81220087659901	138.52361960733455
101.72731805711348	3.5766814151589754
213.88669080055797	148.73535787406607
58.71291339276561	249.01781096477697
127.10138463717544	352.06754558453247
209.75115313509377	236.88866825746106
179.49810598024342	242.39663342780275
414.79395193408686	190.89089699197822
266.35356742726816	401.5701861512765
223.0761259489905	131.6580261094311
53.057074029660754	380.95350574823
294.0389942574476	105.22328511852879
9.730024051527431	197.9505059913835
165.03443884248807	332.0677040292963
15.83762300469553	303.10913790311713
221.46868537515576	165.0041216747142
172.9239922336555	10.2714583851579
87.28891372059695	81.43741271973374
303.67112642868256	235.49892386068896
71.90553958157396	102.98857880681845
318.83166526042436	280.389833479896
382.51854159302667	58.60406245809217
24.84630097904339	251.01351855615846
162.61340493928697	297.28158309968535
381.9525458456647	175.04922189410408
195.1468907078768	286.34332539759646
188.8401960299932	174.93285805541046
97.5157685227965	245.30051315730609
22.527505104664964	404.88809897084064
93.72394106115824	26.253333223498494
155.9652741644496	173.7360756582544
175.03303426665187	345.0226161283405
258.13610342930934	161.44916418340668
284.61265649002615	321.0402795836789
358.63142067172464	24.48880612377275
179.5439454529893	156.4816485382491
56.77136684865987	112.7342211677027
277.52357817738783	353.04921668264495
16.178136447004526	216.2552129134829
213.61741743762366	117.4617413283819
169.70139159261933	206.05323311280156
344.70586655013005	232.9822165125655
64.27576827555886	11.775374130938358
17.0528178880414	343.5104110107293
56.17400803284371	46.023534946384906
169.6639721297623	361.7867386244772
117.47502428025928	178.71909933166168
275.2212142984153	284.7543925589085
374.87634619403315	13.647759564306865
51.97767389450724	178.5995288006811
224.9343120959704	408.7708568683315
36.12927156658491	388.85572000152393
225.85808988353284	6.089156698496194
35.31847516705376	116.27699070681194
419.16781150851625	105.36377462785434
42.7962771328781	299.5174594186262
362.9674449570186	260.32062656111304
46.140065186366144	163.1086830180511
265.3611388751164	129.8724124730756
149.69232868020998	376.62208020551213
196.21265176348385	67.34628610611112
336.5956244691307	282.34625860863844
250.45747510426568	35.49605869767801
357.6200361943591	295.9028114019028
416.79392872994254	17.849539393273268
352.4551642510168	381.23630332326445
379.1443320152478	349.26526851288145
303.86151769965875	256.90974509414076
150.44446268995168	5.404455630327667
311.11159080673826	125.18285517875283
98.38532396107853	143.59956859931881
46.94695202935982	128.13379162338092
364.69482094571634	143.22947306418814
389.67417476046666	4.6710251639597455
180.3634513973899	376.80195513980937
324.3571721871454	20.473520231623283
49.45850331038508	321.05884702617726
102.94882238468634	213.4927351039143
235.31261258492532	254.86239414148974
307.0529887286886	380.63248868374984
38.52634635695421	272.75498244352235
202.10005073165536	401.5819835814306
298.3773611074592	34.22222627616628
223.67608073645266	360.0758022929827
395.0500088377763	70.52540760085456
286.3699763182832	252.77242770905275
228.49083050721953	72.89508410189303
297.24262736613764	216.8705956557413
33.53076944625118	77.8220090615287
242.9064665393962	210.70893229190744
310.6918398443119	305.219307759642
141.5234951600198	362.10686782841583
148.60841835445626	229.1730469995603
42.76146631248352	245.16839427584355
121.65923206908774	85.99094029481209
247.3698938039142	275.4180153305202
405.02274267119077	292.950526203071
385.1227059218891	325.3342509493679
92.74689356793652	343.6520380223076
196.18893823709078	247.61742029553247
42.091231581562326	336.5377562095673
348.67295630857865	39.924515227602186
91.39156136424978	389.35889831937413
338.78596508669455	303.0670008301283
271.64617560439837	147.047600487765
84.07678732664218	372.8331148886514
382.58477527319144	139.3928357810992
387.5321322322177	404.7301499355473
39.982855780900636	367.5841942121618
402.2019702524185	54.932150230804865
142.2917220728202	146.62665864068566
407.73576973155843	417.60294490633106
4.927708145299826	89.9928343602221
341.1692003590259	367.2466906874189
291.8756312086767	61.90463524761688
99.93701588645563	104.06241094411597
59.27135601846864	334.0759848903264
209.62938354268942	418.0651536558097
161.05195571483313	313.7659149913675
319.46626216125964	332.00685869244336
119.517774494653	198.42523816199267
220.94922862636068	219.45556884223947
332.9739418082378	342.6650312654971
71.03472959418097	197.4664597751012
54.432667154197915	224.68227424842843
199.41209931508624	162.71669851834184
71.60769561598362	284.15392872568003
279.7562658541421	161.88505509116223
239.90329685269967	192.641474560502
13.446742249377605	67.35168838582823
75.98913257525182	120.94835986002019
248.43252432359236	97.38721796585098
310.8715029096421	108.22476637790456
150.7779429216999	118.84471656382405
37.16875733806351	223.72339507130457
134.95681483594538	304.2887620837737
60.99473420162819	408.99088136203426
101.80913144105828	302.1691688448189
126.78022366934333	284.8826453477637
97.09963747829285	361.15548447922066
203.42450466442673	221.06745688006924
98.56029541170057	178.95846573938155
185.37795963181676	416.99676598056715
116.27387473671463	321.0847443599107
275.78959425335876	61.00466138846715
318.96050545060876	365.4514606335611
411.8410340682008	379.1636828830675
150.37553299844186	212.53089241236466
186.4076841929548	262.1842541592527
279.6999001364167	122.14409160089023
369.03631697539294	385.09473005388026
63.35986406358612	365.0425933047097
51.186083020142	207.1500114462338
417.4736812374391	169.56329819393753
339.68125186789706	15.482853677724362
371.5954651783222	307.7009263592634
367.8811633736481	89.98174948100828
395.6588979398357	206.19034436203023
94.22322330427407	196.37740425582558
98.86401931705416	159.83984497097538
106.11608290901641	285.8226617009754
181.73583406497468	31.69653354854565
44.38047543995828	418.95969087932696
139.60625241639417	100.38087540782527
390.2169103470289	303.88710058715236
315.34709263769315	140.86141190976068
412.15389585340154	212.7091680923974
15.388001272403612	114.30960884239096
409.83506331909103	316.07547233979705
354.85331350248987	358.6553185075987
258.18482214229505	419.0373224026403
193.66034618018998	93.06699972558665
223.74540074075463	201.74806826650106
77.34868563857766	354.94355775302563
147.91577963507413	38.55493925074705
