123.67787904490093	383.72718342487724
382.5891313848441	322.6334942249039
144.43238796109722	94.73410702843223
317.75556301963377	364.63433568086464
63.649370344047455	131.48709480989632
253.49005817384673	258.7795303776443
125.57244434493956	5.684379412143035
280.20183376640205	359.8041950888535
229.09003290921714	138.9258811183627
215.71356051609564	220.0696545732709
295.1630403051725	347.98804114883285
345.85083425634934	38.38724184917049
355.53769837224115	187.95893009611277
240.25380178543534	292.9202887376989
131.1587686642361	50.38441451325722
303.9811564712618	84.26172100553862
357.40324654687066	2.5596976773899374
354.9446538031925	294.8277348765674
174.81925861487903	292.8087450891047
417.9655355159312	117.53251340151614
145.8776972893418	213.03528805719097
172.79373883965144	133.894192014833
70.04937763787748	238.87646345963145
93.2532366719817	31.06508434697025
173.77236899968324	372.79389604137674
16.527361486364235	396.0183897082127
90.05607665621922	203.70130918204083
5.525728978075003	287.28817990914126
418.3469921685082	418.9578857534363
252.96982569356945	168.83123509703194
10.528472875210715	139.4430303390878
331.6178011018879	351.87071053691983
327.71054393879115	245.3197163635413
108.51765398749768	19.638075640515147
70.17416252719158	415.1502936793274
330.8590870673865	413.1437988156066
314.3298486333635	231.6392561082766
49.05511236234784	414.47136787050306
80.5259476506865	139.5292673964634
54.37080639079248	210.66185027730896
380.3563758579346	182.97682109781587
29.300359981827484	293.1101624375315
225.61572086336025	306.1016624038195
217.2684462536274	417.94404408504647
208.0835450076952	57.98737284509652
401.319599728872	28.541230784500822
352.31287412804977	85.1613026273338
191.90488593590703	94.12847467841414
344.3122789436788	338.0306828525889
274.75277053967983	46.9966809600322
36.11581315560544	221.02871753856752
79.67737597219491	306.94185258766066
251.48391878315357	226.79726023002996
197.49938562735272	380.0245318577314
218.41206359716028	394.91480330494466
388.25291609726406	257.9288305017654
272.77307920851365	402.0620926085291
115.73355011182936	291.0483918728357
35.252101365144114	240.78801385590566
388.3397915103678	165.08092180472192
58.72505351390937	70.88779461667336
93.60619270194896	161.68610466808354
224.0189830569859	196.21167837847167
262.8076818212999	308.5507002041539
17.777922172481826	414.9511361331023
41.69588862044171	312.7235730332574
318.6176935294977	272.94497565012153
34.224378725074224	35.75140678689349
419.689982420063	325.35535252769256
387.7209227918394	388.9264326032615
11.616569757683548	34.75707924750963
281.92302955385253	250.4396445439101
219.44730299459872	373.0083894469993
88.48705539100602	407.62738241309586
83.78156620345551	10.227756516706744
235.7670674995002	107.32201643064636
153.13082666202035	282.79657008607523
4.28134625966332	265.0601165149311
345.88864958657734	114.77636283674033
22.524345644943256	317.81874564905667
332.67965955498096	128.52508676258336
285.2322651533035	385.2567435461793
233.45452200820407	88.39734163616895
315.65073954955136	294.775919624811
147.384556862463	113.53949483453248
57.48390894961928	256.35747157484656
354.42912605085417	250.19380725956643
91.31671539503402	354.4289823609525
278.32976963288877	161.23737590587012
324.88574845712196	332.4191131959432
399.9151494492824	47.904650988777206
159.60105521619752	248.15760358898424
50.52362320220638	273.7939588503343
261.2705796397704	364.7426234098114
384.0207159861523	116.989647408989
13.742433983369397	178.20981704957245
123.78861946685431	30.611260144703266
164.9934786044419	309.66697630501324
125.25599957057788	347.90927057216106
13.75833770474295	158.28174458016704
401.83938492344964	9.08480818908687
325.80276098049717	394.66635551795787
368.9845116284245	128.94559240021078
29.782076324189568	146.9431686134927
416.2262773750896	239.168086786355
60.70909649408682	312.07805489809454
195.50305890274524	233.5649288211525
220.92650368443634	72.36452589832989
186.02506341590774	191.26608918520034
22.401510144095408	16.938447831336454
197.21218212350797	253.87698407484626
275.2440806133485	223.91433988018986
63.06345718992527	376.86508651929245
335.39640734081013	74.15856955898892
220.78384997191623	175.20184873317268
372.58400363698024	400.79480044733725
354.0398595690829	275.9123504187332
185.58083135796224	149.07097084338267
407.95284870144883	275.07567531465673
294.94297839328954	149.59551418002076
75.09023489109107	219.0340261896586
85.1377215522634	374.06238649737486
379.6599251312797	221.70491150163542
166.65659720977945	151.72526794236353
119.64141539761341	268.7608890034743
236.4786771749875	159.74767259433358
58.19571656173761	347.5788502734371
399.81059877495255	332.82672419551824
31.450842591761216	171.46246275066048
364.60366611594793	37.52477923212066
145.54429334673074	63.09723954284836
221.19021593760402	345.54355430150775
348.3221316572265	405.5423031788318
238.85205313802717	182.43337477672864
67.19546037014642	176.66544482833876
278.86329013484874	327.5527682712964
139.18727990110332	176.98133443302726
212.67376792563985	151.39368776996872
33.37605224162384	340.3933456956683
369.927403962116	265.16820894778033
268.7097412080127	143.15473076687337
211.5979786612581	266.44742850299025
199.27676872260577	209.0795547453769
262.4116254241407	418.0196858457788
349.39818725662855	317.06968349056626
129.95401283062535	202.89948005557812
50.74147194515856	165.47146293168427
362.71004436243186	105.67766718413088
25.613398038423735	87.17623426957562
90.4647088595546	50.096846196443316
102.19467880112958	189.40639375475916
14.92572415406393	337.0089523350689
408.82473709529404	67.37937408746137
414.48056225641074	166.79290335190908
281.10770213862946	283.6663988169493
160.66574124799732	44.83504701529473
286.4495274223604	73.74033450593163
396.3194538960214	84.58193576146944
271.38529118448935	267.33265212337477
266.53767373356936	345.00687389061625
415.99948543517456	391.12593517507867
143.93968899562387	299.30572035629314
170.9190783738362	115.19445044157037
76.54599742133428	391.1217887737093
150.96611686876906	405.35872493499147
347.15309554484276	161.34975401254476
204.79102788882892	18.292186042166144
144.4217420898028	344.11845814942745
400.4856873313026	181.07840419084323
279.2512314596364	199.8752891014951
181.04176861953653	217.02180591961198
35.43157406350388	398.29946613483764
310.5719874198941	412.93651531167865
43.78449837666044	129.47426657166497
261.9327407654268	107.37318923572113
334.04973673063506	375.32237963704785
78.32121226902372	71.13875032934621
158.57969171013409	78.63723578809899
364.778476630861	56.44565535835786
51.757276829131925	330.0168352931899
392.4919889021572	239.24043954536307
71.09532211403693	27.382945397389815
198.8176060032777	39.69495695383895
307.90382969636465	24.359229029344572
326.88133164169676	31.02555194694264
176.80706858373193	235.50710964178472
385.47871334479026	415.0730588527103
410.8734579435901	146.38691885587397
125.85254834096072	250.40125502467447
97.93365208368812	124.53905806183317
36.8460521633152	111.65686701916222
83.50204022880513	112.46052237401504
72.78965224626644	359.54020340524374
292.54297977692806	37.52755660866479
235.4541538926325	386.9767551538656
236.1541146206681	412.3024959665889
157.55441958116316	170.2716469259545
372.9729977428352	242.17482983723139
361.94446201868	208.60218835106286
337.162777109647	200.9722518025866
191.5126953248115	1.8379082215937514
172.42374185939337	349.8963989443076
207.14892896369975	311.29946290433594
355.5906470458238	21.156764088374036
98.0232248563461	280.342754036391
265.7319981506481	241.0279600740554
103.89320035717006	1.4175873958501983
255.0873621410479	126.83884146912565
295.74507792623166	187.7705571771367
178.97294093535655	77.64712803690452
361.7562863887498	384.22050579976275
16.308687877057338	209.8807724333274
27.598677715335334	371.56826667836725
257.84707765948104	32.91934380972948
335.5721245660146	280.76639476026514
24.234329562753494	125.96725463286742
12.169557561216449	68.41191390420796
277.2155903729766	180.74391510663807
34.965420222815816	260.2168774410058
48.563039386894104	50.387311764528626
402.91158432673416	405.0115933894082
124.4807337571535	310.82354162221026
335.1489257220495	95.21756988860102
118.32267360650748	330.36734921315644
57.872171830340534	396.4949707103252
246.13812642109158	17.598563376316335
366.9431369724901	151.50225198349128
181.07279911675937	17.947561262925607
402.6367122414734	293.77149135381893
100.7515012789441	261.74107687551077
102.60882259369608	380.92419124283373
52.10947760468822	146.29657024235016
157.53787437829004	4.369491409314098
15.85621230917055	228.93850834433704
16.3431510104345	107.88825375186896
227.14558490856248	327.24191166275284
294.5305783314219	316.63348162938917
276.31144943091255	27.029372400506762
306.12042414470557	332.5863230290982
383.9488271493719	298.933433446642
237.76578699114052	212.58514640657688
292.33050954981604	125.59535280177214
120.60872874263356	150.71133613147325
110.79178301053196	400.9317461182934
315.08650808418787	145.14278574828052
195.0587233378682	278.37628030747476
111.56919431424926	167.85834165348652
70.29930809129529	157.16610366427292
117.83942134211784	227.6181793831888
148.4114284345361	194.52394952766318
333.91222885284805	147.43654047117425
367.015270972564	365.63127190727556
62.327627243973154	92.90439825315491
178.38798212367158	255.52999924783975
132.68485267542883	282.3649598411457
272.8860896340311	88.33209052097587
48.11252858464218	294.742105076224
152.68596427201823	138.86202281382
293.2365738389071	403.9079048367071
17.674284741229442	250.86941436320953
256.9433392992647	188.0600276206485
340.14914484287607	9.925527112913043
251.20258392157226	331.00626906823595
185.3669526414704	324.2146130639823
392.60625727708555	350.43889806585435
107.94174529153405	244.27349137719034
297.4580821572149	239.71824612955723
313.4363184700812	67.8096824973234
348.1679239702666	360.55737764243185
115.45302296494827	85.12924514770586
407.19143108447935	255.52741111102677
159.90382423947315	23.955878315403524
251.7490933085601	400.1924917101826
406.0977613979935	369.4446946756427
155.18884253857746	359.3916459533444
126.3699441581866	100.65796269255566
296.7831052408329	369.3337925587039
196.4806088481558	164.42850320925214
191.9780923919492	300.27926192895404
338.8619950153146	55.70338607924164
116.66752428980061	122.78017068112139
40.388529621298	11.2275644955663
32.6147432613383	66.365791410703
364.5579767499333	170.85009302412908
44.6462581776837	381.34910823785185
16.941361734826867	356.1631612486837
213.5149280959167	238.96964419057377
252.9797761493563	89.98176357878926
372.99014079313395	347.69922968279343
316.52714217128766	48.449505565513796
21.083502533314803	275.19791048519386
104.26692221792605	307.10756808727524
322.44295537801145	213.21679854187303
242.9054854216207	71.26936987569495
308.81839359384503	384.6834675313547
175.02381047027475	412.81176676157355
298.13596618604157	168.5892636310071
69.65051379515133	54.3828260206197
338.831842839999	260.9843574900692
400.415940063069	313.06552689654336
22.413973326535043	50.65318390567902
385.59390354606467	143.46352365324998
205.95477526609923	110.55679106473347
293.59357299339797	266.2242154305985
243.8919078566792	313.7048394162936
374.74391168611857	16.85966641079356
96.62688807131369	221.31911239705647
135.3031513633016	132.02921699557
146.41886268932836	264.2094698674645
322.6870806847749	110.16840876589482
142.5471723936923	155.84138611623624
384.1958602565464	277.7380646018625
364.2822444647455	328.39235365022836
197.9098518752459	401.40337303132117
417.9867334055233	214.53513169959814
74.33339101208146	335.8314754512604
316.22750464850213	314.58733910676966
130.17731104261296	406.5154342459419
153.66854961245267	386.6910538588529
210.63705487652297	91.17901812602155
419.9975356994623	193.7973602618262
221.30506627945462	121.38334816194495
143.99734252339272	35.11565275287782
223.6259347201741	21.645096070657544
273.52810676978334	123.89598696955575
162.43283471938037	333.663171864237
156.106096022924	229.8145371170349
251.1107759004048	50.397262183853144
380.4057060279876	96.69277590733226
53.49086325900509	189.7474360109652
43.2812875241667	360.33573245453823
368.03577786192574	309.97951016583676
166.32060565397651	188.3404960604391
82.30369438412376	256.4218127689654
383.6534346636682	35.102512081859246
116.5263434935029	365.4270859607472
111.16242231867277	45.90242878951761
203.0647988787809	182.86725388026377
89.09408509401199	239.0113403920409
419.04953905954727	348.48936984923745
171.25989743341077	393.8196525844644
176.24394799961695	171.65332429764786
189.21210427105714	120.80329783984551
295.3633321375014	220.75735992836127
281.49546958916966	302.4790552569113
147.20796340447112	320.10002177923394
302.45319212236274	107.66617826264057
52.56160567985859	32.05267866282919
216.4844310773897	288.1156166480801
92.68630720847067	329.2778591349797
387.42222429480813	368.812980940864
190.82372168966077	346.6203886714267
415.99728258105034	86.53926322926614
253.42293346303194	278.69900687082406
256.8643187540718	207.57865831621143
98.71088866576262	67.30034110404773
352.18734593168324	137.35937540441356
168.51753428499694	61.81257310307917
134.15319265356703	78.87689081676605
319.01292363276593	168.35592048465924
283.24993746185345	105.87540714945321
334.7238284878339	302.51314625850705
168.6887016281692	95.4413525288837
26.63654476339911	192.9675714647407
336.19639386413826	177.13330261743752
111.6423189487727	209.00500435723558
262.67387420447267	385.04648736097033
305.55886525740357	204.812437629239
100.73629954858195	143.9809476179244
293.6094779064654	56.22058860986289
371.7001653432139	74.24528139229409
164.63701467929735	207.8085656364111
218.59461496808714	41.69455349439567
176.6028850851382	274.2068989052565
320.956316806815	9.508321743532546
232.9530792584076	233.74552665480343
263.82251634155404	67.89629403788295
135.8996071609879	232.82454714481696
290.2829915936403	7.593783068492532
237.36688481140254	37.34740664370511
100.20437442099845	103.52388556488722
85.83179272636808	178.73576453290423
225.6926534813874	253.78059080890833
136.44432464790202	366.2257905659324
247.38516567726904	143.9245006119453
320.1349801328235	191.60479935129945
242.66620947225587	366.4658475197213
59.63006328079378	12.146907693383007
234.69748020996335	274.6901831464377
202.61757492323727	134.73178298126228
178.6740569055931	38.91014610645939
119.15971540380718	66.17083806941275
52.43718422735978	231.80652832039684
232.49040841845175	55.750598598635435
240.7923795232808	347.68643219661544
141.7200303943739	16.202061935828276
311.7005462475941	126.73772157950751
55.809775675224195	111.8473106122901
70.91277520279475	197.64020931717516
75.36264202991167	282.13643347568944
43.641683230174344	92.48508073322633
206.17750945137394	358.3186779453633
419.02628271450567	18.759279049792724
405.0928784496689	103.57896200763467
341.0304435687474	219.7282994168447
402.2796300181025	199.85180592926048
388.8560634694579	66.00789459153455
121.05116643258083	185.5129893061543
188.94523118745332	56.256567311902074
81.79598842727452	90.56672534711905
400.6041660399261	126.31801582960242
8.014604881305988	376.4196691839478
2.052103516450619	51.061258542399884
200.35431879478983	75.32654889796413
381.5218994106118	203.0989730898991
309.31205273280585	255.40268263801212
419.04647924443225	304.84363655189645
399.85600869778796	219.33168719023863
