201.87155467932766	58.16496264137708
404.02726707455093	395.7161995357446
381.84071691023155	221.1755004257508
348.9067861210078	348.55862324274364
402.53688672656654	340.46043102363063
167.62587470950933	186.17563463240296
269.1063648076101	42.897255733940845
96.20054127998405	391.7001428902796
168.78270399189086	330.11630797789655
383.41966474914653	67.32748674681191
310.3182976959989	47.912362813205604
241.41104949806592	150.5467575048888
380.4036576109817	105.61476462161406
219.55591502834167	13.973927189363293
403.48079884508013	31.57526067717789
133.6187098657613	40.49271376115049
26.2221755663486	152.69316114657406
340.7419226750218	177.24036343662044
261.60992481185434	249.34829169607787
24.296840716897268	175.20045658435242
162.78065521780763	11.722738997449687
2.789925430645046	22.124743156165376
117.10963901946678	241.69627295381642
126.12775700132329	127.47395703274933
304.9446049195119	147.55454293119317
206.88705242843918	315.64073071047557
78.7346279482167	300.68543387721905
203.966760742354	108.47471694206484
123.02713054920851	105.87140882261187
35.907513367035286	269.1204557782583
274.199278526539	370.275020476014
241.09978670537078	175.46813002630572
235.96438098496597	310.97211029514534
161.55015500875885	370.09598854724334
149.5230665257131	56.059077378387094
12.479991405766329	365.12968176589317
103.67438563558485	121.54686362467723
340.6721868938844	95.49519805986309
187.04672110942536	194.34686437588596
291.68089348654786	359.9198727168811
36.99291277069036	4.337717905194632
94.25123240117509	185.61223714135
22.996965895389117	406.90454829738457
205.29169530651114	336.04794764682407
48.41049228393915	93.3760418093836
162.89762809771204	99.79196684377925
126.21576421412976	334.9248788351856
250.01676706424942	130.5873218089094
228.17715292206387	57.022881463239116
262.9861548482786	183.39140734113414
363.38780623254735	294.1626416941683
168.03726310275582	228.47998498966248
291.5074947995539	400.96440715955833
139.05230090962255	17.116635660205848
80.97302509295113	280.8024755957926
167.27040565171427	45.45383179615847
417.1037749416353	377.57731058975617
364.9649059395308	234.35362855042413
49.10158082910887	356.0433973129412
416.42715648954453	81.80902729738969
39.02148069927478	292.32981256523163
101.09400876789647	224.10773861842284
201.72859112727593	356.17526417190703
239.9906498520444	14.067058200378266
274.0953207749843	200.90297323548106
179.55515422114814	60.879770784751244
335.5638512822318	214.2845348348622
325.5477596056864	239.54041483312642
205.14344505176194	208.86348407121045
401.0889326373807	225.15717343932602
88.62085604485469	13.360924407531103
204.6928990486251	183.76239406827878
254.91158913450977	315.85773565824445
91.60201951816859	139.96157166371052
376.46782231666003	375.03765867218107
337.3091011822192	75.27305221587348
40.01141489312918	39.34752072188836
413.70232126510086	246.20119310979018
65.29817281326744	392.3773830844906
300.61541596040166	320.8359402056235
43.42922663307464	186.21990651647693
208.35950008069753	279.7657952234289
242.31977522036172	243.43117433787376
80.37427881132908	34.65921379422576
0.8600882801115274	288.14097371721454
185.9074276339383	80.61407856148675
387.9177221641907	154.59814215953674
268.09125688311303	331.9515390569788
292.74317030851904	4.197627895049001
397.7422655988593	258.78078717070565
259.3581123044057	69.50504396455422
282.9081328220265	183.32651976637283
311.5718605766985	413.8375181073547
393.94147630572104	186.78178708603926
375.7127577900055	200.55667879103862
379.1074244800658	172.50877810539447
282.7867180206981	283.392867486979
309.34292764521433	392.42801763067115
234.84353906523143	368.2083242255459
16.19056373833455	241.3996667301041
152.34089692658742	159.01102902685182
312.2694473380894	125.78675656232453
381.5209812009715	31.151953305813155
66.21622512871366	265.93688983509304
58.149440040421815	302.93560766278205
268.2491342506529	231.03621328465692
90.08352638142031	317.359781625486
188.4595472219028	42.109598977956985
328.0379559529654	399.85226219667834
360.42873479486343	99.35180961625136
231.3741236461363	276.6077660253813
119.99873566108958	23.296076332448397
259.5507653009835	7.611113703366553
351.99631178881856	42.71802704387383
220.22056802243716	298.18299862849256
264.1912561800885	276.57098856068853
194.1910877970092	21.710914852276257
294.4352244967894	202.19296995926237
319.5429810010196	65.42900711108075
268.23748152086824	301.15105220633694
8.10756713431317	139.02464900555984
165.41018713748286	349.3610480807348
161.6190498197569	285.99009060613065
239.94179369933792	103.96784102395749
109.9113672390525	406.2644010119325
410.8685019675472	125.36767176869417
411.6878957633536	358.1905683649971
372.15895389866074	252.78819096286807
259.19645273892775	107.37390660381121
214.67239696370729	371.65448803449146
165.78772849503582	119.81040000051561
352.62677034487837	6.859767709644243
202.8370702008573	232.6816169366468
169.82868859370708	410.5901183056501
10.83156307884091	63.54432963368704
27.276958568058095	351.60536399962285
314.6298686469635	214.55278328441014
14.94031727902868	323.89397064663007
110.2593733567269	67.91918747780288
293.8034887358204	379.9304112290082
75.18534410860265	242.27767386525278
366.62075284497405	410.15194567652674
133.48030786136968	150.451407092723
242.31942195843493	337.9583614384641
152.93452812839783	199.4699871145522
384.01601726241694	395.95240684408526
322.65250119680235	32.359963367325726
186.6588646041083	318.38023167640296
357.3604574975029	274.9600358071255
280.85441717666043	316.0703743557643
116.20638867985292	385.4394670463024
343.25528177305097	155.91969190722256
418.0336636126391	47.82057887008993
133.12085030426746	398.7040915737536
1.4693305795183387	225.77887906215236
18.549651167538443	41.17158525773105
113.76406521969342	48.7404570800578
157.05513851705427	251.78324343425766
221.2572224319449	349.7536369429261
141.2920862249524	290.6819181895815
400.0728868080571	282.02927058932266
143.2340320933331	75.21125262228179
275.9378422906342	20.46141050085779
50.85417397347961	55.525327526603206
309.1924351633691	344.64822119483546
390.1442394472489	355.86034140364376
124.20356764208346	83.30606517031951
340.5640379378746	327.8910467089159
26.636903227137584	99.71865795425057
221.06301408668028	96.11225109173863
231.1183842487615	31.556520140580396
83.99841884099678	107.36357157775613
126.0234494866763	271.5231981706244
68.0181508966582	91.03006475116027
80.50539909145732	221.61107180593697
208.53494548874457	395.3415131142346
158.22239010721256	394.5521895484356
381.79479864265943	273.21339282732777
298.8693639168198	167.22580362587956
409.0042763186286	305.65062729913893
71.04409403795893	52.301614662989145
141.86460440217638	180.60316671190967
177.63190619555016	297.70908174693665
93.46653104714883	49.207650978350046
284.62464530406334	101.28108959464184
136.49799807725796	253.498160113255
36.99228162669985	208.8253277770533
8.54681689559541	162.24205253674074
350.0993572353256	116.85025032296986
276.2202422554766	413.00362268712456
42.15896993211614	166.41594963105533
369.49877670911394	122.16893379913476
26.84380943908176	22.213757693051342
85.65812603681371	167.5342821922108
196.17148967227888	380.3125777453025
324.27833036889194	196.4852197132889
401.1863662829388	107.73661447729579
149.49755476901456	219.51868129957845
225.49710547350946	257.624966418316
356.97571071864513	72.29535272801705
108.51660272448895	351.2216147378891
87.62136623585398	68.81539697912089
105.01655239853561	259.62457455372163
382.18867774859507	337.08263830765424
13.830315731269655	303.0882842778454
307.4852954092813	185.93676113215147
49.32085808867746	19.884692147100395
248.65175461049515	52.890217974112836
162.95640623988027	77.218342411352
331.82254756934935	128.14950176724437
350.2506378595468	136.3044185081355
396.2125798509051	83.96329709082656
121.11625838626053	311.4122411399109
70.60470525097048	319.594256488989
331.86200518849296	50.194129777912
170.58877695635087	140.454068107371
185.3724322502772	123.01897613842249
298.48950427920465	64.13054790869778
63.61222904409204	71.14258871608914
320.7856569276356	262.2827599880098
359.553224475497	212.87922253050317
390.47795677585947	129.343033231149
345.8651830189656	197.74352431176325
412.2202865521125	151.28532261715554
320.35017932770364	171.1461294773039
286.05749851535694	81.64133114102535
62.55455038420736	170.07218600678067
213.2740241310912	42.16279624064381
273.90629986758796	350.67762507509116
387.52685637706014	240.07786851827
170.71089208005756	265.8246468136724
417.24831570208033	266.8347615985313
309.9522248798017	84.09194471261488
126.60457407173253	418.11005442062515
223.70706092536378	328.3655020605137
346.7920970971582	407.50318503695365
84.83311401617715	259.74989537365633
0.6290395272204297	405.99495505522265
72.80535548426572	146.46508958468138
108.79070999246011	7.360457797148028
205.8097928400982	129.3596375097355
55.865653054026104	249.30973555262824
123.30366011502736	366.11153329178006
223.6992261784738	235.1915600884137
185.13540123593398	248.0230808013394
3.8061233508012418	183.39505956473354
272.54094853888466	390.7267890341779
229.51231983143447	134.34918309400115
37.0840951039366	393.18254917607373
292.0729737446737	121.0195839470001
19.847853778273457	195.0269311918674
147.135316807697	332.6123499117891
415.4532554254471	324.1158782972797
220.3371062215507	169.46419248843605
184.34572185216373	4.77142664201084
88.90538266157014	88.27600308990654
306.25392947743177	233.89752618518546
63.321953484395884	110.16241923122926
303.67405436600274	277.98144735654654
370.05315672648896	51.806033866332385
16.181053280300443	261.1045026638543
147.93925330157424	271.9920440363522
361.2591228271749	185.257850777137
197.62809904164428	297.4750995342144
196.44244614142363	163.58368497534596
94.72319430462301	242.94928745204115
12.63463301809778	390.1674949498135
101.34753685028227	28.907583444888992
173.34505028619034	165.33163800292613
184.62370491858252	341.67081155088727
257.6266950658119	162.9218229259473
294.0631317762815	299.3695630093763
361.42112521219275	24.431027064866647
189.98085073168025	143.21414046948922
41.831334232817554	112.56611551500743
290.4758153332199	339.2242560091901
21.14915606741775	220.8696839694669
223.1416084300974	115.80040288731888
186.59454487406444	221.06486261735216
344.5921840383962	232.69317292730344
69.09527534727876	17.48077410185821
5.289703733712179	342.90400565343293
59.32335352669318	36.71943447224334
179.8779861106778	363.13972525780747
121.75014903181149	169.15614914837175
277.40446316725166	261.09504868596815
373.2918083748085	8.468371335526118
64.91031845313309	189.42167871570996
252.7483973251457	380.9518880105507
36.250730035165375	371.48744361833496
225.5417502489005	412.8311410112875
32.309806675626376	131.05948694319372
0.5302656378214053	104.92017792145468
31.464087431820754	313.26194044558304
350.8494494570911	252.05740449642298
53.59621186550929	150.26769204700514
270.9530789691043	123.62323620900285
141.13615816410973	378.7912066021905
208.54479436485312	78.64524611446723
337.5432804248227	272.44473143572213
254.60478697808028	28.154738111234877
340.2481932276847	295.793042681161
12.295588436359468	4.399928123287582
343.75475179335854	385.793013360305
369.5999199555867	352.8855456992441
299.521271572972	258.1336233550588
146.4024750896425	417.71605959528495
304.43946791033886	103.3116350858032
113.72855889237347	142.87493529258626
54.24664093519798	129.74840222052293
369.59094514677076	142.1979356648993
394.28089215299195	14.10885787419605
176.47525738639794	385.7104858918673
315.9993500786907	13.506604611406955
50.02414656558172	321.3013899296992
120.67548081896868	216.86632640812627
247.43534937553716	265.5883572641676
324.57935283313986	380.15334525102975
19.93331739051209	283.58716199815706
235.8356182925862	395.18564745779497
297.14234777132094	26.183286141384464
253.58691568390336	358.3809273921254
406.3164696533974	63.59471275978872
287.1917466143738	242.0921984735659
229.79343184967166	77.03047724171053
289.2449636433413	221.5348184491201
43.36114102714654	73.64090699847888
257.0317649495689	213.33767816649956
312.84376317440865	305.2185295698949
145.73198167987718	356.8121722162695
134.83215674720637	232.90013390336986
35.140919426015515	248.76322354160263
129.2895471539929	60.94222734816266
246.89204486335137	289.0250467287974
385.2585527334973	297.45743278991205
360.07421119092317	330.51974672535255
89.23239845266211	336.9513909300098
206.28902347556453	253.79402530091087
33.7679291526929	333.08747614443183
341.9068015778796	24.923961110561812
90.35805451823194	413.48842059906195
322.17986075175764	286.884010236704
265.9236429160549	142.75976986202397
78.99660840356428	377.2585107500507
360.7324451314694	164.67828846891038
388.26716091005983	415.016456104752
55.47053468756114	374.9417568259692
390.4748196028315	48.709628828586375
151.0525034027411	136.05282300435428
412.4339881401563	4.230342061046049
16.39061362344743	82.19704445786473
335.413974101969	363.6210868581829
290.75961829665926	46.06384218953099
103.1356809846761	101.57479870535833
65.13667448366661	338.5206417941713
204.12084590407213	416.62613682571094
163.22693388940726	310.90309154478086
320.0260145737899	326.380589281513
130.2632383730319	198.95902855200424
240.40693223659142	223.87578202387414
329.19655650468303	344.4507362743343
80.79593333364947	200.92599379861755
61.42863149837127	227.2541622362819
214.28142627286923	148.31666050822395
56.31920856063616	282.77233420173775
277.3106728952789	160.66381863116112
245.4884626212707	197.22826017107815
30.5956397124228	57.727128771246235
76.60276121439269	125.83672780289311
249.2171648915543	86.57919270957174
326.78677173103944	109.24222802765482
145.58714650495156	117.3757842383117
38.78441792111274	229.17894188293428
140.6864484480488	312.26229709916447
70.34334046558895	413.1549538689751
102.11927380580177	300.2455677356346
120.80931253842398	291.9067055577746
101.43466659362049	372.54734279773953
227.23617735943085	209.4539307369043
114.05861487417448	187.15418771510988
188.6661110470306	400.92039188265596
108.15046059950818	327.12883046731565
277.84473614798947	60.87199472655688
311.1059631360148	364.69341088102914
397.053311527052	376.098064657197
171.7268181266942	206.87656690435668
189.47287871539197	272.7323242850361
285.3594739717588	141.28327827172154
363.3873588852111	390.6424856882634
68.94784681603184	358.6379611734476
57.94587508121769	207.923903189833
405.5553911767973	170.50748750983448
331.6497393942818	1.1914079926637684
353.1787163494363	311.11002211542325
374.92238781889114	85.93015750803697
396.9967772351798	206.02950382611368
102.06817353997177	204.6426044990287
104.27065876020835	159.94076567498513
102.15736211287997	280.2118165115279
174.86070802893337	27.298645163149533
51.17637319343808	408.8632909298854
142.50060280697724	95.70057912509637
375.1714363394902	314.40938107553444
325.51104408659853	147.1144020178464
416.119115371948	202.359551347941
16.517754791651353	116.58370479673711
395.4954055626399	321.747261412471
355.147680397782	369.7108247075514
256.21321780681006	404.1449734958825
185.321851274079	100.06671472686828
224.89189055542337	188.50255911921016
88.75589092433991	357.5435353171032
154.47147751993018	29.617927640025513
