291.3103355686982	337.2664515511991
191.9497484486893	385.0382767181588
59.165013145528526	405.6377494969701
263.04646429254296	331.2456928741555
264.8483698403271	273.92280469373503
112.57470891379617	275.9429824139049
256.0247972653519	289.50816649255427
344.8415196922115	8.591097846489173
163.755378492229	6.880279709304667
395.9396490905676	73.23615656156844
69.8778802122607	106.58232155441196
216.66950663058094	301.45059561390843
311.5814413658799	288.4954200962902
0.8355985491707776	241.10325114006594
223.13556743107574	103.9450951887079
174.6367586812059	312.9099684354319
276.48319296801276	6.002722004166923
375.0463427946898	404.9947448291994
102.28073811383427	322.6464409973517
296.3761073746596	133.17811463635317
192.8538175711967	360.12029126551334
308.42110360371095	331.2773322272952
196.62703371230026	296.52244319161105
12.519898593304632	323.8497906549938
242.32572861299474	100.75746247689038
281.7028733157766	406.02116806041175
304.3430169478129	188.7287586059777
404.4295339611205	378.62993613225007
74.2298025885111	393.07290794937796
3.5613258422778626	82.7213046078781
229.588991530817	317.10524687269447
69.08671016360032	374.9621497265211
41.485901143433914	400.6224134132133
89.43536288071344	66.71232782684844
89.61206504855932	18.1177770538857
320.9738507753876	344.5217166663366
13.043408458743384	15.494697340062862
266.3526868076103	137.1005091032777
245.92196125398675	224.32700296606723
183.06490994777462	259.28256131789425
352.2219469402722	186.36998562704383
164.1991451795796	158.94113708175445
414.4068415051464	10.715404209926588
59.321364447642324	141.50814781580974
205.50848528364818	41.06359604299998
183.64136511819044	334.6736214710455
287.5640120957161	243.91321964810288
254.9410668107777	308.099757437559
121.45268308400746	83.3306746320046
78.17621199534507	248.02864901637813
328.99009355724564	387.25506970051134
169.63665041937327	235.6693539428973
60.92298582545798	83.53954940180725
272.25420683953166	169.0044077998617
398.64399205844745	322.4788374622546
0.5272994786232683	170.99545031166423
375.1706858522228	138.13183993037677
146.45972927744603	68.37945946699769
365.21782700469873	384.4864378593617
172.5092341447964	41.469402455667094
110.81931617078948	224.8574906302266
390.7149616405432	121.0942115621453
64.64427346164084	216.93780249709104
94.7442290111524	209.0857394444497
42.074635487988836	81.49896859407237
419.0361253315014	147.52960012738828
25.027259469316423	192.45872293277384
83.39266475366863	226.29663737555592
264.4398772917899	107.08685345312071
146.56247968907653	94.9820647978175
154.8870366276958	203.60021591827132
243.27553618790648	248.85721755215596
188.6332272312316	53.21518520289167
353.0674341553288	329.65025324735655
230.90850940873986	150.69079671111044
94.28451945362904	166.50948953962774
108.39322935252446	341.71586774795645
93.62130133912872	285.2448501284072
187.07527285954686	81.81175883581739
245.08834480876365	327.20452969387156
389.5568491279065	176.58920081263676
7.6307230858359665	410.38171627621284
35.08107606271006	326.34377335008423
230.9061456315481	394.6090420706421
213.4478695723724	157.5057762350883
397.99808797467017	18.940824438784748
125.3690441420531	352.527563571252
23.182955218860968	87.80734469152151
367.1354309894226	312.9447349566159
33.90499548459604	256.7131028992718
341.9518320243239	165.4906754213814
141.3643682019949	123.79614045085731
166.874328942131	90.45047199051865
220.1946100608342	241.06450036450238
354.74652496888143	218.98227660287532
353.5322182894461	401.9515201908365
77.40456079017511	269.32409740229576
117.47396490402005	193.19059404344304
56.21036626554885	299.8298191412731
398.8480848727921	274.96604004166886
324.59589988796614	199.81014811092837
318.3110260834053	29.703924221256464
417.3591607811346	269.25372913265903
110.06442835016776	65.50407726675341
109.0131459490225	17.228222455771235
166.03177732737112	275.49539064013123
58.23830191811583	41.86382168339368
245.0331879925267	81.31180521025036
236.02390931924555	300.32831667500056
222.51053825555803	85.36842589785748
178.40288622429134	145.58222911085133
371.37065962802285	110.6589903719204
181.70084547800602	8.919427496863602
362.7915686812424	2.5042093412098243
384.6737021795683	96.75715610947167
384.99345155261443	263.5705618092715
348.4378298901901	306.9836826378478
295.7055267211903	38.905454759254596
85.94178385665235	123.72531155096173
281.7777230692515	225.6024610121383
224.64936375779558	198.83086414718346
53.93333310671049	317.7866158792982
236.090258116268	24.78843513318738
70.62425895882895	197.94766757151532
402.1985556084884	228.72714980481092
189.47671255832336	189.74274317622928
338.0856354914702	127.33782844653274
349.7353015844404	47.58751160474964
297.9011250862461	64.96763837991195
49.39651668288738	202.7651279191506
346.07353956835505	379.56729113780824
149.31910287614286	283.5733033581783
369.7328606049837	181.93680748382562
89.26102956533023	338.3894949556386
377.9482192325891	19.29010335880767
390.4470319420109	1.3822918491284522
142.91270248402205	29.409708401532093
305.3573472090869	254.97246814187463
289.20925099277935	316.6263353060766
298.5854637442535	207.2292694185638
296.6280214140964	276.8989207160747
281.2610749734107	286.45458782791695
225.9182556554032	262.11860034048067
261.9737322136348	235.8212566174299
384.93848895908195	310.10373925963484
412.6989536602977	311.3565994658026
338.8815903262202	145.80716704343243
26.264320928273825	114.31467745366754
130.4469471179885	282.7404590974283
172.23692262360402	366.1355660113991
349.58921780716327	65.63636822347885
121.34560690327365	407.7824387649788
172.5490047756024	126.67581783792227
190.3263870707774	120.43551153051251
272.8166353859799	305.63036316098874
418.03782495762675	127.2062640838788
39.50367746652398	278.1300942534674
87.89422753920589	377.68451236814496
172.1539370206341	184.767391862713
100.31021365014783	400.30751558211693
289.10628019115757	81.21315089997873
262.2673632746514	86.9356354395324
172.28561905585156	65.68232088883839
257.5598845985256	156.01472019203382
243.09034491531284	137.45384202169484
322.00659550315476	369.0359147220747
7.480720337900261	285.79690943786653
263.0826396474951	411.5453225184459
280.50719360470373	56.52054430862661
178.9696517203955	204.38231549930762
228.40008649548395	414.4910103540798
395.5455994108284	55.25285815885857
127.35582957511888	370.64123024341615
95.98985500069905	239.67765705468366
323.0673457405344	90.30495513056424
143.83892897900515	345.5182826224358
393.145040462952	395.9614476033665
88.46328849674501	36.843070049719664
217.32149151484904	135.75537298764453
28.02699157987844	215.15280783942566
337.8641473933179	28.465077985954593
334.5469024251376	215.5428699264703
210.2961552912074	376.4685018754177
69.36290231019566	6.844640184541598
282.63581747982965	145.53219611397594
209.13922198635106	224.11222288774235
71.9988713483537	60.8412434933369
226.82171851878886	62.82026506196561
344.34654195958836	90.96959748982644
161.52022266092717	107.7843519868871
327.8985321965156	109.4067042621884
208.81979100642707	116.62856110453497
111.1963328626576	302.13300841023323
163.25554871422213	24.93042686521105
378.15914677762623	50.67217477694797
412.9250004531927	335.8408750089
98.76589895932334	191.18605732048204
318.37145326885576	271.1523559251073
328.7014497371778	299.66047457699403
311.41786557426116	236.76724088608003
40.32707593993577	234.79201195211783
292.1969129219563	163.706912394012
105.66888480419941	419.49123149456483
261.0324241240476	255.90246972386885
131.63578664258185	46.15448294084829
119.08774396778827	159.12833774778483
241.64973835797767	206.43147272945242
144.4245250845169	260.5522202516597
205.50567012727163	71.16222215497241
34.40736122089531	61.02363396673536
362.04063024957	201.50873664229377
288.2111146711542	20.750815082448444
20.19344676591229	273.0992400682723
125.51447726331503	9.285869999479727
188.8103322529435	33.659367848205584
248.7947484610056	400.57884312752446
348.51606930320247	267.61828556551006
18.54556827980053	135.87868798567683
33.29863141188896	14.714992306327295
197.8871718160914	143.95563488877303
230.01937457193986	123.16377676244316
190.09603011283747	410.07189691408195
199.05047592412626	171.56685241097279
114.41635828333943	243.07585058856114
60.67918262292489	235.91822495173076
285.8222280421904	262.0801220492535
76.9650708749552	354.6393614440314
404.57754637316964	162.59528273962277
381.57975629393223	196.54759887343081
281.0758707588707	99.80240178796583
128.28674001135334	64.77561184309356
54.347717137665036	356.98110161552336
153.26066437388005	310.79035739537306
26.66590611826845	291.69817707663947
94.79660417787576	145.94718600072275
128.54738357612044	229.85409481960417
334.20943434706123	75.38874531684122
53.11925159937891	63.455728218361564
207.8039085928705	394.4480311706293
33.45393180538846	384.3405256271196
206.02682233747345	276.4272687754963
393.15847849852463	359.49981280807606
374.1233196859679	364.39938577229526
107.4783780854118	120.77838631341048
285.1110194496316	387.94983242382244
279.8029207674939	118.72053790699806
326.0989927505662	321.9594499219502
109.52016283115977	176.7639975162947
311.4389071974549	50.28573795741696
189.41409054645996	220.00307208500766
415.27679113178846	65.46687443290294
219.46997361381523	10.80740128587185
91.63586236434159	303.5431832178541
368.3133939545737	342.99660819606345
260.64246157692935	202.9030215876101
80.3386964116925	84.42064945712717
224.59534296902123	38.82935987933229
250.68271762547224	63.10945772782081
205.88606977396137	257.55999921694024
381.05046766306845	158.75849683635846
316.0273166756677	71.12282179260436
324.1991933627586	157.72679137556167
306.03358090434955	151.71345077434256
125.82203833833974	389.34252919611566
52.77449048196505	252.40324779822447
411.22199391592915	402.5683800552462
366.619824435438	36.97264321434729
272.3065159228014	372.4619222076971
192.04031035584237	318.30187601369624
19.26047603295251	395.8040864107238
310.053195398468	111.91695398111474
329.86882568015176	257.2537572308498
212.48159144285881	324.28376312692666
124.62237048780915	211.48608867861432
263.77118338072336	184.87021692687418
301.75373124041914	353.98233626814385
321.1467777268154	403.4965814508893
413.1714773361224	46.6730758428134
201.70416248974718	202.96153745220778
12.07323241113319	205.42710675167658
369.62071406869484	253.2306182578217
412.30486971365644	203.49232092460167
136.22568941688746	300.6325277941043
204.81410318867916	21.678794520299007
151.78583228823214	386.2867462773499
45.4869316824369	183.68799036546866
30.254625576767705	360.47677879989067
41.882559723461185	148.9807582666936
23.777587698007082	155.08739683489452
142.19719726260942	147.35556071678317
395.04647492739866	210.4326266574904
22.970405819450345	240.24884973039514
336.70048527605775	281.80946668632726
383.699846407661	380.7475910530133
109.32029658152517	46.74524920871821
405.06992151393166	106.71999656585156
102.40067221278272	360.5300142649146
155.3846396547787	49.494610638335665
15.11161373286457	63.717205088201915
380.46303162864405	287.8059091930866
85.54362999269946	411.72103994601787
157.51991393120227	137.81841902984874
358.22652748359354	20.893327135162888
251.75923130653268	378.8363975987902
123.26438892280298	30.288882052320353
200.67512903813724	340.7311904543142
2.9234272445176526	388.52240601288804
121.38213946877617	260.38778147874984
260.5073635450041	15.119439677790252
227.89388827014668	221.35504017335444
40.28210104741749	39.71681908729153
419.2665721493387	221.87645042988066
356.21570851448126	363.0103360533094
332.92453249702544	181.3072731669376
148.50128985381565	181.07500681992616
3.22935432981969	107.1573630909665
161.31607415886072	329.101142974418
3.730310878965728	351.08288845156346
105.80464354495554	379.454802932404
57.35911722304632	163.0324793840528
310.70135749113274	171.01614905190712
185.9172726276762	101.87544438811763
158.1656129861059	405.5821525369694
294.6742977475369	298.6279709018192
310.5273705241112	384.21463008189414
355.9926820066693	238.11658340493685
366.1533723047949	272.16553693978676
47.645717659204415	339.640708319938
419.5709378521075	28.994657749529292
382.93082558251604	229.65437189833
338.37380964362916	411.59101797313656
354.9777591539916	134.70270499500413
183.18848870583676	283.79052291399876
215.38221655756197	181.05466772968919
89.71018443699771	105.18794310483511
291.41424936335284	368.92159196784974
21.14371560660875	45.92035767616503
362.61704692390714	292.9620265686636
272.4398037563588	30.06286870905827
66.2443166406191	339.2266981844693
253.11935474879834	121.28914872275881
262.6987270119007	49.5118531070574
230.35157761721857	283.2098633448191
316.18611393138417	217.52771084306272
246.8255931110588	419.4844536620125
76.24646818028836	158.34210336291392
209.3587577929804	413.3374108059258
360.7944976158834	161.2740010623996
115.2407506003623	103.77620956574297
69.9661901507763	25.47487768385565
141.510474575179	419.28865707342095
294.91914827846085	0.16641163560792707
23.63177899344073	341.15413988330437
403.65244778762985	250.83975123764833
241.57110693745125	165.14232152967335
278.99824895557435	354.96581295124747
309.2528175244199	309.3274873032342
49.12183139381198	125.65753413234275
103.75674417262546	88.71309551239669
396.0721175573744	138.77228056715063
285.16208630173537	188.83076652245907
143.44209064319972	327.361406864056
332.01024343991475	55.07834604707902
164.87252354440778	256.20198500202537
18.629811516196025	173.1585663365698
116.89592867726833	139.51856766467245
323.87342340337807	2.807210859818122
280.39487285881455	207.69131697993404
298.92513484208746	97.87591725812462
305.13369594456395	14.901048600191285
392.8887395081155	36.735925165545865
74.53795215926733	290.9939711143571
123.91971640336176	332.38602262891084
241.72638463828093	362.9996195530342
266.7158958823557	390.08751150035823
348.10463489364867	111.00127515224732
170.67759390532564	384.14494557642075
74.21842406464184	315.12100118538234
331.4394425934912	236.47455005243773
57.20940134326978	271.8233589361357
252.0298674746121	32.89986118446312
404.5846054209035	186.77530220721582
0.5053992316788474	368.9640148700809
245.11177077065008	272.06604344946373
165.14223045737901	347.9610890941586
11.335494407719464	304.2053157520708
97.29018545586023	259.0027267636021
164.34889154855935	294.6451295405273
11.140975077107942	256.97077667354426
205.85725918284135	95.34330671602642
140.36852628726297	400.6290832542485
49.9083979145777	377.1795062836857
241.76535770761714	345.03930349318966
400.6786936642262	296.07540753918187
181.99067237111842	165.948576454717
214.05783387081894	357.2012016754696
29.027278886991198	417.1550891401376
37.82704571993678	307.60618975438655
240.354166520251	47.30934043818217
318.8435951420625	137.84495176539033
406.34306606832814	88.47456272612858
342.5160605167231	349.302154902297
388.0666200365609	340.5913129230296
363.6348904832045	89.8215745098837
375.0415936199569	73.83880524242925
50.90030091636384	2.7689030865037645
50.847476333739145	24.983817044889687
17.70299552971447	374.77997636506836
242.1531733691402	185.44273316400728
260.4440288055059	357.6165260725535
221.19575121821364	340.4957619847101
154.37073867192245	367.915378989544
192.10128980866634	240.7864669158686
144.16945446826747	242.11630822134958
154.74916353120418	224.74940979135
136.97800446784683	164.78529168158323
228.76380746382722	375.74998786150843
299.8655188635178	400.5538381834072
