108.77468715544458	132.43681044492723
336.2271033988402	184.2515121402927
161.2994692756013	181.25209249010345
63.57590080882995	163.6731032667958
58.69706559844301	28.027237367909034
199.81493254269026	204.22137833623188
339.20662185257817	34.50688040128605
226.211156820988	121.51408169936508
332.35731590409625	166.3981033201605
356.3209986034218	168.4264014476046
126.24336751979884	137.5949943234515
191.79301938407318	18.262485885614442
379.6321737580398	328.39027380311427
240.13719442064564	236.05146095097874
187.3324435665648	81.5193599160645
47.901482741772625	333.4998246636725
286.1380785411769	44.138204169302774
182.92782815583783	31.22092962112471
55.94920771505355	190.57606065827946
69.90839188751582	242.29777127117234
109.42800357117679	353.6738568062052
393.76963802170644	260.8686228094657
35.16875294170396	66.5493018193993
24.72386889175962	11.443425783913785
225.22074247947714	398.6844367889942
180.9426197271039	108.5522378917129
141.15562015720468	15.103631589326312
344.2977476922883	137.4065671191192
304.7587663579703	277.1499099185533
106.93811968113191	270.25374829628174
181.6037085971988	399.24308792898086
49.35083676706873	14.611856441954716
30.456982743348497	384.56986153122773
106.12666662877791	71.96409874099601
42.282146057579354	181.41913328816472
153.7464977768503	319.05607877189755
38.05922742854236	84.16376180704734
241.4196645019011	256.82310395446683
402.3991990002803	378.6073168149994
77.37577969198423	192.99981616775509
198.46455754228884	380.1666708478894
40.19172157932294	235.21274904011432
256.0957255335459	196.0956583039238
72.61608967045359	123.22917584752992
46.26691161557119	53.26599828828976
283.98816187599135	83.97093602291534
157.8657795739812	115.21303503757869
69.98444644234003	55.53238514011313
52.27847464412497	357.8097349970631
65.11564884943797	390.92336623446727
249.7665795961795	219.33491836656916
274.673614483879	130.99318807051912
17.274239302453108	396.60323348719817
198.33495868198904	102.55860376587675
6.429131678814615	87.71173929048626
365.46310188849026	338.48692401487733
337.6074238491363	408.53860738835107
103.79787835172964	176.57999700406504
84.08272890425005	375.6025970815763
334.530200421974	119.83732727515167
15.266679871861609	293.9352989405323
111.9981184501504	56.19623814359327
259.77839446907757	102.50792833676819
262.54905474843036	360.3597266735083
232.53157132511765	412.5491962211367
217.81797826041145	306.2000447593991
387.3748188678713	19.783083669343334
83.21800681397434	401.8304026263427
354.9891396278798	17.95407799135756
313.91440917461415	312.33658484768955
232.1884744416303	57.3814497334625
403.59664485142036	145.54417461116984
173.85159655821585	314.00473938191743
350.62975753905494	122.28933482013123
0.8098111734287916	334.4884387228917
339.8334631573645	201.68547831178603
295.7745998053286	319.8350253283298
352.0054964111959	188.58653192126434
158.98458727115505	260.24017253852224
162.0070761175093	346.5934122408364
113.09548963471238	250.66288151247284
10.221526095300174	220.44621851225847
360.80301284748043	242.32355695189267
350.76472759518145	360.26226452112576
398.5839333465834	205.1367277743495
165.90745739904193	101.0921576089795
9.227198756422078	27.49740029955423
128.33079818365968	238.59011180321204
87.6484872715872	16.04421990361993
314.2466080507996	352.9969086147415
192.95560050137544	362.8486337975774
386.1721408042873	381.35320256334626
410.46178884644024	173.81067402828742
184.103055641208	196.45110207700174
63.72932306064193	406.9409617483576
36.60437491778484	200.05727379625733
15.189765230990082	137.4858689241488
303.8926202591409	42.19488822626073
327.40594433747515	254.97740601754268
122.63636310953957	160.21078486770196
32.396477729107126	125.4880322806669
0.5319765686901735	158.97911232976875
266.13644353976304	235.90530807573697
316.43937883246986	62.122795868627875
261.4844461038491	10.227921699124831
306.32238947994233	213.88197257865872
368.5922523249298	258.7666925862389
128.2508109211571	417.1468500343168
92.34240830702096	247.96240812660133
368.8459386605804	183.20896272438995
80.60479661179217	102.99767523469501
321.5179904437338	203.3195782333274
117.26635404263538	405.3643163845489
77.84370272101816	223.98581947883255
261.47607548383786	61.516251679400504
321.4842262133592	224.87302967074214
404.60135392060664	336.824605705415
369.53061617710534	121.2599463415031
186.81053155240085	162.05461882763964
124.16984642038392	312.40419947877683
56.396402208931995	230.738970818297
15.925266797144385	119.38168831413427
186.8326334932139	127.10603248455328
121.99768192765421	79.51697186503431
331.56291276668986	314.4771112836519
277.5797279192781	27.723271698128755
400.86833108759186	321.3452828658634
376.53859976249396	295.23989255195227
159.11733456814406	222.35330830594074
161.21030722152076	203.11993957839755
393.84813488634256	60.50693725752739
82.16222277443134	67.27141185055658
90.13182398033908	132.69252147124666
251.6511150743707	146.94101989740827
277.4598562358692	316.62456344478755
4.86437757337622	9.061104671936159
266.17307454378874	219.010499630228
193.5710430507619	253.35832300648076
360.28945569065684	141.56336275996784
267.781318701828	184.28853499949093
342.87152052824035	224.99045891805505
325.57190786993937	278.4014827517928
395.7101793796036	235.28993575575663
237.25470495673065	156.90069879912517
197.6881129651644	42.781666824070385
22.582462323567405	311.538671844083
409.8205129133659	65.95156506169154
143.19465696052848	384.3167754156709
387.4119084288174	77.64186357556022
176.95574840476067	221.25730503599874
356.39034449427555	306.45623133395344
369.5277192280766	25.09720770239551
102.96974655546553	41.6154419729415
179.98872358020458	374.67635687270825
333.78046534396174	238.30568100310418
261.2606260655463	26.3750970800773
325.56076624614263	398.5195824543443
375.7808064696271	161.118753315855
293.2751505729234	27.274739415858484
305.4383510201152	98.72247986252131
363.6142968892908	320.57492955320726
312.1775231428775	23.464625730209576
209.3434010611794	122.82802467433056
201.92913538023583	183.6688464181189
116.33430484648521	116.66560922099312
415.83892654653187	314.20815377153195
355.23340517044306	210.1977939404051
171.55923364777968	73.70499875632392
170.89453885238223	162.2308635812053
329.98038605759916	355.4116656869611
84.73168338217042	152.77322516281978
386.8810057360622	308.7907453369009
218.85965456698383	231.4741548229353
43.476733350843304	36.69199152347488
340.91027794000195	9.661559945497496
319.2116871838197	110.45212643039004
180.41863221795353	51.71869049574767
290.3978457884278	141.0780080944233
91.92192679476196	116.06924399023714
160.2426310913909	386.351104974503
351.21781055052946	45.750203734921705
322.87873157895785	134.4459430285387
198.65981212496555	404.3410789145894
231.86298403900335	106.09347528688252
240.9705242065862	134.75390758670468
90.29811657742187	286.5689930559373
231.3850026165031	20.64060956820369
93.52992144036465	415.08185948602716
32.88022346265481	366.505805210958
419.67930693252646	142.51831864329566
365.7725553909219	373.82492053809443
246.0344876895509	13.229405638599161
264.9637977958683	77.43443289923351
383.0502662652896	220.8300600104831
23.852482987786843	77.36458940114171
248.65329007470947	403.5084922572365
95.10681759803313	56.219202230492336
78.4406112602569	332.80081126197723
39.4467063099554	315.7614195604841
344.3518655770029	154.3417084892677
101.80193233601514	196.62219600939673
86.93161285144981	173.09192770574418
330.16162746289837	49.143293303949314
91.82875341311033	88.25757209774385
348.6632498686473	327.52217386366317
310.07869806045824	169.34101322528085
309.34167918724836	78.90620288079897
415.28623870476457	367.4969534016691
50.44260479141424	379.4505581286154
392.07761709003967	285.7645133344269
246.2163091537847	94.49459361361956
3.1178503534146818	352.4438250675246
416.4872107454231	107.24127725583845
345.3376802016865	257.82999702715205
259.7010431566153	126.17031055101829
218.79823530590886	287.3328574515657
266.7086559174085	345.01155309460466
302.8229766039444	393.8252041519066
411.9447971709424	221.45554663113057
288.7434761977752	100.54155731536599
144.25085737045467	358.11029721801174
370.07895659633715	75.58868763508355
359.40144717065033	1.6053276889604922
258.0369288966202	316.13200649736456
23.161233452011942	234.82159835431497
384.7153006342191	347.92309632134663
162.55723621275914	280.7419181724543
17.064076646810975	103.35115901686116
151.3105658002819	54.34335572120751
403.5870349240866	354.1101901789827
298.2586545418527	298.19496555538626
17.929787772958427	251.27229185350177
137.6768644116523	325.6222105181468
103.30522730995607	21.117827864133783
200.1247896021367	278.69944869016354
32.5488833202117	216.89314905351347
195.60818725732835	320.2310379275835
4.1060689835286155	277.65857429878037
212.50968115521604	251.66513834440917
390.62875799962364	363.8577807924299
152.19816304186185	402.27265530094706
338.0115393636804	340.43138234663684
159.28854539215956	13.625098158752515
404.1874218160027	120.86503864574996
33.21465158333077	265.9683454845039
223.27745946381046	205.96586057645825
368.3375545686814	397.6279970875788
105.7050196829968	326.4154039539264
204.13172933793655	342.4125476573201
142.74958708222067	261.3919549631012
143.8523509897627	136.92570479454534
46.82708413515915	416.21811109269197
205.09915752620185	84.34100380937322
258.4523839958812	266.3377743887808
214.7506006623844	39.63829139093619
236.8319260187658	370.73152433468687
63.2721952862806	145.7719366204729
97.30797597906479	309.2966194774109
278.0221204685418	168.2598941795582
285.72131745971797	183.4442422076169
7.091020049921373	187.22250831216377
16.637429676888953	169.27276240922532
242.58516031259416	302.75209567214114
207.40992834856021	167.18697129246814
86.96362365873834	33.3412031761877
294.89875607992036	349.77136412933146
361.3024035320385	225.082567967396
233.28305626375243	220.60566140530852
170.04243562136634	410.46998725376034
216.47176241928597	56.50003756124478
156.83780192390495	79.72582138908399
141.4083209495608	119.93590711377472
262.6844043012631	381.2372799051453
386.21653393412083	119.70368670719633
120.65603411951231	387.2193595321291
56.873721198762034	122.7281703903572
410.95458147568456	252.4973274289487
206.2780797076634	141.19246008488474
219.34433810140987	371.35017763068544
140.86191956865193	193.82926325104228
405.07290839838646	190.75593045186
120.79687047928138	213.08809856319533
223.82216875215707	78.98728029456095
72.74127210101881	350.2988261168943
223.5933386132447	173.15160874111626
245.0687209290736	118.7524176789666
163.09129398339286	31.369316306346747
390.768330901457	155.81497356048453
231.4513123781264	320.03048086092315
183.51082359628634	287.634343546783
409.55273884327573	269.1860708459157
341.11766762750113	63.76136716471559
198.4959429984777	59.1845891791908
149.88507964900734	99.94431265074353
227.58855997139048	336.37242077210175
173.37167099471304	335.2177638197883
262.7405714217023	162.57070601008354
54.35430063928041	211.23405072975604
57.282308448824196	74.58626101171336
303.2937549280665	409.9844397253262
250.97248403588807	346.1611645033524
303.07636613879953	189.79536302924512
390.3102164720085	184.64624797086185
129.88913701467732	279.4012012753233
401.1314108406395	0.6420715512696271
410.3655191412567	91.41231868787106
373.15767567272667	100.24856230544604
25.38117655255608	183.5352005555125
388.29640130249214	35.69827563742702
390.1941934471807	94.97557350259041
254.6351700476926	292.03818530827573
104.29051330746626	294.0851632693289
278.97911741564417	371.93654984771666
118.27761778401914	16.414595523046
285.48086306314013	395.70821626227223
291.86349293214334	207.19356739851284
317.16457298190744	384.44257761607764
175.76563210136703	17.285521967653956
99.30955855118518	386.28175349304286
159.53130697424552	131.61468462601684
66.00872200956931	315.7169827474931
183.1334130086929	265.34983942799516
132.03190332406618	97.12314589056078
213.83213781377788	15.277284186309215
114.23107400047449	372.6118284356712
243.16629595057486	77.48149330210312
126.21293194718723	260.07539199574046
167.57885686256822	145.95547230381354
374.64384203341996	8.815918386647434
276.89754107522305	2.8615872967796627
6.642887796536619	205.07331429526062
100.39099311490953	147.38171238838652
324.4919118002465	11.140992780729624
21.23633562626309	53.52194823726433
152.17150203252535	240.49465774996267
256.30869713124605	44.13816770726326
353.71190781083845	406.0732292293951
142.54797275639186	70.24644890443766
309.2624044650524	5.38303823721204
241.7961732206635	388.44337217419906
244.99416915734372	173.99438883216732
389.4482315681341	400.8622508198209
120.61327871530972	294.13175869307287
282.29023322202585	333.88116690851615
181.85186882862888	237.18925350468945
339.35537096954914	94.96854594831281
24.823735025066814	32.87029533420072
319.40388916332756	153.19524142381152
279.7330335941199	62.42422292252564
68.93122822625465	179.37812863057314
180.2817744776289	180.84607469950652
243.55644978660706	34.5029229138754
39.248437491490336	110.57983309770292
273.68199481596696	256.01443667176284
308.71827611240064	257.478121664091
219.11107689082817	190.18748937165577
55.34393272424633	293.0108303254664
223.12962563866137	138.66717688624402
338.56315977516573	298.2771975288098
419.93768863288267	124.6067066818576
373.9300484465448	276.34438442983776
121.26459939615829	43.43753578119957
93.58586308662092	358.10509478138675
294.0016970145973	162.53369377013377
2.3240847401095475	412.1229332462466
245.45752487174056	329.55802542345026
5.259187265609046	70.71389657117744
241.9536469502127	276.4985030202647
67.07671909701321	365.31431585318353
104.77539389217736	99.32837412341354
282.16047179733084	227.82053125096195
134.31511726901945	53.79093196056316
412.78085432684196	22.064191627861337
128.65526278774115	344.2004457818754
66.1650903903679	90.9220434229352
331.94716621585377	78.5842101933338
19.591788162601336	352.0758571471853
212.5884392161249	321.14309451763995
268.58334854850415	283.56305257532347
108.49898181188654	1.0431335974515008
52.22187517184535	266.4306296847974
216.20469242669455	101.27930047555685
369.45628097481733	354.2907886229785
323.34347538032324	370.0013619744525
300.46446858798555	121.73794224692105
137.26495063707912	33.987499836385
226.21915696968424	268.3646824692747
375.3267343586367	200.11908905945344
145.01956589205267	213.55745288541402
151.79118528128362	419.28618047177724
201.61329057832893	296.44556618297844
273.3565159428379	301.2241572960739
273.3855086238981	199.85740147270675
123.39881870765751	177.5239567982786
415.3860258048297	387.98097767713745
31.41412770409953	338.0359545238784
372.3176494894555	51.26670731887805
293.2132747541411	251.03201740136544
78.72980824435064	0.5911544183297721
38.657641536967176	285.04758206848953
295.43615990361184	66.15690259142579
44.24569113901412	252.91097086717443
306.1343044860457	140.84439932461902
145.3777626926211	162.61598094533568
6.931000680429475	237.24196882755174
302.4464716318952	230.7033858196886
357.55779522007833	103.53994334898891
381.02913018226735	138.26090697501857
185.91611193043238	144.46750378956034
146.72373962864276	304.3775155838164
344.8570594960414	274.4865495825159
174.87272512975855	359.3318786442881
122.8825167661183	193.44711752792782
