216.98764692922066	55.68999358191047
406.0475408931014	397.1752162539448
370.26064533559185	216.9982529583868
348.06870062603514	339.43339399474024
408.49499413918994	340.1694068808319
165.155115844611	185.764287546335
269.051231233301	41.389992513902236
99.13182097890386	390.4904042763763
170.77135528494722	320.03677508368656
384.0844277192488	75.80780783390962
311.62482895751396	45.09864009390405
227.94975863801434	158.04595229426485
379.26892023773684	99.30510476159195
216.75300544908234	18.184185354043525
403.85148483346035	25.026466222425398
129.17349607800352	56.966428327477686
28.422701772898947	151.442188012569
336.00915290421256	177.99410665787642
259.5495019151743	245.0200566460057
17.420385676884745	177.3608089379948
160.28855515545268	16.497964778188237
4.5531338276745315	27.221941087435845
119.62495111286992	236.4514661775472
124.05185475446687	130.71546851048478
305.3315627823935	152.36467074698453
215.73228279967304	317.5240188815001
79.71992236649513	303.2238274715929
202.4320155793125	107.13510954593035
119.08765446474314	112.6101485576987
49.47640602700498	270.2446532058002
266.34021864790054	380.29161515769493
232.34212796739988	180.06348456464957
234.13135496697257	311.5908758108194
161.9573539590294	375.7525733606164
155.0852018461845	62.0777343716759
21.732498217367212	370.7316100322106
104.5955613212328	124.98950814245885
344.0241292797746	87.66822216722628
183.86428543615472	190.05555839111958
291.36103884054955	364.0485349459666
35.83059221534265	6.636519087619702
88.66008510602728	187.49724435256496
24.843909481645298	411.71126196491105
205.86741082137792	332.9922181322569
53.09744702976757	92.07878270171862
154.56714557120162	103.69836627592281
130.11187857827414	334.7216476713751
247.86241106252737	142.55831812532105
236.50524925132294	57.10245006531549
262.07960052557286	184.0520925582918
370.4319156449444	296.65185867937225
161.24850104083424	236.95930840814464
295.3169493797326	408.2819202554575
139.56997644559056	21.246682966680652
87.31098740287213	285.3228345491661
176.6901387992407	45.29007548068351
415.93081778888444	380.39653431954076
370.484519639784	235.3874161585902
51.670767448249705	358.120341109237
419.06121021520585	86.15865753390446
45.30607416905051	289.3988595090576
101.63365246090919	227.0800693217818
205.75962658911234	357.1620881856063
237.69374767252373	4.140786632707877
267.88492961311607	202.3917384434046
173.78224337777561	64.34740814338858
327.9630388866066	221.2141559378158
327.0140516594995	242.30666148536207
195.04486092148653	206.17935928920326
394.53409524736657	225.38451610893975
88.68785545386437	9.612136823060958
206.76638579301007	191.5368760808918
252.118807950086	307.42798340667684
95.96190999731378	141.94000713947204
374.26419832670365	370.7357442160979
343.8764464849857	67.03209031820538
37.38024243756081	34.345090445382034
408.87801628100436	247.98928367892552
75.86836255535248	388.8482106937181
295.2157826356989	320.22667997531335
38.919306216204745	184.73562739229038
211.98700208999384	277.101114059305
239.76151901209087	243.48853687345223
78.53974228428778	28.92494674716056
13.034505667203245	279.1264551178501
189.17966505473174	77.86098747011232
384.6937624754964	143.84472297429755
264.7563847672272	337.16631726647313
288.96397005381425	7.491787050078051
388.5493393785836	265.6126189091976
255.7932820053328	83.92675516897575
281.97548328250116	187.78377960724052
314.55951933312167	414.2542813100686
384.39423815004795	183.0142846949209
370.22355180713714	197.20765603862384
383.5572157862438	164.20712814150667
289.88140138808177	275.0621627686833
307.05975167070005	394.2369283413559
239.04475441886729	377.29099457507965
20.737230167065714	230.06035225252734
162.04179052051538	149.90611361116237
309.65770806347655	133.51748996161615
382.0855100159454	29.917255939145438
67.72345927029184	264.7248077587178
61.26338944479825	304.0900493569251
272.1542860833754	226.41199814916448
91.26167230318792	318.8276393673948
192.1708661766585	58.620028611246696
329.0901439361502	401.1010219551765
355.7273348991753	101.99615266646109
230.16868922618585	283.5743295212207
122.12541670490462	28.097462187701794
260.74932075204003	11.482576891025703
350.8083722107379	47.48146253394184
216.13684344116723	299.0592726477115
259.8048217712397	272.6990611541484
196.57430501993116	29.610529204726095
296.3200626213657	201.778185040047
322.4387514511611	72.42550169924398
274.386034498149	285.50882592579694
13.46809358710788	140.79322067966896
166.33221850353036	349.6255508872277
175.40335302978252	280.6529248980664
238.48139917253766	120.38246378673956
119.96932425849947	405.964352777357
412.5461839378862	123.56041396910314
418.91535217568116	362.133880232942
367.8334369873285	255.35388908800448
257.3417946157774	105.4366906975618
217.21141318945237	377.09755889355466
168.4140816062947	116.09707051530303
348.4480184323775	4.469392589286283
196.5364995265668	225.9175249842077
166.20700533489202	415.3391787491036
1.4098052974678241	61.183115979855955
33.01374247968806	355.9858755917353
313.72006032416687	208.6956902561326
25.211277031810702	324.9374748931715
102.97355640477315	61.528803709374074
288.56574235972147	384.4874872757625
79.67164187090758	248.29762785105657
365.91557645359006	404.42702532129135
135.33284290665458	155.28346589058373
243.92821019231104	343.74055851621335
143.50374687137793	190.79501812216733
380.73027447608916	390.02653103773673
321.0487449824175	28.336500019630563
196.82796284920852	310.9156810323858
354.66544868003814	268.09667347177674
270.77032849783996	315.7999606001149
120.6364177204005	379.7152016188472
346.16719448346356	162.54921705820234
409.99516440852597	42.83270192665545
136.93793535578533	397.23743336943284
416.14992345484995	229.73096330425943
19.94173017345165	40.37135296828685
113.65584684673198	45.6845986368109
151.68537230049074	254.56200567206915
222.77430802141748	349.29237626361044
141.47121575424745	293.1206930081159
409.1514175651989	280.78978949922174
148.45920753488062	85.62852607489253
277.8639229600819	22.51962218415961
40.17332490112569	53.634961467479044
312.74494282545743	329.58857369068477
399.0200048847433	359.1666919456958
109.89742567444091	78.83707043211984
337.5264813664924	322.56975640998877
29.230871828589795	100.81557331899869
222.8201522849089	105.24426825564673
232.20504488928916	31.788456249516067
87.75753302218321	106.57463373053572
137.96313415080564	274.2800484684565
69.41334008324164	78.195029064882
82.01875151641903	224.1029428303403
206.7682623969466	398.2898500610261
159.29607076100748	396.6354674752242
373.7509044225341	277.0735374310477
294.78545262113784	168.36350610061208
412.70438782042817	300.8538390459042
73.7519960741852	54.02724328064145
148.67709143039966	171.83988061159675
177.9659560287425	302.81669618767705
92.97748350334068	43.407801914435275
277.2048809249506	96.41218525471822
133.0767256444114	253.25127591705646
34.796527559303165	212.2803897041554
4.888101249518505	162.98347692722456
337.2621568926792	108.10983884496869
273.1895232975533	417.40404276114293
46.0982769996104	166.3339097847852
358.7991836848165	122.85010828526889
23.0650455759144	21.089853750803968
88.2351365813726	162.19806160002804
196.35210163181915	382.987669733072
332.5685520006954	202.7058871636632
396.2525807213147	108.71650229244337
140.93045271729156	211.68308345100064
220.40440736800937	260.6958032397567
362.9367192824457	67.52576286324874
108.27809295419212	343.3065195543134
86.30953633111055	69.13518276144974
114.65962340004987	258.25040775321554
388.63983537326374	334.16854278759126
22.820173350453427	295.6137801864391
309.0107189179291	185.30232219590684
52.133559748111246	20.63124781664996
254.72005429720826	55.249695820274475
171.23022020327807	84.39318222540422
325.1890616618825	122.4451323953249
342.4416861234745	131.38720237634016
401.1378563028184	90.3057490762489
125.96512874260429	305.7111238569065
71.90856083902085	324.6532810095566
331.0835952825177	44.390231605917315
175.14070121826586	134.84267133879487
189.8223046016937	122.99104500542386
303.0687600169476	63.30295036568943
56.48533423369122	62.75552117328564
321.6906029396727	266.9134276648398
349.21367667288837	216.72635512956987
380.622834416131	125.51328975435716
349.38161716365687	192.51140292788142
415.2683993865379	146.5227796497115
315.28598864277063	167.89855100689846
284.43313515608526	74.49183264704055
66.2202578582097	167.5259097026076
213.69930632591561	37.67685027988257
270.64433405703306	358.46400991902885
385.242429513325	247.15019349466712
174.44909997074603	259.55003498662256
0.19326490682830552	265.50034244949865
299.6450181538506	90.63375791435224
129.15872418142743	4.358673436913594
229.85701500353113	329.9028229852538
347.78219555504114	401.2352888717299
92.31211266419476	265.4719536217152
3.4847430252567912	405.654689577449
70.0185701027392	146.3952397721901
108.78269658455406	9.224502824562633
206.64062560039633	139.3283482956613
53.024759406393294	251.7897456968819
127.68667883050185	359.48510629341024
220.70522592773708	239.18188865795307
182.89260405401774	240.8125154211692
413.9078058445922	179.49123997163395
274.2204782172664	397.74923233500755
225.88749505734958	139.15031395322637
50.28451635045904	399.73038105999854
287.9765716440606	112.69709523744424
21.847881066163133	197.18062354576298
155.4738178229742	333.3778829820307
9.38382286809862	309.20247621870334
214.29168631866983	173.9150909480673
184.3134416244891	2.7634403369151217
92.04432929175003	87.66844226186358
302.72811392291976	239.24285842590513
69.4515126649941	101.38174517857746
316.48807166297485	285.2707782118853
374.7169033861948	47.161391806754644
12.098911388518609	250.48113817486743
157.36054564717264	274.7254913828401
361.0896983332358	177.06947624484468
197.43023456515516	292.0506165470985
195.01482146634052	174.50973556776978
99.33622902246847	246.28009489751588
12.843445765861558	389.2947213339729
99.24822812402459	25.889533435996913
172.2941430873937	166.38349802250568
183.68235166881698	334.873065798205
246.76794576912144	162.4901831880714
284.4626085806109	301.11187970311715
361.9855156049695	22.67830479179585
186.53800778165197	153.96445461330418
53.075274756502644	110.84222504133369
290.1327524397716	341.463664206164
12.34796691565129	213.41385524929981
214.67245586736593	122.15051025798687
174.71886144362176	216.3304704021446
348.80139360527085	235.21580319078967
68.11013833448324	11.519714968150925
14.216727011502705	340.4032902927216
58.4659698509044	42.651641647581194
184.28944980313466	363.29840140690726
130.00896861429823	178.06973690947711
274.92608983789495	257.1436414595274
371.7588496887505	6.842226238634727
70.22085847003667	187.6323948675457
246.8554543553545	394.71406264867335
35.99154939435905	388.2286634207038
220.41240775122304	411.0681372937002
36.62068597074774	122.79535636962089
2.4137682883122333	105.31777179695095
37.8763004097941	307.62317974988935
339.91692386490837	256.9643917232319
50.727723184915114	146.89180764058116
271.3331035161532	122.69154400857128
140.4051315976207	376.5034395756467
207.61007080473547	71.78091035064959
336.9953481810679	277.4867919674134
250.42133487532567	26.816803545076215
350.4493242758594	296.4785158897337
9.273754690734883	3.64329673017512
336.780258455381	378.356198216855
381.10485624827857	353.2379272340914
303.10240051011255	261.7987937557229
148.41701346309628	1.9426393720150563
307.0862292665613	114.89688613868351
117.38834408800577	148.74946450707935
62.065716483510265	128.29235675817563
364.8878117897851	140.7367713808737
390.6662970961527	12.095136817258043
178.3276303636264	386.8099640140299
306.658677682795	13.488414759501637
51.69312301298839	323.4324219668949
120.56827383935602	217.68301489196446
243.38332342967453	262.9681281331233
307.13068069440976	375.06002671556456
31.240241386782223	276.3288260618978
227.95194341098605	394.2132068116924
295.3944929522914	28.703059945959023
251.73914178543689	363.10755027188657
404.5025149812825	68.46624355460835
284.430570603521	241.079850336118
225.62892150350356	75.56987976839429
293.2888497731948	222.15836608346638
41.34166085076231	76.81331282277026
251.68098476364298	219.40596260641686
304.19362161320805	302.4759840113446
147.33791938573412	356.3464326457576
139.90124843465154	235.74466805962223
33.72968855001272	249.69823516943592
128.26616624386378	76.10514818198224
248.04963528966763	289.1244432269503
389.4093947468131	289.7832284845302
367.82308262883066	337.59249063449556
90.12170503942329	337.5159263469408
202.35366080306892	245.01889162937573
38.55358398920026	337.86763084026245
341.8407504582841	25.81986765133112
98.63996576664796	411.3954802711307
331.77485521181853	297.38829013997855
269.5750552249579	147.79478195823177
88.11464895697222	374.97768242615825
364.5294871169958	159.04277474270572
390.4562047776566	406.9340435067222
56.18573437415273	382.3876686396505
393.5139506923159	52.42193511757697
154.1594874437794	131.92949845486368
406.68135290167334	416.0040686595372
16.89095415208382	81.22643219664215
326.0793931656968	362.2661366011663
288.37916293011693	46.92618698703094
106.65355374068122	98.98899594779938
65.54880905809391	344.72259286161955
201.54998447005633	416.3833817432452
158.66030390302097	304.9394314101141
320.9452350049002	312.41944738497847
125.88062754081746	198.931633690101
229.44823875906005	221.35766913278104
326.0315839358642	343.25470219133325
75.21173899848961	205.59894937503884
66.27694928557706	235.7776059236537
204.41736956330976	158.28057942610104
65.20774694902632	284.3498159618068
274.16697141447975	165.91334240114227
249.24807350775845	197.1102990691811
22.87846473878737	61.46209310713121
81.75972368656822	124.41436486596689
239.06012695221366	95.37066766367944
318.05004567605374	99.86422506169518
137.56012021930215	113.9834344756089
43.88924485689712	231.9538185617419
141.9575738768499	319.817343190747
75.7824315844887	413.8608885152148
106.37707337807596	301.21383930900834
123.21553957647194	286.3232336974753
105.58990083287834	369.059481948321
212.97144226680086	211.0263901340045
106.99576057591808	185.26500153286605
188.016761019402	403.71288708446474
110.88131860126	323.0343301833163
273.1047031940726	59.79903190587902
307.26659443508436	354.602397945834
394.278877755709	377.6042005526726
158.2794669882782	205.6689226267768
195.54007330584727	265.378599430719
285.8555973479314	139.32250231240386
359.98293374293524	386.12631037621804
70.29376012221596	364.84218423748166
58.727762640644855	216.95737589408287
404.3217806746993	162.91217221692133
329.9699723643598	8.915847823753872
359.21369452672553	320.680953369985
366.08927535244476	86.16661302845675
392.40423445102743	206.89333808764127
100.86660939334413	205.8595402919183
109.97522584557	166.6957223224608
106.47770419353458	278.40265618334234
179.78852308763342	22.089006291684804
52.601225951635875	418.85320576836654
125.75303835394135	94.72704128431027
380.5274527194871	312.9473694339894
328.48305702544576	154.0839026021842
411.3476567403002	208.6122027996793
15.912323445497506	118.96020995574303
401.8786852562826	318.17516654200057
355.2002882189041	364.67672376146095
253.6977710251054	413.65815703370515
186.10162659732782	96.69763809648036
227.8356932457152	199.36228509721482
88.86850426574463	355.82141063161396
155.65677796498923	38.34639539782887
