281.86544783626204	339.5470011328141
191.85321878020386	387.1470113131384
55.740754057895494	397.5131647541452
262.4542697835769	343.4099783598611
267.3278410785812	276.96814860479003
109.20765405641477	279.5176631190961
263.4840456318987	301.4390132666098
354.7577784808315	7.459014366123537
173.38546632452494	7.153551616880789
391.74598974474367	75.99358181509915
77.9666319416741	95.94278876529485
217.2728859616681	301.56191458392163
320.08059814566303	295.9416095914456
2.2171130491257407	244.47962792848207
226.02466742759165	95.3693895648683
173.71566580802178	315.11100983839333
277.1099164516865	6.955479917071211
371.16460036848576	404.59532350915384
104.21576010726156	324.3856760671568
296.1045288397692	128.5953659996886
197.75928036433604	366.8716346258274
301.6263149751116	334.3196410491062
197.62279393166355	304.018525358604
15.324624343510992	323.84476419364285
244.4652659178884	94.13712297551555
278.8363800176372	404.2773611501005
305.78612687415927	180.91659947937455
399.50659878002233	385.1631381791081
72.57936256539082	389.11069077230655
5.336431870730239	74.45318839498958
226.56841540719867	321.5372351059683
72.72753795941483	370.7307287821037
31.26650439268869	403.7135010930123
85.22894219388388	63.246812129562336
76.71012451935353	17.13043120133214
323.90906672362695	344.26857555990836
14.067075575913956	10.72818758584934
263.74460760714845	133.37647526207914
250.51192034703976	219.073978347883
182.4924775659373	263.9336936483991
349.0166922810004	185.3119808884189
172.11423180277657	156.86518301960072
415.03403559476527	11.703068046335963
62.13552490656736	142.4496546836215
211.45923686989124	50.28779312273503
180.4727337169836	335.8051471877127
294.63612811050564	239.42897309167347
257.22523929130807	320.317113961165
133.6252770059578	89.50245900055195
76.81370269900764	254.327982216042
328.3293858753201	385.5294805880929
171.39951222163862	235.08355509881028
65.60771765454164	80.00088369428698
271.8280917609996	156.08815496494165
389.5396958017358	325.0473664177381
2.480791488478624	161.10470328192102
369.9903872296491	137.01541926499394
157.6625679623833	59.98729516639502
362.71596816118586	386.32122154652086
184.50693187995785	38.32545016610985
104.03323864699199	229.6472142239963
379.20097596230784	118.0869135909575
70.36860673247882	221.9038439784484
95.61872472304611	214.20715536006983
36.4076082979987	73.11925997688031
412.83723744255883	143.0441408147874
28.121000919872674	201.0753936264029
78.37491593843518	236.65071182257287
261.7407206889666	98.06825438005733
151.331588542764	89.69138811499951
154.01687025747322	207.11426296330006
235.0528261535994	251.72276129543215
194.45396933435322	52.87986518924457
357.2786495005467	329.6792325094572
236.45880819715688	151.82729904685115
96.67703772058256	152.8057059929324
106.21962424131866	343.87517403701236
93.63876580198793	287.08738098104584
181.95726359294468	71.62884109883205
240.06169427585078	331.865161987009
391.4529280300098	175.62904110198892
0.2612500580760584	411.4553495353094
31.564079945194184	331.5875220624211
223.5269609060768	397.0051500929739
222.55454443471604	161.97791800929042
397.0211984246635	12.980572691856967
131.67769032326493	347.7290699463213
25.926020364552826	88.59356791585412
371.49193511433964	319.6924417072614
34.31027079886714	259.28674207484875
341.177851101588	169.89111166702557
136.29581420273882	113.58513923705961
167.3846788996616	80.29051028708699
214.99190920863754	247.95610890514925
352.0939046637515	218.11173863718682
352.6594542386615	407.3102463268841
82.53756819847129	272.2719317969641
120.66523067630396	197.21041861185066
54.68244612754349	300.8432170700201
403.4038737135297	281.8299295775223
322.9421848357355	199.71985130848498
310.64451320591394	28.76076437158274
414.5892923424811	266.8572656602921
106.63479208257928	57.78866887924191
101.77213836790843	14.833487282525986
172.23944242282792	279.16526554479
57.5555190738567	40.670025667747296
253.4488116093837	76.39159331565656
234.28247516440157	302.0392676111277
235.7050840206991	79.34523436892235
181.2852485707833	143.18474008439836
362.01041624786143	112.56557105171728
190.1506370294685	5.925892756851415
371.1719596381241	6.294185650571073
383.7565156656025	90.4597458862235
387.94682560587813	272.19666050664534
351.0063463132987	308.7683414055023
291.1664586503077	41.67342929031349
78.06511335075216	118.99544904375654
282.1923433069283	217.31313935180773
220.54754049799092	198.2112462937393
49.56340774592421	323.9678943429209
237.02727949156065	24.298588907535635
63.86006246112406	200.58964299576047
403.0209274112338	231.7949072807169
192.77279688236396	187.20523488278778
337.44152524302274	118.93520589922673
343.7238664685852	44.08647599198036
297.5007081817488	61.53597854266696
43.494909950736535	208.51175463778574
344.6333066966729	380.30080591966566
151.53016047899325	287.6264399474235
365.15306508043193	177.54695712771985
88.73710391346356	334.87499649123544
381.90168896010283	21.835464393817148
387.50915432007855	417.22085369902567
150.3431302770058	33.31451087034907
302.92296687557456	261.2820005429372
288.78980300917834	323.2411372468817
301.9004218681571	198.63959003286513
293.6111865382435	277.6694929979804
280.15123826098153	294.17445636917165
221.9642672807506	266.3969637463229
259.69654963218846	238.81574953510622
391.5912628596153	308.53460922183115
408.97009749220064	322.6795861605089
336.7450079790613	139.8181025704836
24.07474992698943	114.54680802185248
127.17833447903932	294.4631659730724
181.9914445401254	361.5455946738368
347.075385378287	63.49010032353639
130.433325610013	411.97362974688417
174.90864064521057	127.60268247496815
189.5680124686737	113.19029316558665
273.2657843755998	315.69708138217715
412.2750926124382	117.59851241177067
42.46615148344256	287.9046505889644
90.98155777384092	380.16598035991785
171.19924318091927	181.90402673885373
89.18074255304454	397.7562469169279
287.68045883610046	76.95201616904383
271.316148492661	74.73730133283458
174.84082791998827	53.546304468814
256.06946191246766	148.80526873512477
243.42605911157912	135.66271349687833
322.59323746605446	365.1835571741858
4.498295338289694	289.20249792559383
261.1107978786461	414.9870408971024
276.8629249121887	57.91993860772737
184.24408177186558	201.95126921590088
231.41437571656084	414.96895024272067
389.98268495322776	54.297500926810606
118.97503312153411	363.37762045784643
93.90819706225444	245.74292266639858
318.07311698317494	90.09959504415889
148.485385748006	354.48576269768324
388.92856006870386	400.72644687883997
88.10448445045562	29.332462914300727
218.54444926699395	136.97127882572715
27.32869390661361	220.19555431399124
331.3292721641655	27.00097132334709
331.46897956526533	214.74304229771676
208.084427392509	380.0613838173833
63.98665875477861	0.45266967517835704
285.763730779591	144.11975072244593
209.1580037456216	227.04586375329026
68.66377700098231	58.63172730536622
221.94462371887442	63.14170052136992
344.04068055176765	84.63387735778545
164.9843824210906	102.99136019624177
323.13696164230237	107.66992175135694
211.32127227432673	107.65636677636724
107.46022259807899	297.2658280170388
174.56969646913873	23.84444309408906
373.48870188858	47.50608134307148
404.81770527250995	338.90891650539294
95.76575083764043	195.76682690747484
317.15503666089006	277.042439811718
333.8055776177559	312.6291060163524
312.6902079034591	236.86145422738142
42.38105098963071	236.46827064208796
290.6853507773293	162.56084845060428
101.78583527520183	408.55712785068465
267.2498537547892	258.0008488321207
142.86607811809455	48.511338639747116
116.66941281809069	158.68277369041428
251.03004002476067	201.7877950251426
143.85712602429797	271.385180893608
199.42798396003258	69.87379749396733
35.23663277554251	50.7011093382342
356.519900938764	201.8711809190383
289.00348043623393	24.772494276073104
21.75632219928876	281.36918113615724
130.80269497170298	9.35743002673986
192.7967170866244	23.56899263447014
245.74051812512803	404.9112648291641
347.2548538803781	268.4694298332775
8.927513006154957	129.42642062980553
28.56795404286559	21.257550645396616
196.2260548129522	133.54183593670473
227.3927109759113	118.3758939347414
188.33696321283637	404.9822196213347
206.39612999516936	168.02454647908237
113.125046108827	248.01059478841634
61.644554069766144	240.73303223651132
283.8692197050282	257.41683077321056
81.51111664729775	354.79400811656166
403.20702560058595	157.2203100614273
376.1868159323775	194.81995637081283
277.83078138756474	93.00313264595226
129.139525599908	58.63006315540388
62.59101214062494	356.1366743436753
152.03329955963622	316.25287613282103
21.473511945133946	298.44023630814706
104.57635439317046	137.48714337116746
132.48853274475914	232.8328545238137
332.8868336333568	71.96165152559351
51.27040430522358	56.95318390055721
206.353421922445	398.05059979933793
37.96305792361707	375.10727404492746
206.7322891303513	286.5996168732671
394.18270029791057	360.28910383938415
374.22040222461095	364.46210462016063
111.5919659470576	120.53774363933093
289.0755172979837	388.3016256239703
283.50535868978886	118.00152726643162
320.877060667415	327.1720068761418
109.46495138738025	184.48090676543626
307.415633106914	48.2354147049079
190.8920464444745	222.1820449976462
407.94014091655635	60.55553250630599
224.67876774753253	10.559297570939068
91.31966980909048	313.71707084791194
367.93644734621097	344.0160342019451
266.6937045498347	193.5780569196632
88.13845764381705	81.37413879823953
218.7463045390026	35.01714268082135
250.86585259518003	57.221560590283524
203.35858969568673	261.74857651335736
385.9413726617024	157.89031817288478
309.29228134235876	75.18985463100493
321.5722917075496	152.16651961134227
306.67817824895536	142.59127111739926
126.10310294700436	391.5283370937019
59.02988906952375	260.5007243797787
403.78737077469617	411.1782746007744
366.0256264863675	32.06291279905743
274.98428651928157	377.0724665008223
189.68486214513248	321.6782686851686
18.213505278018012	392.3558425686041
303.09414620779063	109.89571537569249
320.37999957703255	256.4737983753243
208.90134228561433	332.1107959015142
133.9022228388455	211.70469302142308
263.8750472859308	172.45553565124615
299.88206353964347	355.2631655569371
311.9586312426909	409.9105237610644
409.92674990175664	43.7414870841763
201.51003690229905	204.28901610361368
13.60060602525185	209.96255883451474
380.7512535077518	257.3267113328608
413.4476008977634	205.03470517472732
134.84524386043185	310.37592328842726
209.56465323347336	18.705969561662762
156.15328488473327	390.93236990879404
51.12612387223607	185.00038530810042
33.411275991946574	355.4018195453561
41.952974746709934	142.88166263434132
21.435395376199118	150.80404463971877
139.40621173569292	147.06135630841692
396.7554425492058	215.4792424225845
20.77301827673115	238.0338168284042
337.8192839787911	295.9107217685158
384.0780356646398	378.39436450364906
123.61505757208978	42.10065808439536
393.127321487283	104.72190687728823
97.83883702393777	364.48947783626335
166.36299012089094	39.33481383568975
8.978198202957246	53.09987252070264
385.488231644709	288.8904950495685
80.70643916915411	412.0351822754118
161.54164907470866	140.40748890540047
349.171976371036	26.890135384950216
246.11834663497234	384.22174577996515
134.2523414149506	29.501699133871043
196.85858870438418	349.68928831755096
416.63502415016075	394.48317051891166
123.46076369502407	267.0675293071031
261.54481873848937	15.980405090093067
230.63618559629268	222.4851301523771
42.490966500689595	31.84651918324398
417.73125140824396	222.57420585985855
354.9305443571252	365.5143218688396
329.7781725495534	183.13573847093488
148.98897211086143	187.127748361117
1.8377210233438173	101.83734661934226
160.288251476841	333.3460271486664
1.4862838186665892	358.2271059276655
111.3627501217109	379.41279296270204
54.47671007053964	163.42221256059102
309.59414366614124	164.3073088875489
189.46131339506996	93.43564648741501
171.57250220976604	408.110466506773
293.4257675042323	305.86958741252107
306.19689234809385	391.5016194632068
362.46839908731135	239.28904494412905
363.02378937717714	280.71937666801676
50.65096220265619	344.50881655325395
5.661702422205459	26.788359391251962
380.8943930255193	238.98446300782396
337.07350670104813	400.60905857307574
352.665825212556	130.85713027214692
180.02711586730152	295.9723441082445
219.43518533867305	179.35471867244476
95.69994527141677	105.36535216163188
299.9862993237991	373.95305288335635
23.190023669805626	37.74647654989022
367.65085011087405	300.78629880836013
272.6304994740465	29.959017962932972
67.25908630063518	334.44319805871135
253.60022193463632	113.0937508904377
265.14434856382445	46.30693153931645
223.4070878651099	284.0018021138375
313.8799831848792	218.6038301726079
246.44100209594282	7.863751288380732
76.05382031658812	153.219796685033
203.607995489512	414.29950623924174
357.46164299054675	151.71283203464463
122.17635685378467	103.55796364443593
60.67330785924915	24.383740874071723
148.79311244934465	414.86246511122886
296.15337529439256	5.881160634989804
15.858199031537655	341.1077601410269
398.63435250192646	248.86482379974834
245.30973180177483	170.148797699844
285.0313533677667	363.2359339117188
307.55743638447075	314.97719238923423
42.43104914593688	126.04872757906753
109.60788288390363	89.12016955130174
392.94440620772536	133.3467820797408
285.2085515964174	182.7805621391298
142.41225011581992	333.32340384737273
328.0911307492853	54.0849167992258
164.92093124438094	262.52781691992175
20.490434849626787	168.25755288149668
126.54691159842662	136.38862325606513
334.86777776024803	5.720228450226481
284.1552307006629	200.27259979471367
296.2025684032751	92.41778859002966
317.4406503793129	12.466927420374303
388.80227425388904	37.178769089015006
78.19762035149442	293.74135826678327
121.93910422828758	325.41958915345737
234.18806437562674	365.0024948418088
259.73561319195545	395.6166997402707
349.8160597831262	100.90852544004814
174.45161734895754	380.765055436929
72.48542859224428	317.1781243839317
329.5040323934196	234.3621592903981
64.44890844927433	277.43552163195557
252.6588877602057	34.82527664175471
401.83039688463555	192.5382135610745
409.88562711539936	372.22126443491675
247.7093568662346	267.60557538634123
168.9945818199692	349.3158989965624
3.0203726214288387	306.4122758420617
98.70228645881635	263.9908999603627
161.87124354754775	302.64064109830986
11.440488601861707	258.15366623467156
211.74575317443993	84.78203153181329
141.31724316682016	398.14653869362786
54.781847238465105	378.3784813337072
242.13485078136736	349.67175991471123
406.9530028236572	300.6831732738078
187.69763897826962	163.3238165912725
215.29109126740175	358.76498240086426
16.741291133985662	412.6875500555129
37.49797942806258	304.294933346421
236.8483342505988	45.08602086819779
321.42456321763564	128.09935819787583
406.1988976125245	88.1550885527472
348.03084206800304	350.3981088993807
387.94862764600356	344.6667982011651
359.00720868281815	75.16837657620596
372.3212158736372	65.2135149168564
41.56081796081798	417.73993514579473
46.48898397495262	13.670212380969634
6.5434300449894	380.3534437436132
240.50902360131164	186.2843742840271
263.2051256703491	360.22166447800606
223.4745647347709	341.57752105488817
158.8043433551885	374.6577745760867
194.04389111574844	239.45236567412144
138.883766085223	254.74488250863615
151.62270852009112	229.11341599345513
154.6862362794434	157.12571810490832
225.34113312258063	379.55038976985094
294.8864447995896	408.1178591562272
