193.53905528651111	73.75725156667495
397.168422561584	401.8663857341114
376.10912053179266	222.1937652172827
373.4772556932914	344.6115612103009
386.00675929499585	353.63509849115087
178.73488513658035	181.0712585686141
282.5177015574778	23.75240375019553
117.7537395903936	387.2731082337517
151.52504392248665	320.6906688255704
379.04811030166707	101.99308410529312
324.2151845559155	76.72571778334375
238.52778389976675	147.32513741444785
378.45658169939503	116.86494286207969
199.80791285175994	25.156169460591187
377.13546135068276	11.313355223019178
104.42822430103121	53.91785442562117
40.10242235924096	97.42821807449046
329.3531150366103	176.27126493233717
235.262740511836	207.07189842429753
11.212077969824481	175.17130611708697
133.33497570728707	48.61361152825165
408.3791854484885	42.20659455455071
97.15209430713955	245.8703907538006
107.90458772680356	137.7065118370831
312.1048448684996	182.72747057742524
208.2360312930139	310.9182555507481
93.58588792830416	321.7682614045247
182.41413488611613	79.80447023792988
159.49465356996882	130.95543403564585
57.94136011591294	265.0072544580901
287.0520262739052	405.15892726612844
217.42056541366517	179.64725844944624
228.94953487519427	284.3967103176419
150.62354702879134	410.07174327736817
119.8961901652608	65.33293182892754
27.496766344525366	368.69249921187503
125.21458350208903	126.75735533212301
343.1338970769022	103.99381144114191
182.89135667405534	198.81899344214696
314.35646889691395	383.6452118031573
57.00170823676236	32.215030583244605
73.81662675257779	159.44902407338893
42.10826965066018	16.574279278026157
196.15897979211417	326.57509774671354
54.35485018906684	80.81014943952621
128.42162837482917	73.83039519390769
136.85389496949833	321.9941049296666
273.84926459973514	154.92175637165977
250.64625165903234	105.7164568064371
241.33086318250872	159.97032326273057
378.5196656039987	306.4302520000907
131.82226863482916	239.2730368774106
305.7602196879974	409.9866598214427
106.25292737692116	25.959933322695026
100.36141596918162	301.2466482094601
152.76348039421393	57.97812711785922
9.775915449538102	386.33758084710144
391.1807411923425	251.34048960428825
52.571924049590194	362.72565991907385
409.007895702193	80.21863044683369
70.60354606103334	261.29329384723
93.64282565657506	234.18842084877434
233.33981985534032	340.982715257514
259.0871694957553	44.59744086074036
276.89987077183844	192.9471221800344
151.0442984643518	102.61391717935919
315.48450198365776	221.17778324448855
339.1041115573077	261.46549325887423
165.9339582924555	215.80504280458015
386.9431251277831	201.85742039241921
71.5401970301401	403.60497455332
183.36084106783784	214.22220826092916
242.9028598139144	292.21620122628525
82.05264001226152	151.152474555526
367.4750626689745	372.36108346722335
335.661375569594	78.19152006204878
29.48544517644778	18.82524814259881
395.80105389181756	228.79162353540423
55.95684652693515	375.14388162033697
295.41983055435344	349.3682575272165
22.763500511936265	181.40929124845002
173.19950494798243	244.3478097737234
274.1399683421318	243.07616101344186
73.71359146442097	27.51003342017561
418.4290007107962	264.67200231926415
175.9531763006303	42.686404669573996
5.398410814077681	121.72920333205369
225.80510713510995	297.8126098888338
305.1227194811587	7.085767363370603
416.4141656003031	240.43956966069368
283.8557352174352	90.57213967423345
271.77940890143987	181.55285851293308
308.26233153970463	392.38674986875907
381.4771698356128	181.29314263914034
378.03865995653854	193.40197586269878
389.2856909705666	153.1193779342844
283.8422139765181	270.0620920770834
349.5929304181695	391.6356335109382
293.6385762364689	376.5064132739308
23.132381196246396	221.55163604378637
135.40052034894333	149.08397887441808
313.63017440944884	118.93055482364478
395.7824605642776	36.52765768254148
85.77693124211248	262.95444740909284
78.46709188945	293.33903025861093
256.75666911084573	217.03311021249763
102.38352143914696	331.29960212276353
183.71264937579332	33.48214907770634
335.6135348259001	400.22069226372207
373.49080797331874	130.09106673155554
202.61635328193205	274.6563539543078
107.34119110392317	40.27007523916909
274.9883477415931	6.518952264028441
361.33528416164046	19.226678044641485
216.18960442370502	292.6217790429797
288.701975483496	207.38965191870764
181.01048153312865	413.6598023133265
298.8205004420726	190.74985340700667
328.03843136479264	97.28737458953397
266.79835317164395	277.4208869202487
14.712435235609448	133.84833413428805
151.79337895075662	347.1368720142362
186.10602628258493	292.9214356165167
239.63439406250146	113.67502803270891
93.15989066965805	410.7694911826829
23.754112372059048	119.85119508611463
0.005698336390608183	339.7307697379639
404.61744298653485	283.5182273937808
279.8111010690762	107.81162826946573
198.73155456404282	367.9272642460079
172.9560038072259	108.90374490401739
346.6904464370007	406.81430035193466
147.9931762380262	229.43491341303255
140.81632022300047	10.330808186486985
3.2767363139904737	66.16058464832888
416.8720585699396	370.5263179537943
322.42694571329747	192.85776633871666
8.131911459337822	311.22535584445086
81.6618250861382	60.69852085554441
295.9897980273704	397.19669486410754
63.29454397285004	250.48923121903238
411.3704176265551	410.17975445396837
107.49347715551706	162.12117027258816
235.08389260021514	319.9514489256308
134.2073568447712	181.37898313396536
397.43347591724614	370.1130602669403
327.4281091251372	62.08661424443073
187.4354939997061	332.8022135997656
381.557350788837	294.25790993567017
260.75845736394126	362.3289695975106
84.19500950176968	402.2457083784831
357.5197588209821	148.1111721822819
407.096492238513	23.56318283684175
114.47883282793039	2.929436858491012
2.001550896933108	230.93314105794877
9.017278656911364	56.680826365620575
117.17307554167874	48.75095499785176
150.63941857131414	278.3197678988452
219.96479306108742	410.9427172688573
139.96770965227418	282.0159362385305
0.49213249658319375	250.53668736355618
96.63236633143163	79.39371345556569
298.4270611031667	51.65495969167709
38.22549023325103	31.08873763477953
317.563056723967	350.6346656373221
386.06269587105743	377.13968515925166
131.1482678925878	113.05493502260505
347.4997836968109	321.9051271257801
47.594207624308766	88.86014713585664
223.89251742711772	115.22306398802898
225.42255055947865	17.20738386192512
108.98374643795945	126.48736797825002
117.45375649440777	232.23335074304097
64.4340503770408	76.81371789821911
77.58381606213851	204.27887360989786
185.54133736377878	388.3514589952798
112.036979146705	14.81562775840227
410.7434179168442	292.0857978425747
292.2100059570237	182.18498436899566
17.446740621015817	292.6321002093856
78.06147745816496	74.56775362206179
157.1941510387413	178.38858988832678
198.09857897110527	302.073482925654
86.93867771807822	29.60272422627223
288.40517484579453	128.0203649263612
105.07930583570446	234.76075425267814
47.18569030172406	206.79129022324383
415.62835196857174	156.38541879764747
339.45709513005806	115.69766572558983
287.63457984571613	13.164965269553033
16.021400724563	159.53638374768332
374.1342381712407	141.76945259622505
11.393461704349763	24.016619433168227
74.20616121247006	144.2216279701701
229.11823038432905	356.820784524376
318.18938202369554	161.85887620470507
9.450427696263226	109.30345638585008
107.52943314413466	216.03166681430366
218.0400178787499	256.23801486236084
377.1842711037538	83.20064258349456
104.05588171919973	345.6079429608158
92.99549017396473	50.88336423094016
119.54866493659021	271.93799832425987
14.088018181499105	335.5639739813274
7.054549306367128	274.5327303467443
296.3407982636249	164.84420108358816
78.0471700264224	46.76116083614107
268.49495366829433	81.60754088104954
170.74751594220177	92.08967825616288
365.11988290401536	119.99947060184974
335.54085657004396	126.70386584014382
396.81982556659807	103.79841177269128
118.86086621080449	311.9109266028633
70.44383628741085	321.4843600563702
368.4959101129901	58.963541525797694
176.16571411565567	134.39895874340718
181.46918364910272	124.98787094377457
313.1215483168774	77.7086785546322
49.28355407468736	61.604016753328274
360.1979346355036	272.1406998081644
346.15846858765894	177.58223403909076
410.2897236607052	124.39437024060423
356.47578272267884	166.4656193279197
405.66515944480057	164.97195509822197
326.2498293474625	143.9281978734792
293.4331448417794	78.76074892241759
19.392865917130443	149.5909000645832
218.3848095707807	36.89037124553062
240.34358242095564	396.8199941579956
400.8964906279066	241.0054190463482
147.7630390925868	267.7648031323267
12.575007434069658	247.70487703409654
306.44857829362417	109.94135708617716
96.02528766591767	21.437442948520776
259.65816929060475	322.9111130928248
385.12032248427755	407.53133634240226
105.18375283851829	288.0616417434354
49.16536026671906	7.8579231552720765
33.49330156520614	123.60205955382413
86.50166367193664	8.088626807224921
196.11101161038553	147.4515220226003
45.89513136391925	252.73863086820418
111.17968242761712	354.8788472014618
198.54428644759676	250.46734802763243
138.51427782537	254.5844564553057
414.64975248338015	217.09838574852725
279.708491866965	413.0704258775341
225.61264088284008	144.1891512935394
8.010567871582134	406.6384580905658
292.1647133462059	99.99137860566351
418.74978087172065	180.08835512118037
164.99718606930432	351.02840476248053
60.39801172162743	278.68233745878524
238.71060301705788	175.12802703127772
168.5271989183561	23.201431758810486
98.89486347956824	98.46061854528992
290.2056759934075	251.4824945312663
65.40063184467789	116.4358566159001
322.7260737739203	283.30696281637944
395.96863959132935	68.64210955450261
18.02418469027437	268.98510227556966
161.599079694759	296.4822939616894
368.3447056542734	173.14683034690117
206.22437802745955	285.3672237524768
193.79036715498873	182.76817866237167
102.43006404383884	259.2923458683272
52.728959911082995	405.78711165927
83.0407747125161	19.1369601476531
168.27298287228348	170.80644745147313
206.97163053000045	337.34269775286094
268.21578998434563	163.7453959299972
273.3818475192935	322.1326212026052
368.64903407360396	3.0587673864994542
187.2249626334791	174.14402621626633
52.614620186500645	123.30680704772544
272.7906850674461	386.4335697471494
33.19676773662252	210.9892422337124
194.26737371701256	125.5638558825787
152.8042091767455	194.03130855712462
370.1477482972737	239.4575475601355
75.80920596877687	9.899882794659723
418.9885249234438	356.11929437628055
53.898786657794325	44.12366288388288
161.4690720755517	377.87963466555186
119.93713088748153	182.09596098896287
260.0833323907915	305.11245093029675
398.68449288396266	12.06374995841154
63.62967335756689	185.9719694992253
215.40853228679097	9.383050285265977
15.024311503670988	371.8781348512706
241.07191432733117	413.5072178989959
26.869354992112626	104.82187355883958
417.19303019655325	104.88947636614716
79.32307756764185	272.82209139933013
396.48933580915985	269.4707410830797
36.250527167742774	186.43329126507993
267.62381268407694	118.46795456407911
134.64229572936839	385.7545339860733
169.48566863015338	60.433564349866316
346.64700386108234	289.3200006198016
272.7825944235666	43.99752965240423
358.98112226524495	289.59096097937567
25.573537000069607	29.208064918778184
356.8387797951718	373.74217323039886
379.4640916022275	365.90347743752073
329.0736012838438	231.63262104958264
150.53424532508993	30.579036424589578
305.1950981810455	139.3761596836935
97.22437929885335	120.8517556799555
54.07822302064786	99.34658361300698
342.6279606076275	161.68042877349197
408.20685342183936	6.283703780581716
183.1578941211107	364.2016392315813
314.4749462543795	55.10506542429126
38.87955571691716	320.92645713385684
101.03115569918701	224.3078232921479
221.99594675217907	274.8996845395412
330.03456802023373	390.9843379454337
39.3388588266722	266.67627795739213
204.61074724394217	414.8100937473408
298.6249155587335	20.196594147932355
250.53172365457246	347.97760485067784
408.39531077501687	67.42889303654867
281.75719936058886	257.9424374239344
251.17681261784097	83.1846101607639
290.68865472115505	228.93863434673625
42.17319831601521	74.66517497507587
260.0694775992036	184.6914303695805
337.9044693090837	326.98577575320985
134.30636921664995	357.49766528127225
122.27766428823479	220.206508382745
29.535883790850622	256.02111222392165
110.9209213637549	108.5733449653144
259.0567814921911	260.26077518702664
1.9252831094296834	283.7658880466052
405.57612732753176	328.73768470297057
92.95641443704712	355.62702734641834
172.70896275908729	229.08438310996948
23.19184755638851	353.3667848589667
335.44796738597984	30.67589757783117
81.71537408220216	387.030762935965
353.0318613786851	306.51043556025417
290.0873528184974	153.48507515565404
80.26010513648298	348.04987248246834
403.30519096328453	136.8632085228113
389.43301543014957	393.43156845465137
32.9693144901878	349.0804608779908
417.58758294792483	49.12178389963807
138.78051799806622	163.15082235327614
418.4458404081667	15.317903699944578
9.404338058217292	78.9606086380425
342.8083627584025	373.018501913528
313.687839718622	66.26326141313687
78.94377459029707	109.7284363304677
39.17530106544756	336.95652478083446
192.46913335105975	405.2104778002142
154.40565014744237	305.3980086291233
334.65420202846224	356.89549736908674
108.85444267138413	192.76500621435676
193.8401242437893	212.44821624042015
351.1707659127296	350.3313684016363
82.91162766952837	182.66797152914322
51.65733530399736	223.91885416849556
203.7379159694757	176.48079253364003
96.97131817404839	270.22380882424585
281.09103835149256	175.55423955866993
221.01443374364715	201.517445835152
21.36267794030524	59.8232804628772
66.82182979071858	127.14510112128345
215.97866943547598	89.16910627230047
327.64372058701707	110.99020067091094
170.94835073569362	124.15264795149866
30.805546376279853	235.93667809853102
141.00501694130773	292.69728629077844
61.73107476571672	388.45653447929277
117.88040723767692	298.72443982314877
133.0651489905942	272.6745639100938
85.5590605184287	369.7701704619347
198.26950321853988	239.23977469591736
99.53437878517225	172.11679149607124
170.78004606051348	408.766901430329
125.80490937668341	331.21219343854733
286.18215095435687	70.08793373357193
325.0137341583324	381.38261107364434
408.2723827019675	359.2518279430194
134.00290688522068	196.32886921449887
187.00371249519537	274.8413507609269
306.1789696826732	127.80167701843659
360.54592728958033	397.5810956039068
41.60301592579895	395.2369321837849
64.95325893758096	202.40222161427678
408.68352443837273	194.28184296796607
328.8149827473654	415.9552002217771
393.70258503767366	342.65875002313504
361.7674442192304	107.32875702151001
411.67956545520707	206.683357771055
102.89984285994076	202.98494857107107
91.97739256557267	160.45093785013285
117.30152876129453	283.59618289505283
159.89906097358732	37.25965842560337
56.60168315119269	21.069275350272473
142.6750996399757	95.65463138459273
389.5414918392313	326.9241505196368
311.05633358829016	152.47481237529726
2.78898482158775	204.8776049891948
11.158556177767647	93.6847859624492
417.986535886321	303.2994428805208
357.91569197729854	363.13399677140484
264.58431558817495	7.646160179439168
180.48825617730014	99.04474200900052
206.28404007269484	188.73487038119964
77.49483472469312	335.81143940596326
144.59846334844394	49.970512858054725
