125.030020305346	382.98890912246304
382.2483023656065	320.8429232673567
147.24829156873986	94.42436936090705
316.5615531058843	366.06987097338015
65.657236629699	128.62086568212973
252.65477767876067	258.05530646249605
123.12004706423191	7.5994674585996815
278.1292414132061	362.16054641759337
230.02003667977644	140.32185929624725
218.4323229038057	220.130207303762
292.17039091736643	348.72264210071086
345.02873423644314	36.55585881934441
355.7300901171427	188.3043528292109
238.86579336781176	293.33375818843757
131.5140282780563	51.012429772875606
304.1082020366913	85.4013929243298
358.80101771565216	0.4508383104553946
353.13537553265996	294.46381820204914
172.43942190724934	293.459051145513
417.77412099993614	117.81167240044964
145.32530649746283	213.93569407265892
175.17665060976344	132.77670070141215
70.29251705221205	240.82366157693966
92.54977015888626	30.58842886616978
173.33525428484066	373.0554101684464
15.793189144083703	394.63248994531915
87.83592422176724	204.89688194859716
5.6110992113687255	286.6686767498663
0.7344629715586038	419.75049368087673
252.66025824243772	168.2390285352635
6.506306772495467	139.03203866599245
329.86058927506593	352.4304869519832
327.925446794894	245.530511050451
108.43276172959833	19.818732733846435
69.72077686872775	414.61289773893935
330.8047988626171	414.0950106701838
315.0417758661516	229.10623996369463
50.258584373700586	413.1361614293636
80.30478104378517	142.42720357589025
55.0767758456116	211.79083503883768
380.7050134020834	182.55862266604416
28.843965283344353	293.23038276894886
223.08997459877858	305.9786389326283
215.2016977988433	1.2191863374047176
208.39226572978603	57.22944820739847
401.9863472699528	28.421620772645326
349.99566987295196	82.64298103908274
191.32708322196234	95.31192565890564
346.0248284807493	336.44448500138003
272.6423514263601	47.27762586178165
36.83020096018285	216.9186195035802
83.5199892672345	306.0084104290138
251.53532747166517	225.89728949349174
196.05665864017405	379.60053517365645
217.06278580696122	394.33653738043813
386.83905894480296	257.53107334057137
272.7376602311769	402.347479489561
114.25864798606413	291.65645215204745
35.38208782515834	239.1856903545634
389.2827471309451	164.23197860723238
58.74320362093759	69.61737095004396
92.87086927831075	161.27399038983825
222.59687747787743	196.72956513678417
262.97050052512185	310.1439487815928
20.918457081167183	414.2365017740732
42.127215351807955	314.0619926299119
314.96404329801857	274.93977470679835
33.21927577207233	34.18479555242525
419.87692914007056	325.77760795457334
386.8986528012335	389.23626464931255
12.342860251616072	36.676109579967786
282.4104000127926	250.72088975363383
217.260711171842	374.4810353720167
88.97642562636743	408.87791934974706
85.4076413542031	11.769458151743297
237.4712314589948	108.69888242271449
155.32075322441688	283.6662899733155
5.671800105231775	264.8132046507568
347.7548802260885	112.08776740093487
20.91049815085914	318.85369675609314
332.16102254268054	126.93008555364314
282.60536956224473	385.92641280058126
231.3617613243932	90.46980475210793
314.92225033620286	293.81351655617357
150.09983656681888	113.82233193990656
59.41461339621818	256.4519148155805
355.52020682099754	250.5811265222839
94.24954419255639	353.2591533994997
277.149525143653	161.54568212922518
327.3712172614343	333.5877815955828
400.4399256122265	47.359137484590185
157.00519151196482	248.19635106004202
51.120969536828234	274.9079921625905
259.27626075208104	365.08579378877533
383.22542643539055	117.524873516498
12.303119611307894	177.77775943692112
124.96166837920683	30.316434765259423
164.26388351770646	311.87018283567085
126.35934751114198	348.007053022696
13.152159254197338	157.05757364189137
402.2677933562762	9.44939453989057
326.0397311213769	395.5018176919655
369.5659289613745	130.85215232410445
31.759328154817496	143.90999173311312
416.91869792046407	238.05203244581173
62.230409675511744	310.07627412830664
194.9503158830915	233.91217568170228
220.42601921265933	72.19136732722241
185.66010026294643	193.27021555899907
22.07039008409052	18.26016027226549
198.2455141828178	254.679910627663
272.1634929965647	222.66558337717464
62.6614931501573	374.49614621149516
332.2120375107481	73.96560923422882
220.77558307817492	174.20714309945328
372.4530485737344	402.2789222433773
352.56465401602827	274.22840827318737
186.26732695347525	148.10236028848715
405.24672148148403	273.88629242773203
292.317353342531	148.96343636142853
73.96848150129654	218.16033485502038
85.16673088371107	375.00406733741613
379.1863295784269	222.28985908344723
167.02842911408115	152.17803769367796
119.02734898744995	268.85712398943053
235.35433645590695	160.31585857274916
58.6867062794536	348.05493131858685
400.94412453589376	333.9129815778872
30.358810351609723	169.38146674078982
364.83661310441914	39.859017615402834
147.01019659615025	61.903969359930215
221.2710104722193	347.07214354200545
348.87094224839416	402.78706098251376
238.38186033575334	181.70255304612178
66.86586392038447	178.46297484913728
276.56697645344144	328.18775632139494
137.87814299402856	176.66854325495686
213.25009823137785	150.72024065169325
34.11753609422799	342.6409067369383
368.97780597421036	264.9387213399188
269.10622935739184	141.5201517008831
211.32447630231766	268.5981039142251
204.03204875366123	207.4794636106162
263.74621493686504	2.5464567565232654
348.2322796829077	317.10326258145363
130.76106372826786	201.77536749021002
49.90385307611788	166.57106649372076
363.7773543353598	100.82308627877725
24.855516777770514	87.77373152911035
90.88492643322274	49.379699983023826
102.00060595513219	191.28771362641987
15.315244067415048	337.05769966249596
409.62669832560755	68.35904647664103
415.8565261781478	166.33863123063182
281.0542697406401	282.8550008241033
161.54764945653173	44.56659335885591
287.2666954047489	74.53836412087911
397.2600499872578	83.34444561101998
270.31386460707114	266.2052548175073
265.8233444995593	346.7731688106859
416.2562668907239	391.49128379857797
142.376769859151	301.1496128076211
169.104476735939	114.74503090232044
76.29919644992371	392.8432356688132
154.8489722034355	404.76106885131327
348.35237574484944	160.19984620176734
202.91322425245727	20.9074973086713
145.66902667799178	342.4758518608445
402.5163530600424	180.7036174747871
280.70658275929344	201.64717095888938
181.69475585744422	217.55483624140183
36.25588880386792	398.1892294940667
309.14763461303136	412.69224403505626
44.30476819377599	128.39488152759867
259.0255327533719	107.27041013027214
334.6050283353306	375.9682152274867
78.28784608714263	71.37930574744202
158.48862736167771	78.31654485275743
362.0984710469738	58.93122398744469
53.862721671807385	329.4394416361463
394.11773493753276	239.36720015463155
72.77615275098577	28.806934543476785
199.86604557464017	39.62721140037858
305.2285722149945	23.992052516412105
326.7336495945723	28.40047923690175
175.4335114430478	235.93373740772256
385.50209656689634	418.16476790015605
407.3919954465935	147.43114173816568
127.55727892345666	249.89626726395127
98.21835975138585	123.54144312035135
36.56251175441017	109.68188034834718
84.62473936538663	110.41479747181361
74.90115088857846	358.52623757056983
291.48230356649424	37.070287053592416
236.42596062641687	387.1335066349014
234.77847672996066	411.31166021205297
156.07033048902636	171.687369985105
374.1287292149796	241.51185876244523
363.58007362833456	211.71081719241877
337.7971698793638	200.37967921453708
194.9798618751283	2.0447792446161794
174.59956575022701	352.93740451651024
203.70754267368568	316.0358643167065
357.15138981075285	21.909130309342007
97.37514689927991	282.2035937360112
265.48416586930017	241.47938566997644
104.55037709864428	419.56920523747476
250.58365786027088	124.5365827078115
295.8676835217437	186.2832380346931
179.31102597555596	78.55894333875219
361.42941730806865	386.8834122034361
17.54536708112722	209.63479679307227
27.416478167893068	372.2581822982414
256.7160004015318	31.540679547860677
334.0691737251194	281.3876097667632
23.52983641744579	126.00336709795765
15.544143845268211	71.28910501785172
277.4474872568038	180.48703202175565
35.418426298836636	260.1441999716868
50.04145515483921	51.80135356274983
401.3509441843116	404.88432160882417
126.53285160660712	311.58849484884223
332.73669607074413	94.50137633031771
117.29664320648754	329.8742502640272
56.79331392550303	395.3745253091528
246.84370776469757	13.278640373213614
367.71391445362696	152.53575918692061
181.69272766072504	16.255987664842326
402.4504595684487	292.97183933731367
99.1131665663892	262.57273647318095
102.7707250253316	384.21103747813396
53.69074024767464	144.83646261720781
158.7143178470552	3.5616362042974297
15.916434625735633	230.91573727578333
17.060971664802707	105.75973498770499
225.62612075960317	328.01573561702406
293.91696954182953	317.27868310934906
275.0369682724217	26.056021851836928
305.16072279081766	333.20670630988167
384.4918146678948	299.0530150839393
236.50999666494133	213.6564770243713
291.62159816390135	122.96337093573251
120.19335346803012	150.25796732040482
111.75111409837476	401.78599513032725
312.8799321559013	146.94301652086975
196.57079808761398	280.69690086099985
111.06087467974884	167.04638930933848
71.93610664995097	160.17066538075684
117.03669593674482	226.1540791379112
148.36867571621775	193.66593680001367
333.49934628446294	148.13754343797353
366.44019125131615	367.5454578430925
64.9166127374561	92.39657491434933
176.87435453214968	255.38060039911176
135.01793113676598	283.5677545017178
272.5015990151863	87.81613882999146
48.278775415125516	294.9182686168745
153.6458122623494	137.72261216087935
291.7503918327688	402.57023915569
19.144502966695445	249.5500397364786
257.75659629661106	186.4568986778481
340.08697920749955	12.08361985636171
251.9964421850734	331.39700084694687
183.8542537093088	324.76217057763
392.86010437002415	351.47548690164507
108.7675539604356	244.80578892208393
299.5084337703365	241.06896893478864
313.9641319631061	66.95720454886757
348.407931338052	361.1658152893012
112.99147165780425	84.8475618843358
406.62054660967766	253.98907082137544
162.2875032777593	22.07871680583254
251.37707642897007	400.3214663945461
405.8177290353278	367.914541916406
155.29619838022523	361.39527963348917
127.94301841683946	97.99083968762511
296.6965885809483	368.73081889630623
199.04396151902208	163.96031254458296
192.45360378892644	299.9548066388321
338.0672527699838	55.48337359508118
117.22889675351001	123.50121240040147
40.31109437764884	11.606248120671765
35.98917989806634	67.10942502411561
365.0503657343288	171.77527223184836
44.51248261325166	380.7852880602426
17.187927347124685	356.02035608775185
213.17627643038364	239.89693983502823
251.6044126985007	89.15779825964523
373.55170911416565	349.1885880052231
315.0464586401598	45.89349308847906
22.818016727856204	274.448614056095
104.26211192828121	308.29871869184336
322.5914123527385	211.65219295028348
243.02966650272785	71.13624552556183
308.9426831361092	384.7605735525463
174.86281552461114	413.58259960859687
298.12701437836046	167.45295385361388
69.0039095521647	53.23028489061705
336.6624888050777	262.554872167905
400.54019499024616	314.3663661718668
22.776476189715034	53.18320934674758
386.3432147995843	140.38205964408638
205.91728337188238	109.68727367262369
294.16695212672937	266.03798321852446
241.5945984890726	312.78229572916354
375.92001224868363	15.568567910432442
97.07765756896481	221.884133670526
133.82236566989934	134.10289017166437
147.0959323945077	265.04053319596164
321.3113123403625	109.81337769261587
142.50898878103825	156.52214821208585
385.4243838432405	276.39227184013833
363.9830755954288	329.67622178902315
194.5116296778258	398.992230042758
418.2977757388901	211.6387540919728
74.67810968369842	337.78846303213794
318.3774985276143	316.1145628528456
131.92729876443275	405.11466100047295
152.82946469018435	385.7139116566045
211.72877771302802	89.87450483862426
418.6155058530476	192.73870476250084
222.18946128648778	120.64697845480306
144.00341663680445	34.7274999694565
222.92519516270943	22.170086540463828
272.23606810389475	121.95555013695214
164.53186156812563	334.66293888745054
157.0563986606967	228.8603337916026
251.35594455236009	52.96886089905385
382.8502182163844	96.97147327015446
51.40023635346476	189.50127192616333
43.17413180531557	360.9280902456322
366.4886651096669	309.7693641463443
167.31019625388086	187.2919131503912
80.0332588561925	258.1347353561977
384.21196480725473	37.104432090196354
115.12477741057381	365.3138504609338
111.8629684310144	46.18036215285185
202.8416522217882	182.97620278059142
89.4089817333861	239.39596252741313
418.20609740668453	351.5063883580062
173.24581763268165	392.1128628363104
176.77459490199715	170.1263261775663
189.07984023750444	119.90459710934616
291.567215084231	218.70477574451584
280.7658194221931	303.22063268187964
146.88414035488174	322.46474235254533
301.3054480730944	106.41812199043004
52.15754951384876	29.622332134953133
216.26959703520203	288.027538598755
94.66809682556253	331.4974873943024
385.5153950348654	370.15411941035046
194.48470936974297	342.4785383684628
417.68547080261703	85.66276659953182
253.71981970349887	278.12923760196946
258.7391996829782	208.36575777752154
97.46710548742895	69.52727642647386
350.9306970611675	137.1481220486851
169.38150130153954	61.85017846583285
134.79125366273365	77.21594556748343
320.4680536547709	166.48648896326807
280.90960196002146	104.8279625906676
333.1674302680478	303.30015973005
170.75103430282957	95.88378438735386
25.994144855938533	191.4624321205026
338.5189729376702	176.6390389260374
112.44761193181395	207.15264511570606
262.79572425377177	384.49310554288013
303.3581387464685	203.84130875619
101.03630655193761	143.79430128638694
295.5394105450409	55.49895326297227
371.4053922368902	75.74449230005038
164.51633584657287	209.7371786060364
219.7038576693124	41.143369341018726
178.6438708369986	274.5846660346112
319.4637797198831	9.923322793297771
232.60699418976267	235.2651753179951
264.70583136759365	69.74667695507473
136.94293348518232	233.37376100918118
290.6312075416791	8.109499680970055
237.49489101950215	34.28232016070115
102.40017916227248	102.13291553459362
87.20619990171363	179.46312148963764
224.92408537147998	254.66702167926906
134.87689466099098	365.91303789406567
249.9362555062338	147.51335838013284
320.23017544657654	189.97301853126797
240.39333796401803	367.62545980511084
62.35709869898488	12.116439645487372
234.0071908886369	272.90711705195366
204.8038420285905	131.39598039657972
179.33430763809255	36.56708983021421
119.17472791170145	66.4831167950556
52.67584719412387	231.51574084804415
230.96859376802507	56.27072438643174
240.24924896173414	347.0425724313855
144.04260512053781	15.812006004474972
310.88966367725374	127.22480192124209
56.104792336120205	110.3617587061912
70.01029505439854	197.56594695818566
75.11232382589232	280.66589407812427
43.9519767568584	92.30282977280751
204.6401902235894	358.5126686520223
1.036406046820431	20.04587030272922
404.8690899834503	102.82384182028035
341.51979005927427	219.9457346548414
401.8193422644228	201.60259268073662
387.5006096165174	65.23181865643582
120.45469295471881	185.9357935710235
189.18837663748693	57.663589917350514
84.57257689556374	90.46904018856232
399.85832959289945	127.19957939738035
8.023108809016193	374.2437365345167
1.5473375118436627	52.852875900983
199.18477148574075	73.72656213794255
380.1479852657955	202.1763972417208
311.5581673344203	256.07526392018843
418.29674321022577	304.16157513122096
399.3826079904543	221.00282774909928
