215.4509423729075	54.953340530244475
405.9546444568099	395.2662208147788
368.92023849833924	217.93036407352625
350.0258215810197	337.45170540273045
409.6932799107907	341.3941341776394
161.5095825533883	192.890263613227
269.27837471397714	40.81997980546074
104.48576864173991	390.7474194360004
174.96817122904903	320.97573097832066
381.2910646286605	75.70331118852818
316.0683990154726	50.915518125786036
228.98676202884593	161.1186278259874
381.54935631379436	102.09310634289241
219.51407062763553	13.036864698751478
402.0981877030309	23.033449241598916
131.96659558257227	56.83194867781496
29.76889754886938	147.6474657946277
336.71955071404653	179.9997294015981
260.0786205546236	236.45669998107337
14.796623183161358	179.13328943206267
160.34856812835102	20.088570089222667
4.5113584751363405	27.685941907660144
115.39481115053078	237.5793240017594
126.10748302193058	132.5822613619152
306.53147389618687	156.35438016733784
214.381989568439	319.17328707893125
78.44603518088105	303.15220446682093
206.46305518679168	102.37953987115158
121.45512202012345	114.15716715285998
53.16033864955077	272.5347855414788
256.2756815907974	381.65473547562624
230.3931980578709	180.08120256465176
237.16976370505117	309.38813513196055
159.29421457456857	375.6416912013667
148.9986481813185	66.1632344599427
17.251561773843545	369.93229723634926
107.31483227238938	128.4785170190692
347.29202187641835	84.12326816013176
181.10003210304828	189.21927482304025
288.9681310587152	363.35887259438266
37.22239247302411	5.825230204206376
86.02092967576047	187.01598961593984
24.36649796437086	411.5477188741721
203.90362227704017	333.97970387074474
50.72909093756005	91.39623706230849
158.52100933487398	102.5648430600827
133.53723419452632	334.99226941080104
248.9934156420495	142.70725505920083
237.7469952707289	55.73356130573351
258.3090421174184	182.37226175401452
374.79447547281904	296.0011562374705
161.82799028181125	237.86333293342224
293.51585537160906	409.3307718811949
141.66925255852428	20.60878578465034
87.8745737705541	282.37595787804014
177.39811148455493	45.38254773387298
0.25180588068505494	381.93724620189306
367.56720997291507	236.68082202972644
49.22115349342402	357.1913907536502
419.32007789292635	90.03058988316543
47.729130251428906	289.93031154784774
100.86879136896658	226.708175173009
204.79418588632595	359.9060428442359
238.1122610475858	4.172855540385422
269.55407222345224	205.07384579214434
167.34031134540314	65.23292180628032
327.72897010457433	221.73973935957534
321.89546629353777	239.06877273600347
192.13927164756478	203.60348864842555
399.89761483202705	220.98246782164594
86.77633987684203	11.003248620721628
208.41872463164066	193.07929419341696
255.1212701732308	312.5620211282523
90.87815338688502	141.2842935977278
378.2107583077085	370.7895599309398
341.87115997615973	64.53911171897273
40.58057472549202	35.33894152142813
405.00142175848214	250.6119133494198
74.91477555288287	389.1683945858103
293.43871263183604	323.57455124612005
40.52773034927594	183.75752661215424
207.51677683614693	277.3972956526806
237.33842722133883	238.87896118471602
80.27306701754354	29.25446383758306
9.681526122067414	279.0860321084018
187.2896889491368	78.87814891028813
385.4153077214767	142.02632345211987
261.41347347567273	331.3838255037088
288.06481426908323	7.395768869489853
387.55224146994254	261.29632334410974
256.5026248464955	84.64020816336894
279.1908432499767	188.02451084283632
315.5901014633164	415.8162635169149
383.04571230634116	182.74073789328665
372.422862369045	199.45629257849757
386.92908785097353	163.73975763940365
294.32855632301835	278.1942151422844
311.5876029003041	392.78237817158544
238.87866476307494	375.8135897618091
17.03802738792056	231.3286682977325
165.2893880373705	151.8561478217401
315.6081962032459	136.26423190352426
378.4795648741669	29.664017263770397
70.47499589778437	264.02301713350056
60.41627364137515	304.3352213202251
272.7027466759923	223.28209042894093
91.00228960624216	316.24899115579314
196.54141539816644	54.907765219763675
329.58101581956504	396.94927024197307
353.2645611596354	101.41213349314245
226.47468549263328	281.38008517481944
124.28994886484195	27.481138162954036
257.7546518474207	12.852820514655352
353.9823135224659	47.71820010583892
212.59641898170236	299.22276658066295
259.3827982215391	269.78809055065653
196.72378503647894	26.32626294634114
296.09923696974	201.31649844315638
320.3607969207684	73.69385849269656
272.0888508060249	284.93211868911703
11.952058832084218	143.075741376023
168.17885311325648	348.4037704964223
177.388199418681	284.21270969122514
239.1066761862534	121.86716481742883
118.12581107899311	403.1529383211607
409.34923168466685	125.9037618306597
419.8420117934923	359.5368993812183
370.38982783335393	254.64909629806186
255.81182121147748	110.81457970571472
217.1138184942351	375.34194203640135
173.630693607944	113.27465997166509
350.437705065036	0.5376932273332117
192.65145069924952	224.7043645823314
169.1353095780028	415.2101246052902
418.648177176259	62.37970488747968
30.490785579828565	352.74855201362374
315.9222626450834	205.88662681498693
21.840918775404774	326.72576333533783
103.80202687056386	61.288104678988894
291.5658871971018	388.00275717425444
78.99950042586661	247.35681593815693
367.7515762915939	407.9192438883536
136.97644317776525	149.72362057077558
240.6705687028977	343.2172816119144
142.8772240739493	188.16682397219594
377.2262002136237	391.52416328660456
321.04199971508064	29.97047481802305
195.1902076968025	312.00615341089247
358.3552948272895	269.41886317319035
276.8849906532007	315.92323999900253
120.16954468089935	381.3671698948402
349.42809304058204	166.7593215392447
408.2394074721974	43.23483071530486
139.0659628427401	404.1143115405563
417.2720745645561	227.0331789686861
16.499710733071748	42.76073926125013
112.09474062140784	45.100318799595456
156.86292867716332	255.68521911620718
226.19847879109417	354.29874150570555
141.53580131073767	292.5388968750082
410.7932711613311	279.5009614169984
146.4864041388671	85.31978217913057
278.81757669439185	23.63690640984058
38.97303479263669	54.54716619865532
311.0543579789048	331.9305987032146
401.78740067589956	360.47293182074014
111.4288386037286	80.83599061388739
338.7488664268613	320.9844756244777
31.633793945953933	92.82013591143512
224.98298184325935	105.35405993676913
229.87539986621564	32.63225124490855
88.4212569844345	105.88421041849824
142.05483328963933	270.2145144449191
67.75436721093628	79.9385233397237
81.94694207846248	224.751665215717
204.68586316923881	396.4033580312644
158.41506440351012	397.96731065933716
375.4683521802506	275.9764344337647
293.2394798071796	174.63824744479447
411.43684271191273	300.4428831832481
74.76570788831101	50.450212207695344
149.74896595026772	168.52498551908727
178.8812276557441	302.9488522818331
93.55556818280651	45.97955671367736
269.8932536668364	98.45748069468397
133.27955837050388	250.90910941361938
38.1016196918054	210.89920783352136
4.638314694999681	162.05351844421415
335.13655436994924	102.16823521403806
272.51854316764457	416.5163944264021
44.38542797874805	165.90243778220645
360.1390371363285	118.68699684339336
25.851698743108734	22.96439205516288
91.63326441597293	161.48189905050498
195.31960811961406	379.9739219642767
335.20384583609825	200.69752536953993
395.95968012378074	112.95231316823175
136.67478626783208	214.32331230173136
216.89705121918826	255.86297745700705
363.1363790038472	67.55062191522134
116.15619950920333	344.47511766441374
83.36583052534796	68.93445162550356
113.79569415240844	257.67807016367107
390.6048664191557	331.71166271293083
25.970104712991812	293.79074089508305
309.9074951065182	186.97285161709928
51.379796268080185	20.024913275501373
256.00015105946414	53.33468053121862
168.89354873127422	87.00021403298742
331.7611365590708	122.90100349146181
344.3405335126012	136.86294111619281
398.24959195656044	94.0012263131477
126.71522806280497	308.20355566144883
70.92076756153777	325.6110098677308
333.6668505494905	45.97444130828413
174.29194532275335	134.24402560476156
189.7412071646898	124.11141406383625
301.2824187512594	63.28275073054981
56.78860188588227	60.05829754830625
328.3662638874958	263.38183383440645
345.6898817313188	215.63423436652334
380.04490960903627	123.90421636482797
353.55655329770326	196.50252545873317
412.76755534582105	144.25051984160675
318.40264503097194	171.06724995029373
287.04101729277556	75.63462513685076
68.61595388393174	165.93888905400584
212.19054253991573	36.341535768899654
268.37038120574454	360.54717378330207
384.8454426245568	242.66030964733883
178.61865968276788	260.21497225746367
418.44926445577437	262.8693494699551
301.93753189163675	86.58288904448573
126.99620267917253	4.24078572608788
223.93525068898245	334.5123487578248
348.75478458841957	402.59019146545614
89.64585464456974	264.06759482983483
2.1034985437002276	408.10877027678595
68.59370347713967	146.96677704144972
105.24385324688286	5.752287359963875
210.4013625155032	140.47273663061935
54.907860601585085	253.50417743532924
132.17518162647494	354.3028976772667
218.49045048591316	237.28594350594432
181.88023462116837	241.07749043695318
413.18402410017455	180.58329486023035
272.4039230799192	396.0524619945838
229.3744511006749	137.48145592360711
56.37654915851125	402.0530496447029
287.21400123353976	108.53725079705933
18.60469646235588	197.4128643620534
157.6761662007176	332.2796819483052
13.464463736182253	308.2392020373854
212.89509858444055	173.81542537269033
183.997775746893	5.607649513479523
93.11255158917547	87.55593937119374
304.10153747614544	243.62123814577515
69.75149414886457	100.53545552004874
318.91826543192826	282.086517981748
372.05948337648607	51.07030607765906
12.251742029888847	250.7932901056753
160.74885854476506	273.73990456378
364.1103324065601	180.0444134311783
195.66865546088633	291.2367859970405
194.33764273277248	176.42131173649392
98.17369016691	245.55171545523612
15.588503224486159	394.67644653221964
100.76274619211453	25.144129743905083
170.0358649596691	174.40939881491275
184.6279311105092	338.1206623379831
249.5387510888168	161.6525580213514
284.4170516396061	298.8416685333381
360.4979852394966	22.013496380284426
185.4852324488264	151.4644995976973
53.55703490426464	109.95382409561884
281.49867601518395	339.1978118014952
8.86339785070736	212.76491878847912
211.16566488988101	120.07121076888737
174.52008261698674	221.85097654776928
347.9324161375312	235.53710633104032
68.95228483475515	14.697205123206103
13.798449177794025	343.11345917757495
59.6553611647176	38.80408776789381
184.66714504705305	358.73359313261125
124.54718172050978	177.90460706792655
277.45187484987736	260.5316139285491
370.8263809960267	7.062417322557433
67.23848326777642	185.92683285214255
245.83636300893673	397.0679024959953
34.14648461580788	390.8724522828504
220.33439581102473	413.83971261412813
37.26038149432827	122.36749572381005
416.9641885521208	108.67475666325396
42.598684705783285	307.68253550268895
345.0049309111746	254.13522814986538
48.78887859777544	147.4267976065038
267.74633168220714	125.13841712803782
137.69632600665574	374.30410782573824
207.67814511153227	72.39166126507978
341.54282779204374	278.74095991001855
250.6300522001736	31.460131167571838
350.1690814086829	297.9186342448178
5.446468793469284	6.28421272446764
339.824633364828	381.8388510212801
381.6337394619957	352.6472683195208
302.618638090444	262.17068649205845
151.68399876831688	2.30173205252935
303.72233179429827	118.70331141468122
112.65511971127121	147.7227454782591
61.38098104929021	128.89235913759842
364.0674017811508	136.72402270215142
391.40936431360166	7.600825390174105
177.4665726441918	385.73415601271
308.63418904941256	15.851533418216144
52.82350148997929	323.4690032291608
117.10778886409973	217.77894724317284
242.28040725784732	264.03621121264007
309.7963591932698	374.1222736979978
33.05215067654074	275.82825551405176
227.3787426707278	392.99479705909323
297.43390063633507	32.01692089784379
249.77908737366286	359.42400787284026
405.82984078177253	77.49466927638129
281.9245710912766	240.31571095663963
228.26953960759838	73.99482886407195
290.8293442394324	221.30498793254617
41.06370726062146	75.7044192900984
248.45587213668423	217.1730965057308
302.52049053324436	295.6131073842754
150.25929896474616	353.55731458994956
143.49181265445304	235.42423918474313
36.885024820957256	252.3320394498777
129.68361725228624	75.41394144727525
246.41327039450644	284.3299717015308
390.79285976815066	287.42786140050293
372.52755386778233	333.8948462928128
86.49200882536925	335.33202625529424
200.3329716369073	241.92775466124866
40.217038683615456	337.06495768898355
342.90865730637597	27.01491542479743
94.17841421702622	411.4097919960431
328.64124424264185	299.71143400480787
266.62958036906883	149.00542098734596
86.69795555350315	373.23503858849494
367.3676029759883	159.9877468649607
389.6643639794766	407.7699839024806
52.785627766113265	380.4404685829039
392.0669672696862	55.94063796048783
152.21069940082796	134.71334049011855
406.09986765199346	417.07514018975144
17.451811899182385	80.73746471630638
328.29985298197175	366.3880342614808
287.5783170836889	50.960528260577014
107.16649955211967	101.35468065335286
66.65810225496259	345.667126974176
201.56058117117522	418.1508563582777
157.23778795218954	303.80988913930014
320.1700595807197	315.62199526942135
124.55826089504822	197.04683696083495
230.30393938951664	220.53078750297794
327.82460588198086	343.8598325834297
78.60500807876326	205.81782187552312
65.09447643953901	234.80389300163662
202.51152218870445	158.3998175746638
66.88037406804449	285.1214032916852
275.8951671333589	165.01263821614253
250.5970168810585	198.87777355323234
22.985184231214784	63.22551760469233
81.850980665614	124.3744927560086
241.52818208954773	96.45359727704597
317.42422170951716	95.96085549533484
141.56315684843707	116.55112807027251
39.41114426742265	230.78069570231696
143.5133073193624	318.99999000369536
74.0491646173468	413.65043493683476
107.13718514780733	297.8235058789244
125.31371342197757	284.50203643616834
105.78629870029587	368.7144189421972
212.99251871136914	211.73757198358138
104.59576246150783	189.73187172073662
187.97991128847357	405.51279997018577
114.38894123318683	321.57069347288484
272.2433728162102	61.592687111312635
309.60718932756413	352.1625843000324
394.43862062589443	379.9594887342391
154.57694600997078	211.29619350475966
197.75846359042393	261.42270397242225
281.11541751428973	138.17973911783707
361.0954403783422	382.3667979899416
69.42566802333265	365.52775309406286
56.29703728238517	218.87894360592583
404.994746502926	161.5531185903109
330.1621632658175	12.520192431329718
358.20536654994726	320.95884564590256
367.7899630354574	89.46969798129787
389.78206919754075	205.56937708564863
97.11791689186647	207.36822024914105
109.14171858447462	167.67457439095602
107.28903099218257	279.7688401007602
178.70449203841284	25.13430975400836
54.91075790039817	0.38120713328468453
131.7863418525357	96.91714473656421
377.174362913342	314.1072590261679
324.4701220054053	153.40414517365957
407.79663808755845	204.3744750182079
13.284241779384413	118.57440525943609
399.8718360303016	316.0577022193317
353.90948248370563	357.52964535216455
253.74838602383102	415.13297163942997
187.07142558388108	98.44121982111731
231.59118752009124	198.60671134553513
88.95888527119618	353.52932614321446
156.79296022407726	40.78880965656896
