285.5415914872306	342.21859578800013
187.42944057721937	386.67216740758226
63.50162336282782	405.5482842971898
270.40678732016886	320.19434280305836
265.9944052604694	270.5254005944006
111.95936552725198	267.9783182221575
251.66588258457836	286.80896939481715
335.4776369127177	11.043055043658626
158.59782454611292	10.768759157917058
386.37413579915426	71.38652537971454
58.61205620699844	105.22605399188825
214.11260387333607	294.792147986378
313.81446720568283	288.7167855387401
0.594687980328437	238.00128909365702
225.94125860348186	103.61703442437899
174.80014465690934	313.8800088027424
278.3141164989505	6.714474275042958
379.52089921295374	397.04910300206166
102.1546154818429	313.77341802722833
299.14003200519716	131.72095476827013
186.80865428875452	364.632958837804
305.0706997766736	335.3290971156573
194.6674118602098	300.26454237898145
2.4615116411889457	328.8160765240505
243.7991074888389	111.53828201198529
281.4566173948535	407.5261501948096
310.59838211334807	200.61824995077015
407.60173744365073	381.21948240987143
81.62865639700718	391.0993985971218
5.8572878538637	87.25193247551259
232.40473213401236	317.16428585094786
70.89942449071543	373.55172149950783
39.02044158924557	404.94674181009754
92.79764964349752	64.4955375538184
80.24051110880772	24.367904496138323
322.0384749735942	345.4657837922988
7.79871101734089	16.449423192701794
270.1439782050713	139.24751245860097
239.35190893442228	222.77130937487456
180.70742642439464	254.10484782148654
351.5929663422497	192.15734902260587
144.46648114948653	157.6026964588893
406.88655619719196	1.521276254403611
67.7553036591583	142.58587780141175
205.0159348025643	44.898737821935214
181.11947134049845	335.5886695154689
283.13674159710666	240.2364079028009
255.46347977186926	306.70013293025943
117.11495062211937	87.96694756424017
75.70988688287399	250.11076307094436
332.70986589062755	390.51488042998085
170.77194426283637	225.5750125041324
65.71546826239252	86.84188707934884
271.67747009235114	179.69152859965905
399.7014406307965	324.6826868257011
10.126237171580703	174.31988604005224
380.94843236344434	136.4307919179093
151.37786623931376	88.49653467917541
367.97599211443213	377.85725279021483
168.43741764492393	50.11466995783335
111.43115123965985	217.48051573586562
400.46893683228564	116.9081603657894
58.13517203441976	210.01617017808405
92.96493403833105	211.79082035651874
42.94075055083305	87.72859549974858
419.16916338254174	151.1537454056859
26.204553106670144	185.39284549711869
75.7332011198804	224.25506239749794
260.67948046031125	100.42091453595413
136.01086796162477	100.7701811662234
144.7974661439712	205.90572903041797
235.34633756920746	247.7313915822313
188.36673791960843	55.973172408911516
352.1010237677571	328.34304179656016
232.07227963895934	151.9636481085824
83.63971904191042	178.29587833954193
104.55997845825044	339.20095984863235
97.98144547632378	281.55078858583005
186.07010546463528	87.30158747921453
251.25761366498605	325.92018406523124
388.4098856609312	174.90684289017287
5.580771305551031	415.13781587914457
27.851038428193327	326.20168109565935
227.49314991104342	392.72446341368976
215.86729742531483	164.2912099562684
400.8272434941571	20.300821184594554
121.60595730027063	348.8528979883092
25.041504477677723	95.68756025476527
373.4848211013926	314.01210147378714
36.96522569464252	248.6349989803493
348.0317170246037	163.188050325191
135.99026129774722	121.30748047294259
168.9456608980486	98.74320141217171
217.03480113145045	240.56568270081598
360.51740555207226	224.0900187054283
351.7416008199104	395.91027189569326
81.97774153944222	270.0374713197934
116.0230548578363	184.91367027645282
48.012943983044174	291.6478723970417
396.0236224106577	269.90690039777246
332.7289506869493	198.58278632064048
319.5148831255496	24.68188139880057
1.026717080939362	267.5727183420528
114.14412760337966	68.46218099541159
102.73831848713233	28.864639178432153
167.38722713285082	270.1786074398963
51.30739769413597	51.55418521238968
243.283416302486	90.09949130045975
235.3789996991852	297.5004916970751
219.6550291305649	85.28466941548865
176.0313179125624	149.81301996915607
367.5065367397233	121.22827356376003
180.2173186938721	8.93074076581127
366.0682239804934	4.624142220412004
380.6278538957794	105.74928252216681
388.41804919608666	252.20405343384752
351.1042078031204	306.78502172368945
294.31129213611905	40.35734543395479
76.76741012161742	124.87716951287481
277.2210555727516	219.20819500157083
224.87396160537176	186.20849177848012
53.01796190418282	312.96245888337336
236.66137878803787	19.32325285977817
77.2394277074099	198.2041402885685
399.36290822756865	235.13822974353135
186.59104750374448	194.63681958709924
328.577887395139	120.48975971501554
354.3003874364435	50.78705928258027
300.37667054927806	66.26544561367507
50.648230113037876	191.48348575483416
347.54873331525874	375.8918655530108
150.63182399864172	282.3087325079557
367.89130785631477	181.4872431686153
88.67132696378843	327.70134455990984
381.71845194233026	15.871996272255757
385.72856151922156	416.6709281591244
145.7261840101933	43.56388507854503
300.6201779474508	251.07431031693565
290.286544842205	319.1696903343496
297.7431535913734	215.01963830039594
301.69594597027003	273.4078112933198
283.2599043799699	283.5404326215079
220.10846500821447	259.8242853547034
261.200763028111	230.56233272608162
391.4725157907342	305.972259974943
412.90882960636907	308.99068669925407
341.4596714387492	144.200250113228
38.904224036540484	109.53345003657044
127.84974288228685	279.23655478073107
165.74181750069704	370.14670970802104
363.5122136048109	70.52345370797681
122.14105752090727	410.94950718717655
170.5341792725769	120.5011895064623
187.26655928088158	131.23197279026678
275.266010166509	301.22815682465244
3.7330284540128504	126.3958851312938
40.51547654517953	267.9626269781662
92.19136127755705	373.8752361053274
170.13653049952939	184.32952145194065
103.73091132259925	403.3301396945633
281.69391483073383	79.66736871587725
261.63424361371926	80.51762416090996
173.06917644679658	70.29088807896704
269.72360720766494	159.40172642068006
246.84472185425727	139.46551005467828
327.6077633789941	365.69697276821336
5.716208186136894	288.4849942677869
262.65218039141007	413.4742080341886
282.0822368955263	59.20257468869716
164.61719838269516	203.62297545797503
220.45662543142177	411.9621582340767
400.4372799663322	57.08499572635481
129.62199702641018	372.33159081823493
95.3778558276296	230.9003488263936
329.20582546164803	90.78899723178677
139.92801882244024	336.9931758558489
399.8311685945162	401.97439158439335
90.2428824603544	43.680384542252305
210.4916142318767	139.25297015907822
33.21500237404959	203.73971754178896
339.37934605010463	31.353555278251772
341.87118155662836	219.06794737163256
204.87202733213653	373.74785057580374
69.37809476868297	8.117333695642733
286.97961326460995	148.66795052864106
205.65917428159437	223.84385490933315
72.79133729857566	65.55194166354325
220.74394671233796	56.10338003296641
349.8808021268929	86.24328742370658
152.45796560996556	111.11866103197448
341.22305345952356	105.90478351958893
203.6248985221938	119.59354110867255
113.8617215386574	298.1095967924255
159.92123893047355	30.45652879106628
375.73068540008825	55.11550787859896
410.0746704056647	343.61028541523615
98.25297876363986	192.91645302119926
318.43557379545837	263.5754570367514
331.69949723132635	299.8239711924244
306.30781314406664	232.4514284950311
40.456345279159244	223.46573813532007
291.22774658530045	167.6521995810417
98.93446431960606	9.91326784006015
257.56863449498655	249.51240126828225
129.88010473376406	56.30318360958476
116.80069609384569	153.65320321111813
238.19997476541556	200.58567971510678
150.0886940638263	260.61325489168127
201.88911072809057	71.75282239324369
34.03594771032321	67.39042907375692
366.58928898413313	204.94408559494573
280.1360517738352	26.628959288066266
20.842390815455403	270.97782356287684
124.48344542993735	11.14164999927134
180.1236480535875	32.376736268617876
246.8810410831239	401.0066144356137
355.1043147430224	266.40615478447774
33.456673318343135	128.83109118764466
23.00641702869561	29.894462384216812
196.6292320669247	153.4915667263037
231.10695469716939	126.98415539797567
180.20823234885822	408.58702323658787
182.30024064694598	168.06935778879088
116.23562310840842	239.15810154862072
58.23185807673604	236.2046803410876
284.8353760112116	263.92429308903286
82.59127260758041	354.1081444522898
410.8533495819954	169.20492135886198
384.1722554592899	194.31702972666704
284.0419077973136	99.37561820109745
134.6847788516719	77.34264575306304
63.060366665973675	354.8560556231264
156.39292943394565	303.4287156620205
25.044452093273645	289.9347639405022
95.04279970619555	149.1166476519976
132.20653206101315	223.9554301904564
343.025252484617	67.3440026618417
53.32409855590565	71.43356298159499
206.14784933640541	395.54868470237096
30.663189913082494	384.7160066880635
206.48456110014496	274.93437534523804
397.7235270138906	361.10928304167766
378.6968163235591	357.69375725947367
98.4550445662151	121.8373137828659
284.01733085572005	387.95340225120884
281.16168737046814	118.79714413020031
332.0818401333761	321.9786985735196
104.5893006532328	169.1429710752303
311.3484789841651	49.98848574025134
187.61474517672042	214.4333124588419
410.4228132366561	75.38010595393824
216.31621988501024	12.086890264944012
86.5655213367299	302.12240138384243
369.2605211779705	337.2385030329679
255.9377230893119	211.93258334914495
85.3111559401116	83.83673167717099
223.45351854471608	36.04622746836458
235.00611654167133	71.69278830051425
200.0678995920298	252.2639397594338
394.8303154971943	155.73945592071706
323.4924088623564	70.63684425753442
325.17498051240585	160.81831135898474
305.9393906531827	154.1685423741363
126.89007279166194	391.7157331607117
56.71544625656705	255.84918451419392
419.89916942412	396.7307840823747
372.60785577375555	35.76637455086286
260.5257517609252	369.585719997184
193.8273084192269	320.5796925273706
18.761258714590387	400.78305255483787
310.41070905635894	113.4210754979351
335.9458297687193	255.45189641003944
213.17914722347322	314.4649200545634
125.51030115837229	203.74288460763051
256.17686954090414	191.86717705737348
304.2619082784931	354.6601174021451
328.6547406945736	409.75883105477163
0.47471941945679863	52.713750800472425
205.60643455446186	200.87224084573475
5.502178128499192	195.75003448654743
366.5547330888381	250.1552126941047
408.5062876469727	208.65391362933457
134.9094221069558	297.5268808542076
198.89028289404573	22.95561038624728
149.19969411806642	380.5338023488263
42.80016206780977	173.55201816225258
47.98265392049535	369.6606956294815
45.33312853601427	144.81815469356886
16.880773133751436	142.5060292214256
133.1103184488972	141.09850576794832
388.5892398783955	215.7313962244585
20.573780736435868	232.36593019183613
344.4904563112169	282.5808979570672
388.40770758504055	378.64007302365525
109.80633350777146	48.23724281846412
418.0790404251975	105.01520989759094
105.1563868405615	359.22938174784696
150.90472373609265	64.89760811290886
13.394767883550115	68.73039406886058
384.3444223396998	286.1169236406718
85.19914638578531	412.1842208308143
159.13545086604483	139.9375649152847
358.20744508690694	22.54317426431144
245.451082804922	381.71270652606137
125.9247077262396	30.51432481373125
198.95946492954758	343.7013270878871
10.710045968226003	380.74004238718805
129.42801084816975	259.1946050402171
254.5411894749821	12.119943967941703
222.0666869126482	212.05674007622446
41.732197617515	34.55667885247312
8.029428649737582	216.65546217219665
359.2002430154055	357.2855880117365
335.6676394894587	179.361513960144
150.10532410022503	184.74026241790742
19.102668094979176	114.43567533203625
160.3317006966412	326.83292045758935
14.54670312560679	346.5120808473021
110.68153124180421	379.35150819197963
58.57859344474463	160.35616478850008
310.2025850042122	179.3211486802145
186.77167192630753	109.76372808543503
160.62321219467526	411.3745188303746
297.5789457722496	300.5980369259965
315.5079265494488	381.26979332013195
348.4263180355713	240.23036467973736
376.3185894303626	268.30622050285916
51.10588626131534	335.39594787271517
415.9614912755647	33.97933230907763
378.6093419372764	232.43859044954866
348.6094321474398	415.95492696361134
361.2556719978558	142.03412173391044
185.94173889145537	276.56626021498676
202.65091608238453	181.7441177456781
78.73460860222598	102.62970262387961
293.9032656932665	371.21396130302867
20.213685631241237	50.576642465215926
364.50018249345135	284.06188298030014
270.3952056613113	43.784984216063485
71.43707678332386	337.3064401372378
259.1503474599624	123.27902898059766
257.2273786540747	58.82365863598535
225.47093267439706	278.8691549724255
322.54600878564304	216.19058095856164
238.88962278933062	0.14986146648417487
77.81293211542838	159.20478988635477
200.4548894689472	0.9449561717826584
372.0461081523086	160.50021947281115
117.64945545340404	107.94708246755562
69.6740999578877	43.07227175924343
142.0597384005032	0.03496661215393642
297.6833452983106	419.2649898114672
35.755883667321136	348.3911794850708
407.6977917619489	253.29178021917883
250.42277634732147	158.4821741450744
277.40957659288756	359.86266815560055
313.15335736742685	312.2172254710414
53.20748868643419	126.3101675029546
98.01987304519535	100.35158490507068
402.2632553711776	136.83029468183813
291.27523981484666	187.14145279465833
142.20160738066068	317.7434004848442
332.61740287049173	50.083907960971686
162.2648896387536	245.29249726367595
25.957367541484754	160.55395978860065
117.43994602798419	128.13207037567156
316.847852306181	5.4124517413236495
273.9598508072747	199.5478235892802
302.59846424406095	89.74708402945659
299.0857082597559	19.093863141871783
392.5673691482128	39.3349020144757
71.24232863419357	290.26360298447247
119.6794783578336	323.89708654624235
243.3541871750717	359.6833451560554
263.3164639778794	389.42652963296285
348.24388936667884	125.59085896174514
167.40326283925177	390.3077425005789
72.542440820782	316.2084611604383
326.80273521282874	236.96722574233212
58.8512167910272	275.2995839815788
251.81638258298307	32.52851512299635
403.23743571383966	190.1053588778062
418.4656468330526	362.3495335161799
245.1359167226686	266.1060732661423
168.85044234228093	350.5338867638151
12.101575582057942	310.68960478738506
100.40374842401695	252.30953075767786
172.854811380256	291.12562130947487
17.299511190543363	251.40710214719928
203.20400275359623	96.13908641971875
144.98900373702438	399.4653162124488
50.58964450705533	389.166169718615
237.16274406204323	340.96739990922305
406.1659434009637	290.8506052809155
162.09423707713623	165.487437212788
216.0500522073458	353.53701668993665
26.876381029617786	3.2962256516720716
33.1867323939774	307.5830918863247
240.49328141871067	48.81672925951025
322.3186389388415	139.47240834719872
396.8281098339117	94.03345681812868
341.71196718487374	347.53595575412083
390.4705006003874	342.0067131752652
361.24276595519194	102.87559781910275
374.6662984415385	87.18495309544484
47.53596363369744	3.817169087422386
59.70399990852898	25.933091353907834
26.136927047653593	365.4457093211657
242.32792414986753	176.81937078890414
261.2717969661256	345.0821768917667
219.0504902940752	334.2394034142547
145.45273314972013	361.35886122696604
189.01515423874736	236.37648769038944
142.806188183943	241.84445620701183
151.46634048752904	224.2027275022074
131.89314737460293	172.4709185765637
227.3225411380019	372.97160540564346
305.7064334754394	401.24439354755145
