282.6634130577068	347.03347041043105
187.56769838483459	385.8333179165379
49.30307804465548	390.6970926337909
263.6769199221038	336.99690524391167
265.01481508774714	282.8073425828633
112.10533723153472	287.3691750260315
265.43110639722045	300.30249213937213
356.25105599966787	0.7952894000059696
171.66663005429322	7.7232358061586
393.59328951865507	75.69276640119844
81.40746145191449	99.69959248539043
212.52964269659688	297.74714977095715
320.1229643498821	305.07558566443277
416.84317207843236	249.7597357398796
224.81338346202256	89.44928731173934
173.72749446639594	318.2379792373018
275.89098589916273	12.842560698056795
369.4106840427492	404.06569118109024
106.78682047930427	323.41220079264707
295.4020897382377	116.89305519776147
196.56759269497377	364.8094971319405
311.9449097270472	341.2966938245629
193.7577436163006	301.3928410701452
19.657446212264496	319.721956461924
245.95861304700446	95.04230424847927
271.41105875971505	402.06838729456877
306.5100254909492	181.20124938642243
397.0195308336789	391.12112101769645
72.84618142787157	385.46401852122955
1.4334604960877657	66.11549748321177
216.62650624554715	322.0930071090828
71.86695736059181	365.75605789195475
33.078529526255565	397.4043783776233
98.03370982210758	59.129224932684664
74.10772905576522	15.79906411714334
326.53969713108296	351.5581039491118
18.192317701319002	3.575755413459819
265.97984806317356	119.17355407239042
256.8453806703714	213.70983270846892
176.40071539132956	263.921933854692
348.279534779124	183.9093341024065
176.00946363846168	157.54445391148877
415.35983353163056	8.776341161310265
63.64514785977035	142.96307284657405
209.73506726972371	54.90536980755526
178.6752671264671	342.40871829138683
297.0500344078683	238.82799875120872
253.95876920120074	318.60479960360266
137.5729393798719	85.1501303284238
77.82757678459453	259.420562866876
322.2786709520706	386.938537696781
178.84597002597928	238.93249875420824
77.28942144514542	82.89054364063357
272.0138032515289	146.08553408715312
393.9388459265509	332.28074645649775
9.399918048507637	154.66522932259275
373.36911224749895	143.53585051990825
155.1073172863896	62.039059871891276
370.31883933231103	379.75207378172274
188.01182534393467	45.28714687579418
108.95307233463852	234.4747381781991
381.7847325950673	115.8151609462158
69.76996801250912	220.26469644622424
88.95037319685225	214.33995328603595
24.3433786227889	61.31846396436858
419.06984214306254	134.17333474629473
30.07213539145291	206.47678946151026
76.62436299788007	235.63324913204286
265.3915585943169	93.03336347377046
155.09097263838893	81.03960360735364
165.04589201769912	220.11669937214634
226.80620445820247	246.13298283682317
195.68097493273984	58.7397610977527
359.9945248151108	332.6046514431464
241.17730190009942	149.13256406393623
95.34891330961007	149.34918922563534
103.54669962412973	341.36352696379925
92.55165201633744	287.76951103162787
187.00452855882966	73.89182586353921
241.91126074286208	337.76283635552454
389.33092412801693	178.7307955279828
416.54000164075427	414.0144616715794
33.48036028769605	324.9411014305954
238.95584063459614	399.98174847903135
221.78253756059527	158.92140641369036
400.83429248478416	13.7623958120588
125.66765439820206	344.9542101302742
24.9149936485154	95.0564931785121
375.20953701695964	324.84719656145444
30.740598433507543	267.70330421385756
344.88861829124323	167.01227477515437
146.696382356796	110.12056013054982
173.36396424004474	81.96873303422834
213.62839633594794	252.38408940440397
370.39353328757926	227.37510945713547
352.15603506645124	404.95445411806975
84.49780600225519	272.78614528783004
123.56843624492102	198.1758874311838
54.09730852076139	307.0388933201881
407.9239944313536	282.015390254381
324.4429954705445	190.8591221305323
300.2223086266591	31.455058081899978
407.6593778616564	261.7458346223989
112.53313029563309	50.70221487234107
108.64337615408799	6.891846406213228
171.72981128217396	279.01349622897186
51.75518218064268	36.398679267789625
253.26774160907982	79.68521228618614
243.27407212496698	308.3128144754493
239.24892643328025	76.24402305993986
187.5679015554126	144.17503056678447
360.9109026772882	113.68199216872921
199.84668641941897	419.8568822592133
371.9651377809762	418.64833737613515
373.20971677839736	101.89150347802007
391.1474459423127	276.91877902426063
359.7166258547624	314.6529021573312
286.53373671102116	45.012598994364154
70.72934553361486	122.28799779820474
283.65198578746697	207.8033966412477
209.484124947795	201.30359319281837
54.1643990054029	329.99386609493206
236.20571571549877	28.065274449830145
74.96037108515793	204.74161153041604
407.4079482186636	236.9132562379493
193.14721127028255	177.39415889284473
338.2831253513094	116.82775049123421
352.0909797536711	51.319715573449436
297.63398185457675	61.07239005807735
42.63598161409693	217.46220214675753
339.88543292907895	375.47788334870955
150.50954108382209	291.4351639161396
361.75085404225075	172.28631950913092
83.88111897395625	331.8032199693845
381.1483605154931	23.317626628268805
385.9617225953707	412.6248530521537
154.72012280882987	28.97074761271477
298.9438376802975	264.68981629699675
294.4431093514495	333.6151920382426
305.1407635488286	198.10711534606477
287.10584584387976	289.2655731293677
280.51329430091107	306.10754299879267
227.2553504796266	261.8726337382691
261.2137487911051	239.60358432014215
392.65969408914043	316.1612326339389
412.4123500302051	326.79528992873736
336.12575605278226	145.8156866868942
13.441578738353614	127.51438390348734
124.08487875626246	300.52054960303843
177.16644473269446	375.5703922613849
338.3594285637599	64.17056520259365
127.5311811029482	415.99186153224315
179.28811771070272	129.09928834980116
189.6348966328479	102.13131694126999
272.73884100495974	321.18966645496084
405.17207044720914	112.09333018884679
38.94783695019543	280.8313154201214
94.03136685659098	380.14603843430484
169.48606891887633	177.7240443387415
90.27876616870965	396.43647888629874
286.2862564534464	80.96178062927214
271.220030481144	72.36334069081916
176.312773263366	61.30589491408637
264.1654492388222	133.7398023304484
249.94861402401455	126.5912911671346
321.760371785002	368.38334271801995
1.4751431595282736	289.65262704080703
268.10674789336196	419.82714981444985
282.2320533288283	60.65884739948277
185.12444766322113	203.53707323306247
228.81807847479772	413.85398154136635
397.5924467406486	49.16910429346465
114.39665063494283	355.5380925738205
91.73645895183452	253.7786348623582
313.7021509060837	86.92426470937973
151.5991262409816	348.72550557834154
378.88501870691056	391.6218378919252
83.50611132056909	26.776638368347907
219.11124139502968	134.57067322992086
26.414344239349447	224.77356072611653
323.5035871666787	37.44712793335863
327.9543157933171	214.15444722564766
211.87170958263144	377.13220993739066
55.6093575026897	5.331745849261768
286.57564967722016	134.59872987121688
200.95413539416617	234.14551827341378
57.172736132811785	64.90572165414933
230.37340085005619	61.16270748506042
332.1204370677915	82.98242209024271
173.77824453603372	98.49783394663818
320.95375372940106	103.50854075616529
212.2716175379702	100.6306771284715
111.66142736057141	309.61792381948896
181.42190227929387	30.943663367211204
366.6614970365807	50.96598513977748
404.9083367549271	343.8547828291107
90.77483701433594	198.18837722413204
322.175056320201	277.6532948963258
344.0279964730272	324.0242442501882
312.28654764254895	239.12053224666607
40.61650592409503	242.17692834287564
286.6632483414345	150.54364955780377
104.13559823507697	404.71626896721244
265.1489826378298	266.7358667951109
147.6702444745573	43.205590966112375
115.41012209346442	156.17945018627412
254.35251618169175	196.0205279901757
138.22767334088857	276.78595207604496
203.05735955722804	73.37521204007628
33.85581377457946	43.30245616742821
340.45282028683323	200.6019793892014
283.6958392300408	25.48624330295836
16.04734195143567	283.9870638716601
134.7090799393507	12.896772689695712
193.12440000668977	21.612108550385166
252.18911571932432	413.92745190653534
354.8459176300606	270.97697310364754
1.6770865207822865	116.92596928974923
24.142091184525015	16.845461715502427
192.5225480834092	120.08298643403005
222.7334863139197	113.19296226747238
180.8591650356992	408.7851776634894
206.93354351725907	171.31681114935773
116.01124409224057	252.1834886853288
64.51351161262	249.92916757560602
287.28873721776347	255.5589761581277
88.24834812538451	348.5978566696816
405.8636742813982	159.2027954822908
372.50368411775503	190.19170338557072
281.4073586890163	94.70601539911753
142.6593333254702	70.6846373858252
60.282780793772446	356.27376789465455
149.05141406911437	320.0560171882021
17.178507525430216	304.3834649151624
109.35027817569778	142.53134087848292
123.45291913897792	238.33264719292612
321.06213194446195	72.25114424229098
47.8623111675625	50.415800140439856
207.73751176882294	401.9879886976306
37.74570704789008	363.3154877307749
203.7707540905133	281.43546648752
401.60036000591015	359.82473437425955
372.9948698741403	357.330982785173
116.58409900420374	114.47066606437939
290.9791665399684	390.0355406140678
279.89429198883204	112.40073199437572
327.7712781696749	327.74990045234995
108.48942322665864	190.45728582350077
306.3167782563955	44.62396757154631
189.24942187571492	225.66774383312975
404.24446022418687	65.82847298727395
228.53217152627823	12.081101242655004
90.38528374607795	303.73294908665747
361.14964772024206	348.4354285419481
268.41030599175593	185.25902354485146
93.88137285327738	74.19710870457149
226.7044227834029	39.496130003655345
254.83322447339413	65.16009537908576
195.48875637777425	261.05845072699833
388.0090704336559	156.06921941586637
304.14837901922124	75.338353361864
322.37608784228115	152.48188886537218
304.65828047568726	130.58563492607107
122.69950803907592	382.8075929101843
51.12698589327884	259.86161699423644
403.5876130974173	405.1781874034107
361.01063170946514	17.72383605931885
274.04247386316354	385.42199140047995
189.15561671940574	318.15292722470593
19.199489334493734	389.5651146946248
305.3647424356066	106.22945689896173
333.47829648891354	260.84230159122075
205.02645449134118	340.28922103790325
136.458660496556	209.15927367434256
264.2617499563349	168.0612624167825
302.0721127062733	354.14628949562484
325.90964505785047	407.6068466315263
409.66523081778377	40.17074006261481
202.56333518437836	214.23908853026495
10.607749038340973	211.39915705255373
387.2966656416573	262.2967347231341
412.52876052385744	214.6155744090184
134.67099772638724	310.9529022748702
207.06789828144488	14.951551419408474
152.4189956887667	392.19302060438434
57.46341796149039	176.9020261654999
16.08587689536213	351.4163850736417
41.6260801630627	142.43262688380477
19.4878145331053	143.9256633277885
132.42440769205922	144.0911043667829
390.8453716317988	210.02477105393555
9.719525481625693	242.17532875363653
334.2941539714026	298.93558130729787
387.0544335571146	375.06184716828363
124.44872836077866	41.1438671943443
391.1367568911914	97.88190769301887
98.34800375846821	362.46150580225725
161.56947786079556	48.916003721532135
13.679162779971568	49.490104890741094
391.6305296346502	291.7369786028375
69.13534968600881	419.28406657957197
160.72000237448032	114.08164902100337
341.9148506753376	31.920923666290225
245.11568876798717	382.14378991932426
135.75458946281603	28.816091664976025
192.59638023265936	348.240823680702
416.56786676048114	397.72457547321414
123.07189800023274	271.01312631299754
257.3727597844655	14.492395825136326
223.46587222015054	230.8321692423529
35.949875822110016	28.048852259381114
4.045053452345537	224.99178597182208
355.17319552491784	370.1412426042683
320.75509762671896	176.3551868359635
145.15908921097918	188.27192994905144
419.23303422630556	97.06184196755346
160.29338686208848	333.18558695485217
1.6095323119637845	362.76913735303964
114.170615655179	370.672652175956
47.706104103964144	162.85828104946134
304.0320100339069	161.12025772958006
197.8182909394509	89.03508133203393
168.29272579119495	401.55958522045495
299.9853269831908	313.8511618784977
307.34001787797706	394.291524098476
362.2962516587448	243.69442250260403
360.5713043567644	289.21639452925075
31.08296624117836	348.9846571605022
4.650658811841268	24.379338342510287
385.1438584754909	237.70154329799115
338.1222258597256	390.9243646210839
350.99610511456234	125.81332829443244
176.12680457121954	293.8857914004277
226.35457444754235	180.16472074766682
104.22629917048349	105.617891861457
309.0068032643151	379.8417290008452
16.954049339911037	34.68472450355468
380.21582585020803	308.53796070037413
270.33610312150415	34.710104373444636
71.16167635573217	339.11885900987613
257.1781469174865	106.52226978132904
265.18393289812025	51.486271409743864
221.95626836489166	281.65583735328306
310.2523701038884	217.6559407397405
241.63791599889635	4.765307887044213
79.73515334216528	147.18651691150836
215.55249796857782	1.7233637031250144
350.29487288703723	141.69174755649286
125.87548155717889	95.90864560782397
54.67304697117748	21.34147094370768
142.0556778824552	0.06213938049183142
297.67870612043515	1.7817279318760928
1.360372094584007	340.93225306328173
396.0757727894864	250.3974075012233
247.95179046966126	162.79009514907375
294.33808219113456	372.85282892065686
313.9668617140899	320.03077412315133
56.54733618389369	128.78998473290176
122.82145009289974	77.10015453406793
393.055536203674	129.75429829604514
282.3647802096941	175.82408991391318
136.53939388240136	330.15951220412825
316.4018624882952	56.16359502040461
159.76497716868508	263.49874551189214
22.78663538550681	164.46100264187115
131.30124022147646	123.34399154275708
321.7710590628728	6.954233897970309
280.48911439897296	193.48319860724789
299.8938008479697	91.91220563725521
310.4092279231422	17.577783313023396
396.74329154335294	31.08598083831402
73.11638309905283	302.67610978407544
122.1240167397126	330.8922177970282
244.35274880482714	365.531511537488
257.0429319795829	395.1163654514229
340.66803644569046	98.81098731443224
167.61508977207305	386.7604917436489
69.9102582104678	319.9160728489013
334.2890929675	235.82665117612726
58.0257026843689	291.9207053159893
254.5378605727627	39.48444880815674
403.33491857531305	194.81378037543033
404.51682919641235	375.0292022184012
246.21830923275348	265.1016542641777
165.436131108433	352.89486719337265
0.05573997682828902	309.7902681065491
108.70468437202376	269.4883461258102
161.7780735605714	309.80359151530433
16.388526290244183	258.02209328670756
222.86353252547445	74.60691324981889
133.89844903498727	398.2306529786552
56.87540777144655	372.1538288181831
254.33688320549945	350.7382729638288
402.9267429281506	305.8056012829608
193.85178321631145	161.77207826658378
210.57075581463377	354.35285389144013
14.564277681250738	406.9976483612874
37.203430242241204	308.5992852752631
241.97302601447825	48.30671459636368
321.7392874031162	122.21120732857835
410.090246489276	80.57233293043059
348.9602467409989	356.99301160826883
382.35623677834405	343.80482396718304
353.9830988119841	78.74741123850889
385.1134757632318	60.19007300843487
48.746826974457406	411.2366774523552
42.53081588112832	13.465326226551792
0.9605424898522787	381.4235178234211
243.05527942955564	178.2725922363932
258.54832737445895	371.28074449626695
226.70887249042516	340.52960249779306
153.91183192229062	365.8585368241102
190.58156466341646	247.35861808350955
137.6590732733848	258.75799406003017
159.94672151750245	241.62429354900397
153.5305232471087	163.21157493436198
223.07725408919617	386.2933476849405
299.74228116944323	406.5923571457603
