287.96789451066644	337.1586613610497
186.34684583428083	385.07916941865807
60.59865613594927	405.07413215409144
273.6798533728131	320.38311794061667
267.5996302237081	271.36151269871556
109.80425589861785	270.5099961285933
251.40174864389212	284.2177062805007
341.8526668873207	12.619200368127704
163.96512662204617	8.466027316641831
390.0054287819641	75.24394746965636
65.71823553758264	109.14260377178572
215.93316748199794	297.59248097762406
314.3047781490106	288.86377422319157
1.9058614070447917	239.16425687928717
224.00279486751808	104.95631212665293
172.31914357275255	313.24998278489153
279.96762814612754	7.369688442619694
376.43025317934723	406.4253496054154
104.27024428396669	316.4748408456374
297.85736567827917	133.56590716721175
189.38088426323	361.07495716061385
308.3710972111675	334.7488768157652
195.1894907313184	292.3901770905377
10.136760964068438	327.35612441832944
243.16145589788013	107.21777043078552
283.13126984288476	407.88345092751325
307.9345575215211	196.4342183999858
406.8136070069205	380.5892963853457
76.14864441562906	391.08121714261586
6.428456667658621	87.60806844331549
230.8470330019994	316.44833204265603
67.76221244280633	371.96872856401154
41.5007019514336	403.94231139601186
91.5459080634895	68.62523805798243
84.29628963179495	20.590519365060082
325.33843186358257	347.02579855676095
8.321205993799099	17.169773020829545
270.26483829725527	136.04505325396087
243.79625697026734	226.89061148756
179.95912989625393	254.69647885237234
347.36735499610074	187.45743601771076
151.08936846430754	159.93347724270274
409.6877580385079	4.2848662902144
64.39407113391178	140.10128294266124
205.23614051587785	39.63244959767244
180.51468554590195	331.3098329307108
281.21000435920325	244.34598647222862
252.30554740200722	307.4246406489535
123.26478854814087	84.29004307476917
76.37295641109222	244.1938182205664
327.39614721915973	385.30996273894067
171.02242576689395	230.98087368494726
63.793501171649496	86.52347599833688
271.9958383048731	174.39283585856015
402.36965395233176	322.6131927911236
6.306623447807459	176.92952637735863
378.8033735530659	136.40263993585248
152.24038200130323	84.78576774390616
366.8270585886419	378.78986294910595
168.1884322088688	49.834171058732665
110.31223637389459	220.33358449945368
393.7035906872893	123.14331245363557
62.69582930500245	213.9626959313553
95.43626707830059	206.848939085731
43.178327232918356	87.46023759207749
1.5251918377399365	150.08869777621214
28.7996358284514	190.47311088424723
78.22934678952565	225.26390477424482
263.08629625078567	102.62349519598138
135.7009872008666	100.70984961895455
144.3286045709741	203.45800571975744
239.29064575077018	247.72413579172016
185.9620073421911	56.54399366493226
349.89996493183816	328.953223579254
230.08120543106145	149.21554699554176
85.3046474172891	173.13626543094773
106.0785186914316	335.67925050339176
96.05512563445978	285.0995262797766
186.79017683610698	84.33614452743288
247.8063197041454	326.0086852794172
386.67365407177715	175.52330445782653
9.800684506595207	417.4894071998755
30.90823969132043	320.47796117029986
230.56732230346873	393.82492782885663
211.9503882685724	158.45905725553638
397.5202650855162	19.488716824602417
120.90227227690126	349.84535573082314
25.365051150256917	98.6653958835458
368.63048479235204	315.01272943794254
34.48267140088421	254.45605786394964
347.0882179546426	166.63014151993454
135.34301726513527	120.49387939416034
169.3229356921882	96.3486095378278
217.1723063692854	239.42891801986516
358.7902960916386	221.13456159108028
355.4417333462734	396.5490609670408
78.83590435063367	266.3850738033041
117.11313591283766	191.36770323651535
53.540862605009515	291.1260709580417
395.8938986919398	271.54898000502965
326.74619747519654	195.28229393558465
318.99378512294754	31.21295292197086
415.92457172938737	266.52820883082586
114.55864710225197	67.41380269787022
104.4095024844186	25.219503515826318
167.14958720623446	270.155125784621
56.87667507927817	47.33253803973738
239.220667260942	88.17765971637989
234.95861606895465	298.1152022500383
219.17152629696452	82.82401887208168
171.2134702883625	147.1240850530904
373.42219121711463	118.3851553587454
182.75856221851197	9.980282580018027
364.5905705521123	1.5669929514671006
384.7213491256354	102.68509654628623
386.01760842111537	251.58187518155069
347.6013799271842	309.2178859043809
296.5933656620887	40.87022986225272
82.06884758853765	131.9415145675159
281.3582150372118	221.94304556981263
223.62228146405062	196.20532982669587
55.20034008091426	319.47881036836907
231.40586396784067	21.49315811296451
76.40575965049487	192.24387749996694
401.9467390762495	230.72363663423033
191.01735202679046	193.0461047128951
334.4540509287935	127.60966952186646
354.14201828069395	48.60232137390813
298.35759950162156	68.78937293368605
53.57693469977631	197.14388673613564
342.1784994850006	368.05876921835153
153.224892571522	283.85131157093485
367.4808798273856	182.29146431626233
87.93256407582751	330.92492668494737
377.65339214868834	20.430462272843073
389.4793456910525	2.3338439555584634
142.1733229617402	37.48806009521367
304.33232924620194	253.8919695664777
292.979805175542	318.3122715520773
299.3030542380205	214.8150692463798
301.6616587298405	274.43736762970167
284.0996876976952	283.54595713080425
222.06782041497883	260.2807759480225
263.26953396842123	228.51694233129928
389.319841598328	308.6114444720839
412.98420334025616	306.70860531458493
337.72150957748926	146.83120539866457
34.25691292989973	116.01131123811719
130.84860781800705	277.6162313121477
170.10292278917163	371.1135929826962
359.7112670110905	68.16720873041632
123.2607258990383	408.28400734837317
168.10297494324962	124.44430387169879
190.20165639186635	127.1017107508553
276.65152987870925	301.28008183309646
417.04081632755845	128.51881042179764
39.22721880380495	273.0167852415359
88.74081974269428	376.32652528602455
171.7384140152022	185.2237900932502
104.50216414557285	402.09409940817187
282.69123272346866	79.45207461099218
262.2505615345474	83.7376615744731
171.65749266918374	70.23556720539233
264.57089754996133	155.76207404941167
247.90759898315585	140.302295293959
323.26504563123405	366.4857934784244
2.2594864156030754	285.1292525033474
263.73462083406895	416.07698180423307
280.64875759187254	58.38751173579252
166.112396511782	206.93490039100197
221.45806239280262	413.88030595422646
402.02569310427026	56.82285993388392
131.39406494649816	365.8131339624765
97.18401634951879	234.05427589298273
322.6059691732391	92.53673892508886
137.09040444721302	339.627289588112
397.85571095592786	402.9817897817349
92.24436450275834	42.785399457304116
213.90764792177893	138.2431696886997
28.4717204241342	212.32578893750443
341.70803068359817	32.30689615023229
340.8894587438615	210.08833277351528
204.39822983208776	373.3744086534418
68.60819825437231	6.80562448560053
285.02570061249213	147.54999697463836
204.11154713163296	225.74094037549122
71.9604299271406	63.01832223782506
224.72115310782038	64.12428740768304
347.08605199485385	91.6534425710371
155.75999891426633	110.11101755171887
335.3268303870365	107.04741006920706
207.42566010301542	119.62219740474134
119.40805949799616	303.9846469433071
165.34982267693485	28.32385896555117
382.40273879869864	55.720869222237255
409.2347254879581	340.3872325085955
97.55238294583498	187.9931932153642
322.6418572571288	267.5058762187424
329.5031619679036	300.64894076804177
308.14599601969826	235.07789550425267
40.62008527402442	226.6744085964865
290.6038681099616	167.3764380784853
95.63794253922616	5.28588053463665
258.2231653892988	247.68834552564843
131.24481592608223	52.67901432860474
113.47449714978616	153.18358624475508
237.78455594377706	208.5759891481927
145.20219848790498	264.05972047851054
203.87606407676768	67.29843836995752
33.348532676592946	65.28445906198792
361.2852546397229	200.42243924181224
285.7348463267046	25.570125886530946
16.7678834049442	271.64261477048535
128.66083572344684	15.755147453439314
185.02226123124888	36.43318453650582
247.88291425404842	401.3672234932157
355.0718060027256	267.16915230144417
25.530438289180008	133.778900707705
28.596464929428894	21.041045053115813
194.04356243807294	145.73022609389307
230.75015825895846	124.15950982447265
183.12178118458905	411.01799360717035
190.87916375616183	165.43132320105013
117.27222717153144	241.88809457326877
58.44732358352728	232.88482369351897
285.82630264313207	263.74043054958616
81.84771975332761	357.0409812604479
400.8282107529349	162.46860329831478
380.54951185972277	199.33635715009606
282.2846668032535	99.57432333971553
138.0753109714258	71.86184583927326
57.87112967585676	353.5918236804584
155.02028685949526	305.9949825546814
24.48073549496475	289.8088607335103
91.97919849407384	148.762674066401
130.70691662722712	226.86493434306428
339.6319318084777	73.42596546828838
53.28211675575979	66.20766490488269
208.82160804658758	395.22135588831986
33.66988559087362	379.9690461325687
206.64373793415444	274.80962504413486
400.2458404344697	356.96274519944876
381.10259194183004	356.44009675649386
101.29246754335853	123.71367785092555
286.64731173364726	388.72983585291564
281.2086608115172	118.77945954884616
331.95740726726865	322.46996901410535
112.78698376921616	172.32539264916923
313.2461845258046	50.16973290855371
184.39935385645933	213.4882022844936
413.82781928146204	73.69868515731551
214.31426679248136	11.2081200257494
89.43190735666657	303.20759692319297
368.8915178763031	338.44821310071444
257.6118271116996	210.2282641496446
82.44972786916325	89.19679129851033
224.67012092600623	40.257549473757074
245.44513636505843	70.2572906170391
201.42363255033345	255.36463303799647
383.32034138053484	155.13513278669453
318.1314990819659	68.4767725019544
322.15129599046105	158.82705613526943
304.4522627090857	151.11206767856146
127.35417663375769	389.41535194590466
53.38107522323807	251.96478176082135
416.53800419000993	399.5449854518698
373.6877448748346	38.71487521704686
263.4692976574791	370.73620984557
192.60989298980388	316.6094728434134
21.7583213998147	401.0532777752804
312.4936590313671	119.93428522605332
337.3617522809368	252.67213101314863
212.09106615446382	317.11268779107064
125.06676644328608	208.5043867451334
260.7621862735558	190.1587568774912
306.1552477775635	354.25975045964964
326.76434837240436	405.02889437386784
0.04187717680282224	47.81672036131
204.3049880942214	206.5856544176138
8.495200070694795	199.71317697807947
367.7080617338178	245.84573220193568
409.03505878995526	203.10111856637454
137.14952856752535	297.83236352168444
198.418029868065	21.53413010877242
149.10858808937084	381.75535444212284
46.02847439791895	179.94383707795498
39.82553091328515	361.5407533768109
40.20169914542154	150.61804923352665
21.037278882897468	153.1048154113196
131.83171060666248	144.93187864768123
392.8584462113616	214.11795835843432
22.347048406084678	232.98082029191517
340.32511704461547	281.26915993056724
387.2091541225535	376.7831329375415
111.48223322095224	48.87915777480743
412.7259311960808	108.69970713774809
101.29590002369032	356.70870556147736
150.30967095046103	57.294231484559866
12.44245029897249	68.51104030101548
381.1117974662062	290.2781108660441
79.48444185056051	410.8747774306237
150.73450666773044	140.6479193790316
358.1326845977807	23.38248330291187
247.43253505966035	382.10122139210546
123.39434544267368	34.2031940034736
196.52982093839563	342.2741185180027
6.353157397944636	382.379706536335
127.20635940999685	258.7349013108542
252.1439193557815	16.688976587879207
222.00437797882847	220.03981095398095
39.85361461779448	36.5473912838482
2.7536429366140083	220.00671305866035
360.7499550478596	357.34957090159384
330.82504762009745	176.07869988517388
152.9646721316741	185.59686513357875
15.393792890285974	115.17815601685328
157.01339003397433	329.43227091050636
10.60928619646037	348.2887019419317
110.5193181511002	378.6999432164364
55.08848767805445	161.96318554057635
311.66347562768823	177.9154872240459
187.1695149317803	107.66281246578279
162.5470651920579	408.0842508759102
297.5640769106314	297.7072845307652
308.8515558067104	378.9074223455915
350.2262288623312	237.93152318698054
374.1601084335676	271.5138971168189
47.797097496972306	337.00650521822934
413.38553395754485	30.18345271091149
380.73485483699585	229.5726144506621
345.8622948811018	412.9521574520029
357.13659035571965	146.6345605847432
185.41197980775596	275.6266407811725
208.39330510350857	184.1468984746736
85.90438945866691	109.72934562580592
290.89916636333624	370.1015031270734
20.3865821655096	49.08813488921975
362.20753117633956	291.188172042545
269.99437837699156	36.886119816751126
69.17111610539432	337.86153870944804
256.75670203213355	121.16797275755972
260.00276155192256	53.344786159779694
229.31105633794408	279.70610637141164
318.3297853037128	214.7774149312169
241.88342150012772	0.06089481322739007
73.9943577201845	156.5996555097365
202.539306117963	413.9169971960097
365.6325190874699	163.62829958334035
116.64457468628187	107.73341729153758
74.16552430241688	37.7611361715155
141.55459992927365	418.8790499117462
300.5079387618603	417.63108104074666
29.217235985835746	344.0952346277677
405.01942093812005	250.80221536698963
247.60427262395876	164.32629606856548
277.4707948740409	355.8336834330132
311.8034144935393	310.5672391555068
50.010447663424145	126.25811515277917
104.26376638893001	89.6751078672087
404.26447516584915	142.58612953294443
289.96620376951125	188.32322636616945
140.1089135351581	318.9392997059128
331.48064806952203	55.158842872872505
161.76703628604986	250.24832849166148
26.882192862823892	171.85739034292868
118.6964147138906	130.97199304644636
319.323781522664	6.9992338983756115
277.62839024921334	203.0020615677365
302.17477621847416	96.31507527968984
303.5185881525464	18.45492356565848
393.3387098060193	39.95139422515562
73.32883046884007	288.59579974587115
121.74103414008819	324.2836532345617
244.17771117892025	362.5012892205386
267.6040036227953	389.2383532849624
352.1652028257478	120.0199388575931
167.94318839142358	389.68858835756276
73.6825386473097	316.33729285930974
333.0241523535391	230.20526185243338
59.51077458849781	272.99000312805873
251.0000200458399	35.37099884602924
406.26718586736683	181.43307410846919
417.90273591734785	363.571801829764
248.42619715844694	265.58925135492
171.72963269927178	347.91925596458145
12.465796978598055	304.34399746151917
94.62097528096278	252.97897799523466
171.3758002620674	290.5388630954296
15.126610102057164	252.52172372406466
204.60830934581395	97.85214021571731
143.76702662874908	400.12158907257964
53.01680891274587	386.0102668118461
236.78547372626224	345.25676102120326
400.027892745803	292.6855965445333
170.2737316842512	166.2283353134341
214.07746909028114	356.1815205167434
29.81221010657856	419.7216598774767
39.290692647435215	303.4378820366169
240.35797702561322	51.37499711592955
319.4281127170457	139.82898881521947
401.47933740290404	91.12998184871492
344.41103397333245	347.36871616589525
389.5710485648496	337.9161994568787
364.37957383142344	101.85285084921473
372.8199299757172	83.43792891390717
48.452137931840475	7.284909260465843
56.419421947829505	25.292553679455484
18.917868085974234	365.61658669511024
240.76527529901225	182.14539956739753
264.02821946988513	339.0834493695505
217.40261236367843	336.88013976415715
149.93263244019968	360.09840048302163
191.29343081882408	239.55302354940068
145.56020157729048	239.12722379900572
154.52096571154541	221.7591622472518
130.62789010439604	164.17775926336026
223.72500490758642	374.71561475106904
304.5657121455161	399.3837173169088
