282.35545251405773	351.1212464800246
186.04602687811743	391.2733439529936
47.83208478613955	389.37352544500936
265.0343204979044	336.646961350023
263.62986208540417	282.5450706512933
113.90148360865611	288.43622941084294
268.4583715613809	299.21604986029337
356.1268803733972	418.08347271429295
170.11934932438803	7.949148325121441
391.5849766114299	78.90127838672194
82.1345048934729	103.70706768893851
215.38010838341492	300.8117029715112
320.73013057350715	308.64092710819045
415.9205653128586	251.21630991165432
224.21079624260724	89.79361102077684
174.30457415119548	316.17461385984774
273.9264054414932	13.822339068336722
370.0742386027222	402.5416825423001
102.64438276116276	325.2944080769097
298.03717075295936	114.6838773709188
197.99897334729278	361.5054637338398
310.7169326052615	339.45856339530314
190.95580841053342	297.9069507820794
21.150718399344996	320.79037324927816
241.99077556445235	92.12092071589443
271.80395427702484	402.3279806223233
304.55708970976775	178.8428403404089
393.3533089958605	392.88043318719383
76.74650637088413	385.3870899674337
3.4925943269437094	68.52878042566647
213.74329985250282	325.1131655354078
72.02233508303274	361.13037815114325
36.889791256902996	400.12008529885026
100.44477571465887	55.244769796459266
75.60292171483367	17.335540393007825
330.45261135434896	350.2243559432522
19.081185887570452	0.7366888087346318
264.39718201507793	115.74704655714551
259.46840401375533	212.83540723887944
173.51451970789407	263.6465458962079
347.98112899864236	183.3415342660688
177.74290817098256	158.0352566683191
418.1248477851529	9.803656679758463
66.13622748239224	147.2768389868178
211.6439219145073	54.88728578098825
178.56122937225228	343.4502137120804
298.9819989717141	236.98414510604297
255.02838683749252	322.2490972953879
139.73944329455225	90.89572969387618
77.70208795786844	257.41606339638327
329.02802008678395	388.2512711835026
176.4181252962711	239.12511353979156
78.45887379236906	85.84121527153846
270.95603625885053	145.13684024105427
392.3052508412866	337.202934377875
12.744934603104207	153.82779961310118
372.00668531347077	143.40441523310713
155.31022241994174	64.10734264035996
368.96866237710833	374.1371170008226
188.00296918299185	46.31449698397026
105.17368964278377	234.97274477513136
383.4577108765797	113.15242676042766
67.88883039501276	220.83606544251418
86.2509844819079	214.39371068339474
18.875543088840885	63.3416892362524
412.790209396744	132.3878166231899
32.71857844921817	207.35385819922985
75.91330934029172	234.09389226497714
267.9168544453759	89.0341404973715
159.6327275778149	78.05926285685216
171.0747316860074	225.2993263739056
227.40895246112535	246.09758150192883
197.36762926356752	57.7235805998435
361.67827248216946	333.21974490652497
242.02483379492875	146.2730122778068
96.80862806865865	148.24214787765416
104.21913762857884	339.28371558015886
94.13646899637129	286.70693883101427
188.5942113816855	74.37758377671894
242.81313509455867	338.0293972531743
386.502338219148	177.0549114624294
419.46614872895856	412.78422201185157
38.853075544210874	322.53492412465204
240.07220305012703	399.64538378004295
220.9165767419618	154.97197177855256
400.2514839996067	9.807254042336664
125.81187929227387	346.09666741295325
24.505723966636996	97.67272410920306
378.52450619435956	326.8473269709331
25.496147698099904	270.17633621799723
343.1176433659971	164.49040610242153
145.26990987458237	107.20009190764253
176.10633381149017	80.4376174763595
215.10241348802433	253.71704856792522
372.3541111611727	227.84522808319738
351.8223463922305	400.2964328686036
85.89862096346171	274.42987695104443
124.74367128139227	198.56671500308096
57.70730337398871	312.2249816715459
407.09963324915896	280.6721805837752
320.1084687144932	187.87803999533614
296.6138839599238	30.73617722254022
404.28594538771824	265.606959579296
113.21347113171039	50.51748780564483
111.40664302521496	3.681701899774039
170.92592339692757	277.6486898530183
50.69453094448782	35.04416750212019
253.65496913951455	84.4976122116853
243.4220328188419	307.1858081758373
239.00042894065908	74.9981225562965
190.39539531209041	144.4096498418481
357.8011114629609	111.78593364979349
198.2405236254463	1.0328894167449678
370.54046339268785	0.8080352228875296
373.22537945563744	102.96574386905294
392.61134248913095	275.7374736141944
360.2897948196182	317.4713739562417
283.5582614709825	41.497664631784836
75.67491026398112	119.9949652671915
284.8078402192158	206.6531016000837
207.9966335935432	200.4132585259542
56.02690787803935	332.4332156223313
236.63154007312184	28.283459465869488
74.61255550977349	205.8034540953216
408.44014784441043	236.04980345171361
191.8732985867024	176.6257766995087
337.98640008190534	114.2879111647264
349.85451362195164	55.147272034602146
298.72835377425554	62.342659133511795
44.87358966989907	220.6342336669878
339.96095761964744	370.3314628169596
150.23704785281785	293.1841510678011
363.9251476974262	171.2305252325777
84.58370789692889	329.0903441201703
381.7852966252685	24.951663741484012
384.51743082412474	409.44662652179414
158.09519319656542	25.348632651236954
297.3568483516435	266.0927103058464
296.63414153089803	337.47992092525925
304.86130935939053	197.74289067409808
284.4724448918965	293.95973595526226
280.2846270176428	310.6071322109338
229.43102895572585	259.86393846460504
261.82792011542966	239.92250456896429
391.26785929652914	317.9365581280235
413.4327060318371	323.8434481123119
337.15446005422456	149.58314240857467
15.065183547892582	127.8627145069087
124.05656491225422	302.56866005523807
176.3721108543696	377.6945492103111
334.60278921442784	66.44022643077093
124.61817484061989	0.3118459566638154
180.3584944131342	129.78802271383785
191.790925379418	101.44672064669307
271.9915692892087	323.313423138877
400.74014712060597	110.00267700156813
39.517926170937926	281.53983334471496
91.96989903336636	380.9617482390647
168.79256569674928	176.03196237887371
90.72325271763046	395.9022288675006
286.53795696087275	78.9571032225525
271.0588900811487	75.75312513921544
177.48805962230705	66.09270236928647
263.10286143134465	130.9871342337099
247.79290254907667	127.87866780700953
326.5689777907258	367.43530416092483
2.923567205777617	291.13219109365457
271.0816601166913	416.5575606871911
279.97806441800077	63.40070040155333
185.48082505916577	204.17901621570596
228.028910188852	413.7941630718612
396.3183213015839	48.01504705191831
113.01275001738787	352.5749081272096
93.6100682471114	257.02198844072944
314.5901956784752	89.12126246934558
150.35960885532845	347.3209262837812
378.0027271972275	389.9815857098949
84.53384713056897	28.684061865370182
218.8239851256994	135.1303710658429
25.217330232955092	226.81690440605684
320.65877174581345	43.45191183574376
326.5315588067431	213.91618040828294
214.37979629623445	376.4195070470245
52.048725377838224	2.497313554870987
283.9893225108001	127.51949212343533
199.10133437986588	236.10928026999972
53.08888249006525	65.98290667897447
231.40149727766558	57.61831657131452
331.30966170430816	86.18982290393029
176.71090092059572	98.24322042803841
321.46037078317266	102.28370519477131
211.57163204172318	102.52525147186806
109.35455574626951	312.471613134896
181.78274555062302	32.340704438648444
369.29023324040014	52.978092001730325
400.85912348964655	349.196010766994
94.59716805042677	197.14674484598646
324.0993219865045	276.8363695118403
346.7713544607301	326.2820234376353
312.10289346919	240.77468278120563
38.354818091737265	244.09444740039396
291.6344689783989	148.51101073131184
105.08679638229007	403.1614662419794
265.9535959706784	268.9282553902677
147.67845034753165	40.06614497283219
116.2015988054534	158.01556766774468
256.03523573431994	193.91724895689603
139.02282268521628	273.55216298139186
209.11171943033796	69.92814658595186
35.500122970990205	42.55265445307029
339.6935630027915	202.3963947692233
282.46791118669864	24.79205777174184
16.15430771242733	282.66676994722195
132.75210965451484	11.452712538403691
192.6588931472949	21.55246678008426
252.6710310823036	413.15461430294295
359.85225550114137	269.8160303122506
2.3981565079379656	113.35767410427819
24.9848714351251	13.34330574968563
193.334361375299	120.23401272067984
222.42322832430847	111.43578920160873
180.021819100821	412.6054125638331
206.48113620375662	172.4890235708568
117.31711486813239	253.836393824826
62.19253087599087	250.84192011056777
287.7643821744385	256.38083363418065
86.81098744913031	348.0351344099226
406.9391016100841	160.00531747765945
371.012730256521	188.31815880274596
282.9246114136742	95.24461135800024
141.880108930951	71.94669878141491
58.353025645082504	351.7185197002359
146.85369328389103	320.3692779477619
23.789659436605994	303.3363131232188
110.05324222505347	141.64209073975016
125.25640735981551	240.58435794731383
320.7898456100866	72.52704554674203
46.830922959031206	50.55572073629656
208.00183862732172	403.24770879343515
38.04633262413248	361.7127975601885
200.53992038801042	277.4091332967102
398.3805697830035	364.59093335696974
373.22772576281375	357.45880289837737
117.85795673743642	114.78979163251195
291.3681894036859	390.66142305355646
279.0293196694165	111.94395556586805
329.85402587312046	331.08912865891443
108.09452357300076	192.8765599307818
306.56209186192524	46.042639674116245
188.1854746673457	226.88406060665207
402.4459032770395	64.0122777124602
231.94177303146506	14.937240770554919
89.28095974448978	305.46481619712705
359.53552605148724	351.3443074859545
267.6980422088839	183.55578605790998
96.457371096772	73.06645283235727
226.03651309840123	43.861936914357045
251.44889361283632	65.58758591598573
193.92585405596347	264.75104680262785
391.5762419972771	158.10297269876625
303.84613262589176	78.10756479471524
321.7804549550255	156.66379033635818
303.2137716016627	129.5804749251713
121.61467080714775	381.40292784702376
50.855699144695194	258.63711780529684
403.5615958920583	403.9837290649877
361.0932131956229	17.906809609847677
275.21287966923336	388.2916326070895
189.0787276275277	317.83469234980254
15.665024224850953	387.1827520808206
307.43712717295716	104.64264447820213
334.11717734007266	260.2296257838349
206.74417719075691	340.0406946108978
135.92929632771146	208.2097099323155
268.1062992961804	168.4446205308501
303.0954040148555	353.61475722886587
330.87403074950356	402.69712034611007
411.3047673621802	36.33288842464103
203.3893792918269	219.1931862282293
10.27768387636364	212.89264735081753
387.0900452922453	263.1881177075083
410.6846342555503	219.7689828300706
134.8820718878727	312.90617348401514
205.01961682946416	14.120067458014445
151.46844503121602	390.4957780333928
60.406925246610776	174.8812736672098
15.722206758444589	352.50155917703137
41.49375127389003	142.25085451729956
19.183472371066628	141.64268888718115
129.64337903867064	142.93528926518562
386.94443585573276	210.56616832985475
7.739296033912634	243.21037517841017
332.2757490780161	299.65245992085033
385.12315838941674	373.86603554966945
124.71213181799945	41.107325214488746
388.2314555870628	93.48319482968499
99.43051260363322	362.1728368948691
162.46856523172843	46.00244958190764
14.739089557612052	46.61971399982932
391.4649961155235	293.167912040337
66.57156323233346	418.8539391917731
161.38960488568287	108.97623140975674
343.8015985655473	34.18460255390185
242.68012446355462	381.64863057092623
137.18903406448717	28.851865360771864
191.5208805230998	347.943961201682
2.486843544990879	396.3689278815116
125.21871569343362	273.8155182443071
256.2679729418191	14.57876376202162
219.64326855464014	231.0340436587127
33.04052952786146	25.491270775001677
7.110656962326871	226.51871498712023
354.59032555066165	373.94918843886546
318.3603609950604	170.53601814384402
143.60872962977072	188.7351015221435
418.1786413799971	95.12868902644557
155.1312050655648	331.57972761722937
1.8780471631114883	369.1422547643803
114.61168265882701	369.0785911647108
44.58718957057597	161.37248630824269
302.8091196965514	159.65208464450228
198.79388267544638	89.65461043354303
167.20797663420154	403.1686008037322
299.81667325557294	314.85529551646755
306.77132164978616	392.3663922068513
361.3536197199059	245.45806228803534
362.30848233454674	297.2131218304992
29.935173287397795	347.7097145100877
3.0617449311523304	25.04225615753482
390.1893967392763	237.0866505781864
343.78326485800307	389.07888455186145
351.740079824092	127.18910310347383
177.90117498534227	291.99237216463274
230.4826386637607	179.81253403430256
107.17162986324601	105.31453301138487
305.8926808355825	376.90443887491307
15.805583078380772	29.983573421482685
380.5363450521888	306.21217340348846
267.88679765047675	37.8533287316878
71.184776878978	341.8020107202966
258.71523221437366	103.05942158333522
266.35615873093025	54.39490204012232
221.37483324274422	281.1781233207722
310.13201076093156	220.35525456647028
243.64734237021693	7.499228438529348
79.5616030245262	144.76496613568062
215.61951765357895	5.124024329487985
348.97934533768534	142.55440182758346
123.75503999051855	96.95058978474665
54.573427720150015	20.734374535852613
139.90670259724635	418.2003989315735
297.1367166535037	3.4703177300604744
415.7194990539482	337.3039725638721
396.48472255106384	251.29861058991912
247.1630283138218	160.79656087464042
292.08397331622353	369.66532970101935
315.24073597270853	322.49911473623706
53.90781281457733	130.01320689502504
124.5763112004073	70.46857787844823
395.46527368634383	130.78825969782784
281.00312925351903	173.33653737178886
135.658826843904	328.54908272507623
320.8833553856093	57.15118305357117
157.99514164470654	262.60215920125904
23.716151142055676	162.92413632156564
133.18057345741116	118.01688563464347
319.77499225395286	5.1637032338271585
280.37726200324806	191.5031086193008
298.74836005576924	93.31545903846074
306.9624107645331	17.06023910757651
397.78003702050376	33.65360825052248
67.80234173250675	301.91252953832895
120.99716495055874	330.28697251459755
247.4170928482423	362.19371626438345
259.956687190055	391.7673745472229
342.2160947007477	97.07715474049819
163.23197179277298	383.54417731687107
70.03895323780633	320.6828982084529
336.2261142032969	236.4194862799663
55.3956493171757	294.3265663492061
253.7148945957919	39.703834395964186
404.8286583877548	193.4045554858959
407.1259998287409	375.3612607843681
243.83209382480743	264.35150114656045
166.47729320899583	353.0146076360731
417.9501945091961	308.4344855876186
108.22273237312979	272.97017316893556
159.84437512687973	311.3120797077536
16.267163357435063	255.87736735926129
225.22552850972892	73.64434738892184
126.82465952596324	400.3676504780029
57.56368939097885	374.3487702559753
258.96269779109645	350.9997070459325
402.4677103271337	301.3695413267008
195.30300599157675	158.151950170976
210.31423149563625	353.72156201711977
14.679670695171756	403.6615780452666
37.99308004418117	307.7266657301265
243.04266509311836	49.20322028161409
322.1758333650485	123.89441334402822
412.3718748050131	80.91627013335552
344.18706689199263	356.42300493605063
378.37893790484304	344.11893533783564
350.53187200223374	81.42947143628444
388.48670341616844	60.069701841741306
47.56426798135265	408.94720461105373
41.16243181926263	12.007753809827172
0.5570282581472981	382.87293603987894
243.22474926906455	173.88361836268956
258.3426727198235	376.3533334367668
229.3763669667498	341.56424913107145
148.22119293876267	364.9270595756576
187.89270985918165	246.47248791618313
138.1939808256963	259.5423623441249
160.37621573757315	247.88450542068898
152.52382374917133	165.70511179385423
223.3274385647767	386.8416002028618
298.952166735461	404.1528482274065
