216.25099338923803	63.74621665429737
404.1604969865228	395.4016165536233
375.93320850082415	218.0284644414423
345.87272551101347	348.69922727499414
410.52331028068176	337.0047043789598
163.99224939913924	182.34248281677887
272.66487138322077	43.8890490387403
98.85924466555403	389.5230366433457
168.36549447719403	323.47996898997985
382.1084422547921	69.28160189545025
311.8765889205905	45.22155399756149
233.08411817226337	158.5221634972577
379.9543686422306	99.87414670747349
212.96360929237713	24.209743544836428
403.90433640560394	24.24463086174231
135.7110614461953	49.05736047456038
23.38058868286527	159.0627956117235
337.0740542730613	176.5999291902768
260.1854105251926	251.44950954264965
26.81884272307265	178.979465595427
161.2362080891318	11.525937147456853
3.148626986942731	25.931891147880332
116.92870548662168	237.0851031761197
129.0817956556365	130.09392997871652
302.66549771523836	148.52988174540155
217.46124776333235	317.71088993653274
76.95916890259052	300.9749436221252
201.26997048174206	103.52050011725201
120.08983507975277	113.16290248816749
44.70383178772795	266.32880657092227
269.0363201186704	376.42369766021676
236.2130440890103	177.6222235853278
235.24782056630022	309.27480646531166
167.29404725653086	373.1064591248669
156.47500381873664	58.479646960364136
17.346872525791632	368.35944626859396
101.75113795597467	127.3966159127429
340.4889752866662	88.83286170203142
182.5607269482232	188.43000021654345
297.95207108792033	363.5484641048019
35.10981326824264	5.518840860651639
88.43186913289826	188.26999435579913
22.70355015614705	405.6269008035204
206.06492969445577	337.2253653759398
52.081626986873225	93.28578462292795
155.09336159804496	98.08242782545433
131.8135930277843	336.8513104985109
244.4747934609632	136.55553874287372
236.50757067660464	60.258421020865406
260.3875387364409	177.18336680906228
371.4389006308761	297.3927013431519
165.27652634933744	233.5101683150069
288.4246286090067	406.06292590519234
139.75975803535587	19.917643596932773
81.04074262367352	280.9342331358544
176.003802768198	41.1337207126957
415.14731619687086	375.83560751211274
368.5161664628377	236.28580374964804
49.27812370714199	360.68974467191475
413.72702420240404	82.05767943332337
42.76653777733305	288.918043314048
101.09969424215686	221.6427539617123
201.56530649748063	357.3561181739002
238.11775852719214	12.63944441389231
271.9608105218804	205.84839763250062
176.2834094164329	60.62605735494697
334.9201193841869	217.32907407556408
330.1317527843632	242.6497907810966
196.70143472533582	210.8965564654109
393.07312006092775	228.2480349314108
89.60647014025876	14.01171474853576
204.31979295154395	189.54071630309582
255.6094086010391	312.44900334357345
96.88055666979002	146.09145766012338
369.22716314906313	370.0528667275245
344.20159620820533	66.94149350304843
35.77710534004405	34.194711570423834
405.7525131517289	248.85095637429797
72.35808453003457	392.8945004044966
292.63111824788405	318.84186043708104
44.899139299593905	191.34867084842458
207.65988220548354	277.2087273355028
240.8148471678202	244.55419161839285
75.61133522722419	31.03204401925803
10.277928927819616	285.11087677780347
187.7071878719652	79.30786612311648
389.8772659744675	146.96993621655608
260.4723539332006	338.8405202243258
291.81999014469847	7.24911003713906
392.43994529027566	267.02750822929596
257.03319566506826	73.02926016477183
278.46070416047087	183.13492630809526
305.6089799708236	414.31916760083845
394.019348087017	189.7268564898115
374.23154611714335	194.29196274068272
383.37391917443017	173.51894171581617
285.33161159767695	280.1460448290881
305.8841315877075	391.87042217045473
236.3190999007562	369.9005538733887
19.118375994720633	234.30109187977985
154.5959812575118	151.98072558844294
306.1821358755469	124.22886964977565
383.78401703917126	29.790227493447862
67.11346298624781	264.1938093963571
57.41262606335043	303.57512504544275
268.6022738751023	230.253798892598
90.07788730845544	316.06990643211276
196.4362136140774	54.289712857796644
321.70158490709775	402.87947345667624
355.7492617449741	100.74043597359695
234.50409613069527	279.8704555867943
120.20494496204662	24.59623287713601
257.16460805513873	12.553501634689297
346.85646804068426	46.4279155942044
219.9828322902423	292.5370171371886
264.71144506482295	269.9542288184365
196.203532460956	35.235421689683704
292.02227566949307	200.68371218535054
321.82211102605464	71.03230697672336
268.66140002762836	292.17708672527476
12.255184400558157	138.351552866755
166.65498696903487	350.5359343144596
166.39599942271866	281.1111680691083
237.71487030269714	117.14930860119995
119.4130102747189	406.5571521018848
415.7220694770025	121.45413245051046
418.11255402527405	355.84576135745016
367.0564974846624	258.9846057493458
260.0006704206225	99.57024965915757
217.4718510040161	381.2713785229134
171.20522174785077	119.36176658508433
350.2120863574615	8.391863649152326
201.02831246698068	231.70097480113768
164.99816577969486	412.9288403217066
2.736448280942664	65.00880099165919
30.230711023708675	354.62807494000486
307.93020789680986	215.5657266187298
23.972026436561023	321.2954847968428
107.0357027032477	63.052412331755185
289.6201468818193	381.88567483954944
77.07386938369096	246.02068409888213
366.4844474720409	407.12667006518217
135.3966369607315	159.69559390269416
242.49147335756928	348.0721883701119
146.28472914278962	194.47829911797356
383.7226062929655	391.29975828187924
321.78527000983775	28.98346214054321
196.44229784082904	315.4081437847951
354.44791752102225	273.29744903785087
273.7677437821513	318.3681777554222
117.94342543532717	384.8169886268567
343.74900778093615	157.9091640855352
416.53543121600006	46.00859494781306
138.20631941934673	398.5354682444552
418.72971421779965	229.82749319747393
16.664029819084423	41.696862154782195
115.25792123758308	42.8211784674918
154.61478550816392	250.49551768964292
221.35714345642742	351.2331337981638
140.91057719569577	287.81543328904615
406.9225078058579	280.3469011826651
147.77167984322068	76.81520223575816
274.6464176229487	22.155438096866234
42.39687044393007	53.55204455403612
308.7832777055599	334.74820533065076
398.7412509841927	355.59560396333575
113.49567946107756	81.3736094510943
341.70958122817024	320.87620724596053
30.61445968629183	104.91456245105488
221.7732637651592	97.74891154239629
229.43086992559168	33.37862330274058
86.43783866201252	111.30451295621101
130.5897648801986	272.0775632289015
69.2047769351649	80.85404608337647
82.14272303853808	227.20902069818376
209.54302724792345	398.7493365261689
156.810782598767	394.97208522292794
377.01104575131154	278.29167942963966
295.5106658740707	167.6051940896052
415.0182090692724	300.52495170157107
72.66175092596696	52.07358887435798
146.21482103089758	175.33982541962988
178.09691573536696	298.9992925940619
91.47112995023718	47.66561171269905
279.44222017599697	97.89613103662577
133.30152488281303	252.02644487183895
34.5558808581805	210.69419531445317
4.3915708579883415	166.69952858065972
338.7600608388929	110.2959702742613
274.0575451059435	418.2425992900857
43.40599893325342	169.26936645028857
362.8122140230819	121.3837105906901
21.67400084359839	21.564814259473895
86.31948115527676	167.11855231366604
195.77633853000083	376.3064039378065
325.5329570771858	197.90803957870256
401.2377907198098	108.03061547956086
146.87079055979103	216.5938823281782
224.27527375179767	260.7700415578394
363.8520552004516	62.9081260242637
108.52793880342634	347.5569069788082
83.12452577244741	68.01380856279809
110.67899354887695	262.8836947328661
388.09262856781726	333.5421087545764
20.823022255272896	302.23105350169743
307.7543530295026	190.22330303942846
50.58966157140057	21.592187529895526
255.43755423330245	53.40994539882878
168.68006525733685	82.06748694116695
325.2121690900528	123.93869386247391
343.7429388427151	132.82929057402438
395.30835715126284	86.31506680852306
124.70167641655932	309.00936743618803
71.66102462628442	323.3443429200833
329.05782433932023	53.4309808580658
172.1588530631456	138.37012256385663
190.09614902520636	119.49351276910934
303.2005642669038	63.03990329547886
57.388789909219575	65.55987563101763
320.8998950738802	261.4169600388379
355.9201286359429	215.8770792671392
381.84702938855116	119.05878242447764
344.31210017760725	199.31406576975715
413.431058449756	143.8654761276779
316.41768739686364	169.38775493006054
287.793196155656	79.0491963324503
66.92175006098617	169.39823855231992
213.72236344340084	44.13850162949681
277.32105017818714	359.2803417473178
385.839344063398	247.5824261024552
172.98142736263353	261.06520458137845
417.98323330237065	264.8132966170099
306.50849150715857	82.42175398434536
127.39727002657604	5.2577953244469935
233.39260744492606	328.1290733641192
339.6770157855578	409.01835573431384
88.73636988314378	263.3558642197301
2.512107223361543	402.9104167534564
71.54036469217617	146.26776689114982
108.66232700270892	9.672863009860944
206.1277578453633	133.68324913570711
52.3661355687652	248.09168967099262
123.00347553844986	366.05599777438886
222.00517801518592	237.58248620184713
184.10088736147483	243.27580541690992
419.1211614626569	185.84358014310692
272.6287891140259	395.67320896083913
225.55351117644938	139.71336314097215
45.60445064281992	396.8083272602946
287.1111269061463	118.52506543614622
20.046566053459966	197.6059287752948
150.92674848041358	337.297110604033
5.180396832411752	316.96687109504745
216.88506934587798	174.23036415202907
186.34097645098848	4.817795014798366
84.67754825051554	91.55631738780822
308.9196236761083	235.00910495096025
66.62094081011159	105.82698797294417
313.2870517258058	284.8564812899111
371.84946614148475	45.04578460431957
12.73745027165453	252.5093354509032
149.76186923209895	270.6356168996768
356.9397822031969	181.6411258559655
196.29623087878358	292.36804897929784
197.59354476855503	170.66657872975026
98.59409521443904	243.59200391677211
15.898359813811776	387.8260164551446
101.29767621845356	29.353079702549397
174.53264544680218	158.38364367924484
186.5577344957816	331.4733304770709
258.0639251056912	158.49529381805797
287.45936324280456	300.2820811004902
360.217938523832	25.050750837604454
192.11897021928618	148.53712788402044
48.6326219881801	113.4000621905492
288.29150484675046	337.764810789165
12.281885903839331	215.61790952907427
218.81426910509526	118.19631615376746
178.7990455997487	219.17159192601437
348.8467469213872	235.25730881067872
68.39848943494192	10.752116358675453
12.804862317675617	343.1540498296017
57.37000938405459	40.12299818334828
183.0637571783427	361.73690110426645
127.34067971047244	178.5417938172805
280.44474371214966	256.8661938580226
369.48898522179957	7.115720380558415
68.64243175976715	189.36355770022467
250.03910962886096	383.97137422701303
33.841974748792744	380.3957478790479
224.94577593283	417.24105693666627
35.96130041569201	127.3444399380799
4.305726258231502	100.81214408205801
38.828240699867926	309.5195456478819
346.66780666881	253.96167750560642
52.525612265324284	152.54985221461334
268.0358601600886	121.07911464269853
143.11072233591364	374.62402570508146
205.63782271435622	85.03933527078188
335.4632895525421	274.055353773491
248.9713918577428	30.662256557544914
346.9319957491176	297.41652361226744
7.303399364459599	1.1356274136544853
335.6948216428943	387.8351426259931
378.8107938172747	353.8210886142112
301.8844082635435	256.17047996109085
145.74334343049418	418.2798755055396
299.02953609355484	101.70605230246835
118.29649386603116	149.17169180621687
60.845792210687534	130.19413853377097
372.39268673149115	139.55836586579568
389.989132956773	10.862365270815737
179.8001253420516	390.5992542748977
311.6451279886401	12.533591168329721
52.43593092102574	323.1868776083678
124.19908289619731	216.87812397253276
245.63716723988475	263.47802808788725
315.78475614833457	372.65879521444253
27.010608844550895	275.6788214076913
233.11444190582998	396.69493505810743
298.7028458161229	26.679601677162665
254.42943405435835	363.9069589634657
403.5925166656158	65.27109615105245
286.7775440266505	238.67667488296607
226.84948491845748	79.50393039716786
289.0580736852255	219.3617218397529
41.61636362141278	76.14588803185556
254.95190658392943	214.0182174409731
307.30565995924286	304.17895152130285
142.48910958263124	355.50741257982367
136.59417951188163	233.12563341938625
32.80076779651298	250.1051803581252
129.1755596391154	68.07565606359093
249.3397048097573	293.00072599708653
393.5188047649092	294.990379991267
369.4708237075958	330.3152405912677
87.4114594068422	335.6006615286184
203.64763077731902	255.99930959533705
37.72613778232518	337.0276658037869
340.528139059401	26.14293251115041
99.31869333961922	410.9761745614234
326.9457319784127	299.4675550836641
264.745984438256	140.3399366032682
82.20266403633559	376.6945852284205
363.0282896631535	161.84884500840417
388.87468337232906	411.5214607491287
59.50480031016543	377.2347874410915
397.48759772532634	46.93072097454093
151.14201603676898	130.28669609848353
406.1765171496304	419.97823067518556
24.218067795480703	86.99312759757032
332.9409474141287	362.74543468800914
291.98143506424225	45.16733357996951
104.8929000424861	100.32955529841307
59.131002367581324	342.2113963135926
205.50241392533434	419.3071102353174
159.0658019683014	306.8530279317617
322.1073345415047	318.16835772979636
126.75298906945326	198.02948363814465
238.89180312039358	224.49761893496978
329.06546146989115	335.9270745235828
83.01308547435468	207.6539408117595
61.422043481354244	230.4525574463647
210.65691142215582	154.1267487302713
61.56421549268317	282.2950143106806
278.1635651344802	157.71278266991916
243.72593176587188	198.39638130241667
25.505686105493748	63.290606447803654
80.27742818887411	129.4800027661067
242.65332308279574	91.07812043936511
323.4878057961223	99.07581966676292
139.2148678312811	109.84947796466972
42.241917802524476	229.10750096936943
141.7830670332692	317.667863764324
79.81244295420498	411.3030419540174
106.23475945778178	304.8451606412704
119.81891550179797	288.8026872451423
104.11972273919685	370.6752953706652
218.06081504300508	215.602931948997
106.74614587143657	183.59454580311328
191.38074547201126	405.905474990553
106.76879130341483	325.54828962765737
275.5421769139717	62.69961728042024
315.8371269115784	352.35173728700846
395.4013359507629	375.47161664637696
166.0820077128269	205.15163231732134
189.22926545572426	271.4584650173271
283.87502520348204	137.19969907330363
358.58148478963926	388.4312167152055
69.05352416511357	359.9904320646056
60.114521334030684	210.9416229433036
404.7511167056585	163.33592707368308
331.0483277541926	6.258400536128989
360.59810242545063	313.4104844557409
364.09834192070707	82.72928558274947
396.2342441140728	208.79284400977932
101.60198118530849	202.5290787847604
106.2417152104799	164.3221197568338
102.7474150669805	280.269687352826
178.26161450505697	22.4335916102657
55.31567672734353	416.85108316651855
131.0627587128799	89.01339715617829
382.9773696772845	314.03307702229876
322.412574153241	147.6777743470607
415.63859986444	205.62172172626623
15.883063452299965	118.43166812704833
404.05732481631844	318.67701763644016
349.7942527892292	371.7145216480382
254.78766507891117	403.09101276116013
182.95923106502892	98.0818141315272
223.5976885873093	192.72308341454385
90.15517993488669	354.3930090684903
150.95034018505365	37.43918677041872
