285.81386399505385	362.2816984075871
174.79221467583034	415.3628219659251
67.88977228206997	368.1387754470925
280.601424555233	341.7424721545197
246.24034852220535	289.9144144282529
123.21898226466897	285.53642406103745
256.4343760256777	322.7649638208056
357.87319823528634	419.00320165218005
155.17683041853323	4.640972150723148
387.9888871844653	82.17105358172854
100.76706878850699	100.73729947722981
235.52788773148114	322.47270453020684
332.33630236372244	317.4322451932752
413.1680821617824	254.07567660418232
217.25934097388642	97.23321204700332
171.50443413200034	301.2765844344097
267.5421844085337	417.1096178189605
370.9026359845839	399.81466167997667
98.6632347025385	321.6819856130209
296.0936921961386	109.36809640415737
203.0310836561958	354.92724965221436
300.71571534116305	335.96010915175606
190.0267545566446	292.00394025721454
30.71650416439604	328.575756363026
236.65668063834158	100.65948496483043
271.8714741491351	391.3234149656149
297.2425031714181	182.48734392619485
386.0693146507734	392.5912340741817
66.79793973150316	390.1855744455649
10.29729284289474	65.74613252889661
203.0216624145082	317.7635491733687
80.32282828962462	368.58413392037255
36.64171363369774	401.32479991546546
88.8189987817762	51.803527029177445
79.79897435839001	18.035795124564284
332.5733224565362	356.27330011911266
26.53724057127676	418.42547872224833
253.8372559973742	109.39323451895706
277.0009548028803	207.82749364405186
173.29044978423278	259.7338045611345
348.8359596582606	192.58188223724434
189.995312441223	161.50436899398923
405.91661542617743	7.568462105037729
84.30553007014885	153.28037150975914
213.7847314054836	51.409736068349204
181.0373692590321	334.29677451287984
298.6097764384821	240.7174270218893
253.5896219025292	332.63238179899867
130.2131392591727	80.10866355989462
88.11863577076313	249.95622157607622
329.7494760116487	374.00098802563423
169.45597582978866	246.66693007144505
79.81473535698214	94.49933562268129
266.63283500899894	149.71774328303047
392.9587587901227	347.967513829317
20.98997143419517	151.1554465540691
360.5340796823074	147.19033075936804
149.94602076156733	52.934456580344175
381.56096662606006	370.7510717042136
183.153681678885	46.01715327468869
78.46010073710765	238.49277558107295
369.28592840589886	117.52792997179705
61.72585282910253	234.282312982094
70.05569887940301	217.1821440984691
19.885247946843343	71.68550157960782
0.9185539574006608	126.5088272207566
51.42427662045247	213.5531916914305
76.70842004984297	224.6274859438005
256.61606353123517	72.07699670952414
153.53116033491895	77.51250005534177
182.77295043728634	212.34849539471344
232.72877019958082	236.9690827903505
194.4918487580506	52.350776072214465
371.3898237685689	337.20420637872513
234.47461690797604	134.3267489616239
99.6283049998021	145.20225125982154
92.02901984063601	342.0245017234842
93.69368105344331	295.63239906503367
197.1160691816641	69.85437692666122
242.97215877471535	331.28838349154654
384.2734670637043	172.3654399771518
12.909414488112057	401.28142807782086
39.25210298175795	326.222607898109
249.56890202790757	373.4600131869963
216.89268998265243	146.577252032854
397.9727171252115	415.52121815436834
134.15287632023055	340.9220057595011
23.979700365860264	97.62286799246166
398.19814250792376	322.0637901716172
24.366460982297053	261.5857645030276
343.665482442726	174.6807636259961
150.54464140386725	116.22541192851146
177.4029199191482	84.3159104447596
210.596586218863	259.47600050023686
362.6391818338757	223.9968659445426
358.5398093561513	409.4506066592187
86.4039864269015	274.7763941068747
132.96777632726761	202.86586527191193
59.27929547827916	305.542231821107
408.5677563893637	272.63874788344526
306.58091824870115	187.80130219591484
292.5334467584486	43.6127924000502
404.5575260518243	262.9259701748245
112.23529180837073	41.19224809349532
85.96086244739716	412.5230810998062
153.6211609717682	273.1734171482216
54.08726526909336	29.26429419750252
251.21742038791936	84.07930857450582
242.4571252211101	297.2314000316255
247.35671245296234	76.85511893852026
203.70705992397953	128.1854296027593
357.0393245796155	106.38041229452533
193.53616689111144	3.8830202557049738
362.4602894879928	11.08142111569245
370.0804758949028	101.37446926485129
377.7942938357727	273.05432456892686
354.6489390309046	315.9367840985615
276.40962028024455	25.644750492223373
102.9865076954838	127.04106067271505
281.5303408004837	199.35521423323544
202.8418571724651	191.3312228097545
45.93321336793101	331.3719534135835
243.38842363247613	35.592463644559324
73.93150219277166	197.44524830616712
409.1888049892142	235.50525271536662
178.79143762341434	172.79582718150382
341.0158282429718	119.08279179715062
341.5225857603991	74.24489514710524
307.5602385752529	64.812164479262
41.56068948326679	240.9064142904122
334.68810665253574	366.31087604044774
149.12899559430042	304.50282674708853
361.52932331013005	156.61183498793932
80.13652169089482	338.4607935265487
369.08824465856037	30.16789653703389
388.220800810634	417.0974233296676
169.69463796432984	23.28930732633754
287.5425506944951	277.3882549704693
295.82566394327677	343.53468436806537
302.18203585502755	206.42104563682756
301.3358801910269	313.28736053681985
290.1784313868204	329.2304606641336
234.46082376447666	257.8863724635353
266.16903124741833	242.17670984938943
384.3028876575871	319.68523293907975
399.3310232014745	314.0408468634335
344.1873097026989	142.92737729109498
26.48430405122043	124.68193429089746
127.0454047749215	295.5781113558043
169.8763294319573	391.81893203719613
325.90399315476753	83.38339620267924
117.59537366704986	409.1829593288657
187.9241752489463	134.65616340404677
204.24293790499573	107.7451663023883
268.97129793379685	332.99984840012934
402.46142966249624	104.19770753837415
44.27329781758188	286.0765734330038
106.88171495199808	380.01273623999134
163.89071756673872	164.07191875375094
83.30611652105982	385.23684846145756
296.9824135201432	77.28473963031816
274.3806897678862	67.59814487409994
182.7900159605769	61.2243059966714
257.0715779244778	135.42189351744437
253.42096708680725	127.16706773942904
313.6517330210045	360.91883104674673
414.89363799223094	292.8039187299869
274.5743102427511	411.13552634274333
291.0078693511675	53.72682092252051
190.57465001563668	197.81094073973264
216.53704657281466	5.421560412675722
394.80826912465164	38.924797915198155
108.80898990110192	342.1850183507508
99.5547447508256	274.7713565788271
307.8864131556316	95.95822527268905
143.72405624209372	345.12876039965226
377.4081130306699	390.53110985022516
91.23820440411163	34.12259216607821
214.9805691947048	119.17548066686078
33.23304762584611	237.72273660189208
311.8986581855389	38.28829773288741
316.4751690862939	212.23205304466308
227.59681272621282	373.7176006237728
62.04025221920261	415.7755318581788
285.08204410178286	138.15629020798988
204.99555427812257	236.408591366664
28.27881427256984	74.5419590336386
223.16347207963054	60.73844203962783
323.50923664114504	98.17825091171173
186.26353326525842	96.38327043645533
329.0354308052049	114.1767640269865
219.99885223323483	110.45215039289398
103.4324833681458	315.46991054883387
175.71609555005938	40.57851507208986
364.9724766793734	50.75753263276696
406.52212451330905	366.3151941207552
93.61561354931183	198.05403602190975
337.7004960792242	271.0621437540767
339.1545509035741	328.39554963352407
310.8047814525099	252.46661793850686
37.26531828996072	251.20745590575217
294.6307725977108	151.03275302108145
98.96753716251234	399.86576694259384
276.4152910445041	254.49408069561972
166.3748982968569	41.49536390945956
121.79594720474547	170.9936891181707
265.0420867443615	183.00657699285264
141.75935216526995	280.84873638895414
218.29360561287183	79.44197646871905
40.93486575368612	38.55147549639982
334.32694929541503	215.0797557030691
287.64549845246484	13.216582460294518
27.27650925235756	274.11499959756276
136.21969629360905	6.183294548347197
180.9612529296146	25.766785284256745
255.99327417561554	408.3894502979865
375.1124162251922	263.3623634065426
15.777227890060667	99.78543823402441
28.574365495505738	6.45864364498836
198.28989147535026	118.30535837272481
245.7581134563741	113.9173249715373
178.28129378098868	14.06393952684407
207.3609508325744	179.17334259372333
122.09123139304144	273.4462282972875
55.07141901594756	241.94155767605787
289.7234296211053	260.8103693412968
89.35924344021024	349.4626433693554
4.930517369510249	166.172168654487
360.4743085687216	175.0754935680508
299.7307022427791	100.15456116825902
135.74991858120254	73.09394869513385
45.26765867110599	349.57399477387014
144.4386496846423	310.80297946339516
28.842487581536798	289.97438490345394
109.66499345644301	131.31313341530313
134.99911910543477	238.20064658996628
318.14350785212946	89.35950119819792
46.41876653031678	56.11637762109972
209.87016465047884	412.151714425907
40.81366755649881	364.1498374064643
206.3544740877668	283.1849447818971
388.456477396731	383.61678414577574
388.48668383783655	356.3707482353747
111.13921087724209	122.75877327744602
284.3896858110483	391.6929557928898
259.1609537835752	93.5865414891639
327.963406447364	334.54452338275917
118.14992178928975	197.61387637693818
304.05873788607914	54.92793486125913
180.56227884683784	235.40557469921495
407.08329336538736	53.579892816325575
238.5845661498405	26.02045239314889
83.25270392995574	309.5304962241065
369.4599777105044	368.7103192030671
264.5033919115357	166.85501027778352
112.51399565903738	73.23961747926218
227.85061144610464	32.435804852435304
248.14426706883788	68.64448738879943
186.5335417308878	281.0270238194339
406.39983555943473	171.9835996379514
312.79649094852715	80.23091576554705
318.5771848751376	140.93023812009108
310.82819542312325	115.98861447208517
127.97157686545872	394.96441316468565
35.574093364558124	260.5220138874478
398.5491811760298	398.26431137645136
359.68715059454917	24.191990485877728
279.41982077800924	380.9036057774938
195.05454289560544	315.8053759028295
19.690704028101518	373.6082465062948
316.59496205560725	105.37181485162759
338.6329413706263	255.89908532646447
208.2920787995764	341.42671181156754
141.53602333643605	210.54944780813042
261.58817374320813	158.1362121624737
300.0754265270475	355.5102713069343
360.2235221203367	393.2256780793759
416.0637031152202	51.74001534973319
181.780608349968	227.4365004523913
7.238162730275909	210.82052340252147
396.90245433627865	269.1911457551701
399.66472281316	221.17734400866598
124.5274622475783	323.30105584932136
200.09042950806094	16.278012985550095
137.88287393930105	382.65502422559365
75.24412096133015	185.9601065409442
3.995374755104084	348.438942062542
36.14247485847513	140.07683499498185
27.286104319950866	133.9737004372315
122.85734155187019	135.52528703656623
361.6943222342425	208.23838917239183
15.963964184386436	250.2013425780663
318.00917621062075	304.7195309583974
376.17736739289495	379.55960785977965
135.49169183516463	34.469687871556374
380.93279236672294	87.69487590075452
97.24034893670272	353.97202329696927
169.15051580321023	31.459921241849877
15.145818163751896	42.73297262056657
386.2133786548555	288.5839782843075
68.19648507074143	409.21273732865706
172.86958141987947	115.40486642226723
356.3665936523606	50.06728546352928
232.84911420928898	383.5848071890178
149.67912125036992	25.362686900217092
185.18948264522837	342.4596418237447
405.9984845185593	401.34951134828987
129.8568332809039	275.7973287610886
258.3762542288788	1.170499768657812
224.40912334896225	242.24687573483277
32.06858676550649	25.756992100973648
16.615414301928194	226.3772305755739
364.5435335619128	380.8245064315852
318.12276177370916	159.1409131157415
137.90645169900282	185.82418925111318
408.6850604989969	91.90001714801502
147.16469334703294	333.09212885566166
7.464944358659836	359.11558262223684
112.01497762244624	368.06595166158166
45.31662310895708	154.84578435069324
292.321797666538	159.04739904205223
203.47545917904105	77.41278364536143
157.50480591572813	404.22726382364175
299.39491320271424	325.2838165550853
313.4743618419231	378.0560413947396
354.69086970049915	257.9238938925575
370.0615977137431	310.61201816857744
30.901674555545327	340.98838426093283
2.110007459645893	24.001759376323836
388.5115333885873	250.5680271222788
337.7566908966862	373.5421698686344
347.23703278754846	124.54813438544352
166.74139801330452	292.3419673606409
244.79770774605583	185.2079179198894
108.1833445487093	113.6836339804838
306.4891200933571	371.47064488753836
11.258819775013402	22.129484515718516
381.3539366019658	300.1291391402331
264.64640864587835	31.302240721452176
70.44638330991997	337.4837162576611
247.09258793840058	104.0045952714156
258.1524848418304	59.645359176698555
217.2651094876348	277.80152525715874
323.3090961715091	222.66857165334685
240.64771508705084	17.92317781726668
77.20012045316767	144.1471995206065
210.54467739868574	15.585893237465577
353.9837530375402	167.24600400083835
129.05018900395646	93.05666748693639
53.869294813796024	16.443270620786045
141.5704713772077	418.7698861229607
290.1787649377757	417.4556943146026
401.78332429758666	329.29194534499874
405.209696798569	252.47634955914404
253.78040924291585	147.55523696415864
284.21478863109604	372.7066950220847
312.7448487029435	321.6460531890415
40.98621082467099	131.34789115797096
139.24505430955517	49.25916178261306
354.7703651544167	131.75825432628244
273.82097667174094	160.76058506463067
140.70999222901463	319.30761562936715
319.9608224023067	62.9715848601597
157.7818010522939	285.1275799555289
18.107607354256093	165.0941713251661
114.6786917969328	107.75280785434835
308.1599859653712	413.05183993264154
280.6338771361463	178.2134251413587
304.6604172415573	83.33339756457069
317.53445567725385	3.7345172163076548
397.434093053407	28.895346034600603
68.08153929733311	296.6098867171865
104.096731673941	328.7743118345331
249.23642847203382	345.9597254302841
266.5409684236292	399.6266779201916
331.93357585868046	103.39694836446863
140.8939088160979	367.10815144467085
85.15873995762222	329.7239701848166
349.9174477393703	240.6097878567125
48.8401218433471	293.8055954196034
254.2507850886907	41.06055024066307
415.3867718509969	183.4438138928841
412.0312929982553	377.39330164152125
253.5771633510415	267.6504342304789
158.1704741510038	365.9337964724855
412.7173391150155	312.05936406013643
115.22899291037676	281.674480169025
154.38789380330874	319.41042031383773
11.836534694293517	258.1285546433903
223.81543944931914	92.09771803318861
107.26296067731214	404.06418448599004
71.1989238565198	358.4595391004208
265.6929985776996	352.4912532794897
395.9787467830922	282.6586530915631
212.7329905383469	153.83285410139393
223.12182155220424	358.1881683776848
21.038317780648654	392.01537690034706
45.64214001881644	306.05158408717773
240.28715112354502	70.18612377691623
334.13409491354076	124.50730806173179
407.5363454187735	79.8363258032822
340.9141868401836	347.2278062104729
379.1603757638208	357.847437094632
369.048950758308	88.70832341690033
393.48939471688135	68.8853769586275
61.239248145697864	401.17988935085026
37.68438825614413	10.018228712646994
12.029088718228794	388.5209088002046
253.07733488287747	155.79528682812057
252.65235084880587	359.22905870499903
236.76786229818518	350.5552175365883
107.99838333966964	358.34315359974687
183.36893450742895	252.93523174964182
138.1409248524519	258.0254861630745
153.2210064599518	246.3508381492205
146.038598541593	183.01947912090114
225.09580281263283	390.7167813036845
297.82857164934734	411.6910729627382
