284.643048531692	340.23162278139796
187.6746262236295	384.10809174850533
65.6120980707489	406.9897971141826
268.87741323837497	321.98885284002523
264.6094102190366	269.6519697666185
112.12877810537077	269.0760538944267
251.2829780721054	284.6327081280933
335.12365080060454	12.361895582949378
158.21757637634485	10.872828234811776
385.36550995685167	70.83470094908371
59.76748687948575	104.96648833122813
212.9470676124422	291.9690574673264
315.92309508179096	286.955526178052
3.028916723326915	233.3805139159024
224.46059645065438	104.48989725009915
178.28322984714552	313.81080219440673
276.7609188869754	6.01680811396492
376.3536140029851	398.0778789795093
105.05369411130131	314.08766576602295
300.02544545747554	132.65872202453195
184.40827458961854	363.21906328407016
306.4408667636223	333.4478159459007
194.5408306361041	302.6743860814622
2.7875556828668953	329.1971184652638
244.35987315350658	109.73709427460227
281.1486634167551	406.7052857466775
310.028263113162	200.19940896275855
408.89865090164767	378.12254306549147
81.31075439172312	391.9159147467128
4.059466031555237	86.20899778574353
232.57271077814715	320.00777412136307
69.07696110066851	375.2609208198059
38.51214628064448	402.93625409463345
96.42973436905494	63.96926501990422
79.15425026870331	25.197772812370093
322.1287104132793	344.92409183878914
6.074248394778765	16.622837598907577
270.64877929926257	138.34264697430584
240.90695927866633	222.99735872657482
182.1976635731495	254.28451751048647
352.53085199510406	192.1850630537198
145.4027502819481	154.32155092942858
405.04222366392514	419.5788506282225
65.06194800810277	143.77442559115337
201.9840674622049	44.07795616841029
180.83378079356785	337.35383384905896
283.1256328742029	240.7997286011482
253.41178669595521	307.0160980015816
116.90535168013591	88.86996509829008
78.32538366594153	249.8344720675195
334.96753974252	391.07136688221436
172.0642250204841	225.60088659745455
68.47346075876511	84.99730207713824
273.5660883108206	179.30710795628238
396.734281223742	324.5285941545785
9.853271159979057	172.39811180871877
383.668062655045	139.03905103586035
153.13918821203683	86.94852915079186
366.98251287524033	377.2418000394055
167.46910407756081	49.18156211405733
109.71574309431148	218.40605396768402
400.0633615008791	115.29305548851704
56.46087187480289	211.5249581308187
90.70005849323053	213.54729499140373
45.06668997909692	89.23960080605951
419.06751014928676	153.25541988415983
24.64746912949997	186.48364557338004
74.14182623132405	225.09344288018417
264.0880538262137	101.6616868027183
136.182952913491	98.38292297455502
144.83369156942018	206.3578401574732
237.71790417400422	246.76300005522484
187.17401370074185	56.96041736610741
352.40743124103284	326.566434460198
231.92597641188914	150.49322563238002
80.5955533349577	179.23683168718713
104.93949902915402	340.3637739866192
96.25155711946066	283.5968064445685
183.54538324540712	85.92450955539941
250.32449183770777	328.9416781691204
389.9312955645865	173.4742323490207
4.1659039341541915	414.04408096279013
28.30434985785379	330.5675650411031
224.7482160019026	393.10691357716314
218.09893479031774	164.21874128181895
403.54551129138594	19.37808760183029
126.326174901508	346.52474366415015
25.04282773786278	95.03324631721313
374.1761731799631	314.9577419529974
37.236001177765	246.52618448670742
350.779550147232	164.62424018724428
135.3480002340573	119.09071104615103
168.89362460010707	98.81715185411306
218.40219383917756	240.16040654946096
359.43679333641035	224.5956715523087
355.6689352992545	393.416916379314
81.47498487129045	269.97689539809704
114.3366874003425	185.73456817656654
48.55940285261804	294.27601120821396
395.85543929583787	270.5063167368607
334.2387038361015	199.9858429524397
319.5076476635533	26.398544681654123
0.09891965778342551	270.898757814212
115.30104250595464	69.29465241384331
103.55328418512667	28.590456532015452
166.27812714720088	271.4589547273641
50.32660439115885	50.39350682320402
242.4624013927745	86.7860846737993
234.52061871587503	298.1969815183003
221.90083801294475	84.01334716678966
175.80604408507494	149.96947059512678
368.118363025205	123.15758438540273
178.39267330287072	8.858258604025766
367.2264805008888	1.319395736296447
381.0150902800583	108.35403748563307
387.55462189528487	250.95538092940524
351.1225371621425	306.9065015652407
292.78583805281795	38.50286771534832
74.5388618408209	121.91561086207405
277.13910807835464	220.4583901803895
222.4892372845222	183.4403839497042
53.67188092374148	314.2161690787595
237.78154989255643	22.394777733851114
75.24680868773119	200.28865718574093
403.195881685617	232.532658459783
185.32318721090067	193.89767832351805
326.42909894704127	119.72422864423106
355.5626280404449	47.116569748526764
301.365952556313	66.66008572619253
53.994342222209106	189.79519286530387
347.2737800807736	375.80962983875406
148.72922799738745	282.32358028251804
367.80899969826817	179.29708109096555
89.65693149572823	328.06072825316846
382.9195992602368	17.93037296562198
385.84495993602286	415.6852292538533
147.41158852874688	46.72590895345598
299.7015593216736	251.1027824647583
291.00403685659313	321.18868508355524
296.4827728488073	214.11840680536832
300.00815677708437	273.0971577763873
281.18589667673587	284.3030854211636
223.39625670696935	260.57538380680285
259.09884525744303	229.81714982173887
391.7483183076158	305.58698752050816
410.85678247132006	310.8884380553798
343.0044052283015	146.31972852302772
39.820679538531614	110.54909178936214
128.19800633909017	279.99662058132355
165.83876101457994	371.3120057506761
361.81524356597146	69.32634846584736
122.2822732496039	412.2363531275678
168.8102534948988	121.86461811027641
185.16016315818754	132.76078172801138
276.5429971132492	304.103612936788
1.1046270194804144	122.70777647779134
41.12586247577906	266.3098239027232
90.62410067579526	374.65114188694656
168.60191869541325	183.84384805654508
101.85688523892108	401.080865205142
283.04667878996725	80.23712830841808
262.4380926087677	81.57464899075518
171.44589273728295	68.37209373872983
271.9203190163497	159.30743400702016
247.8701855149405	137.06796664386388
329.4338879290758	367.24437706658756
6.054190492163925	290.28269433151064
259.1658659493312	412.89309670768586
282.90125837382556	60.51066479384642
165.22832050831417	206.99086763971087
219.39823582882087	412.39520160815493
397.6050429547486	55.687718983586876
127.6140091142313	372.33816459283065
92.80827514065606	233.1619816687985
329.9012179124367	88.4672152769237
143.6326483698742	337.5734674421227
398.3693163752373	397.8829438252591
88.95048839031193	45.20345951222919
211.1193333923656	138.48877409864517
33.70266244563102	204.06433693267167
339.1157528740163	31.45566503996615
338.6814501594045	220.52532696559777
206.14573573228458	376.26200972114793
70.43541211176121	6.23701785427676
288.4527311311862	148.85958965256
206.38184744443194	223.8118546674219
71.76404131856233	63.90161695703106
220.64191343316043	55.78843679918981
351.0385574174535	85.91027020684172
152.97948727851627	110.30613797816085
341.4632526258165	105.43574141554076
207.33743810488997	118.99699227935342
113.8535098523766	295.3675517811512
158.9062866688587	30.840022601835177
374.6872710274378	54.60344303538012
409.2102518163464	343.32295704406596
96.06559249899682	193.17150506096192
318.03171969963824	264.09076724186446
330.89496764031355	302.36874051777613
304.9566519297542	231.87405138461963
39.87572139467364	222.70634804796495
290.0422214743064	168.4636102604743
101.38052263787917	9.235647599538325
259.64592859827206	249.623792303729
131.35033439501524	57.64338556033614
118.3050397001669	155.71168054004238
239.22139526070524	198.91834925191438
148.30884200165735	260.33691009190636
200.50159507876694	73.01554048575316
34.27182343154048	65.99601317969878
368.3710373966991	204.98798597271497
277.6325787600015	25.491200922197738
20.762268432574192	271.2044006895047
120.99159612887819	11.740171695226366
178.9612748445253	33.308720790712044
242.4567714096704	401.1531467075227
355.6597056183575	265.7501275505736
34.59068755132102	129.45529731460658
20.000246537808668	30.16883351347432
200.17109613542792	155.2609965386083
227.8754847739363	126.54538204671042
181.54064477437524	409.0395087404262
184.50478333907103	168.43415544826573
116.16554238883994	237.7035020762523
56.76963723025122	234.29964063816072
283.08754410671696	262.4952638086452
84.63282287819281	352.83541467513237
410.1571443645698	171.38163736206255
384.33287914070354	192.16959085014585
286.5810094543254	99.75784207213916
134.3181719712376	78.7023533834472
62.76525254861429	355.77173789347654
153.74976204392587	301.0972634874426
27.35109294171735	291.69255169660437
97.16990208115313	144.43949688811227
130.9455718049356	221.61886385447056
341.988743813534	66.13198730142048
53.03493448466853	71.47413548407947
205.0854334792062	395.7394253910437
31.987930807738458	384.6295213858619
205.46553691347847	273.6683407219669
398.2542560061963	361.35555693693254
378.6649154660909	360.6843811012953
95.8088084640967	122.69790861203595
283.0792385299779	386.9095644003093
282.7693878321657	121.36879846627701
332.1026392064155	322.7375276159807
100.49842001300713	168.17860126875775
310.60745206007266	49.554568703736585
188.74918551282875	214.14410511419524
405.62470387592737	75.3312879055955
217.17349952709958	14.866951954619434
88.38795200285001	301.93067127461336
370.6034850548589	334.2644264809755
256.6237706070687	209.7376949135956
88.23415165167044	83.75293321087484
221.73281659582096	35.16605098269429
235.73426584887133	68.0955766940155
202.1736430341549	254.2289570471129
399.0297772033038	155.44017314136102
322.6570561715408	68.45548126492479
326.3786533056448	160.7919794367728
306.94705364674	157.45966999884521
126.5606038379796	391.82083271768704
58.3940722574394	257.1559684250467
419.48373849778284	394.8023746157775
371.42290344156805	34.34133203882383
261.5463904680407	368.63809564513747
195.11103398664818	323.738608092341
18.36743261010668	399.81825641661834
307.65943285996826	112.1608229681067
337.0099645637463	257.4377365181019
212.28114951459654	313.39463586118404
123.50991451802308	203.5265504821789
257.4814998051312	190.26143819890544
304.45950613026395	353.47152275325624
328.739008090617	410.2135981722553
0.7817063124539181	55.159029950014926
207.13892205782665	202.03824212852635
5.5725230431053	195.39746187445618
368.0158436074687	250.30917139795466
408.5658087534916	210.56815645907963
133.8294485712975	299.9363969249859
198.56101454154506	24.54536978389065
147.3145885085205	379.5589857513072
41.48622471876284	173.5914196938999
48.57551581905123	369.6860822203617
45.34273766029308	145.89582312005172
16.41289794606204	140.4384574810024
131.5458858653319	139.6116236016544
385.3941275577544	214.93616238171444
23.0741660051326	232.77704151295885
340.79523834932763	284.9185394554251
387.2922828758991	380.65029453001245
110.13297703818267	47.31075658505725
415.9648170792493	103.87733638006415
104.44859773275108	360.86116796719597
150.95479539841097	67.10362918625856
14.84875976282447	69.61570515217204
383.99391759184385	287.56338457251735
84.95164328981494	412.9004488848539
158.3502383114614	138.8628080398396
354.9836449072764	19.089307972789836
243.88684648561582	381.5805375739042
128.918571690257	33.156204938499016
199.40096059924838	343.0859697583209
9.836862732608203	378.3334774284853
127.77108159277276	256.7205193758726
257.0230541795953	13.716333000723148
222.98085026008582	213.3308219115607
39.70136456423545	31.02144920490195
9.384708859878005	214.49656516002267
358.6453999078344	358.43812076515934
336.44817683420484	178.32767860202256
148.74251299306877	183.11268489493793
20.59231777245072	114.70828801763189
161.36502341032931	327.7462878794535
16.73633226841911	346.7423801008796
109.3358678608752	382.27678259029375
58.288630613095485	162.15593932057536
310.9974847209389	177.61061911109792
186.49778559234724	109.73368355210353
160.55420955995314	411.560432743882
296.5798674363077	299.50118668403894
315.36529168489426	381.33799237378906
346.9012895538015	239.9481120193003
375.099806694785	270.2961297472752
52.014486391517366	333.5562924335778
417.89044582600235	34.29835902800673
378.39304835970626	233.81835004834423
348.3412113949169	414.2274090820323
362.0202768039605	141.60093051490188
185.71541715232974	274.23266442044275
201.05221656519427	179.63863840590514
79.06762328198215	102.51353180929317
296.97660701762567	371.73844729871297
20.806773472463508	50.78003175940932
362.0651692641341	286.0101371761431
271.5552133500564	44.69126210636973
71.81962868993925	337.4334032077933
261.2043579284973	120.92300111412243
256.02264397846386	58.69516648633396
228.9398847805784	279.2544060066475
318.78394865433995	218.1797583164592
238.91551547516778	1.4162918519206276
81.34188736343785	158.81913065055483
197.93428526995274	0.4330928950517022
373.8759014327158	158.8428204507859
118.41766108652106	108.70824420444045
68.92209456198742	44.54751619011409
141.16695222442442	1.4246031301007032
295.95709558804293	0.027236781769526555
39.08689261643649	349.5840087646404
408.81095625843767	253.135206891228
252.36348587656963	158.76868403921156
278.96731061140844	359.83164540920876
314.6854594756477	313.5180796642167
54.58015202699037	127.17844060645936
99.98250036973528	100.68008048905557
404.8313463440553	136.65526514814994
293.16293525529727	188.12214456856412
143.46672184699935	317.766081704076
330.5800856056701	50.10116746825307
163.25647047922095	245.1666803964653
25.862855133096602	157.8658244539626
115.31466289880039	128.0067589141416
314.0128276695625	7.762050310206476
275.1509584594981	198.9518363389286
303.0294691086526	86.01245555226917
297.9118133613491	19.40508291508773
391.52760902156615	36.90953263959867
70.46783861512453	294.10582346861173
123.13114682303267	323.60309808973614
243.36914222044425	361.68158105438124
263.16936774013635	388.629602019857
345.46537775086495	126.25004908951533
169.00762228452234	393.72282568910964
73.17771792702032	314.00455728943797
325.3868135727275	236.7722218721537
59.574860101009584	276.67619552975873
255.19232481804673	33.27222825771726
403.9195679917376	191.38783864470446
419.9497779172195	360.02187259095575
243.59368381427774	265.6421586379768
167.61908060721348	351.68917244554456
12.861592699874288	311.80870874155886
98.95954733148834	253.0443280034708
172.4379732000397	291.4170588766154
16.266950741876197	251.61043180697555
204.14509476546294	96.94240594302939
143.5736933637241	401.7772697906935
54.63077345013477	390.4410051302125
235.06697851819405	343.5224239506251
406.4072576033614	288.06860190372373
162.08621125052036	165.31955162482797
218.18491758155858	353.6864560321507
29.808087392193926	5.0021921440302926
34.22957197595739	310.92036528492133
239.32071692593328	48.76231828909748
322.2847287627296	138.83978192883762
397.68779473927754	93.76320089593551
341.5633038310987	346.1329807786157
389.1297816690085	343.17282770177815
360.93867389870996	103.89933962964571
375.91279074353685	88.80921257891153
49.594133155893005	4.4991283854757445
59.37447569647889	22.398459802784995
25.576796921995424	365.56039640455873
242.766582988043	176.8620066392388
260.4118724309777	347.15524123463285
217.66668084522965	333.69344425966113
146.89458170404865	359.0064386462771
189.27760222852885	234.81364266336246
141.86356861124094	241.77324948931806
151.5931439122271	224.78660233885898
131.2557211013697	173.73578230589672
226.7977966645466	371.8045300574901
304.64503359602486	401.55892236339923
