215.81718940815526	59.04227081807084
405.7239772163465	400.54732257516656
368.7619626283487	225.16165019313996
356.55086312806264	340.7547104385614
400.63103840461355	349.35728499163145
161.87186078802242	187.80805668403465
267.921945392394	46.55023585835751
107.47318904200749	380.728961088649
184.15478383421762	329.6676562265474
379.74887214420414	80.35975928066912
328.7906293698206	63.02708698426174
239.4427699032775	151.5198614803969
383.4790488396262	100.64820345061612
211.44030694716494	20.164852119193082
389.9496994949913	24.797619526804798
132.82817012261953	51.02444098718411
42.47932818685139	144.88697048134972
340.696391967853	175.9307582070764
240.19296524055747	226.8342142093865
13.638653147485156	168.94561533979336
160.28497604855383	31.893609832107494
1.1959820605150944	43.50821495552023
106.95539618327456	230.2170161086727
115.69849218438479	139.9766912152419
301.4536165909101	163.76203529903682
212.76920630082125	319.7145493346529
81.19298057117692	312.8734752010009
202.67653641385638	78.96571572873572
136.24886261019094	118.54172699037694
56.23155664938298	262.5023258349437
273.6169960207804	387.97715632428105
223.2501229205376	182.4480244901069
234.22152731690696	288.7307382698064
162.3378476561895	391.8347835461939
152.74010917547383	65.46817562122696
22.342111542922023	373.9638060858782
115.60194440815297	121.61058394422568
348.10024114574105	87.99996911443196
178.16360719057636	191.26916254641944
298.3854625875618	365.238356177793
41.34459865540571	22.505124452371703
78.0863900923885	181.96531756963194
25.19842588376148	4.18640388402174
195.26420498978032	343.0875130042848
48.96344885786037	89.04849180784942
158.70840925381012	96.92879004474204
133.61539927568052	331.2615500978669
254.61100262749366	142.72724536966348
240.11331033834594	58.8009086122874
242.3193015829102	167.6399730401294
382.4736699036886	289.748141930072
161.1394558226506	238.3354884800442
286.9804702926569	414.5264893047268
139.58477953337245	22.838061500152
89.07340851578167	291.92937046274614
163.4076065010517	52.041874993232135
13.42374412754773	394.34696761697325
364.5734135138115	240.52247074382478
56.430197837992814	350.28224302637375
408.5500314593196	81.2946793205578
53.93964279002559	285.9281425962185
89.08191259452798	225.45009839896818
217.66502187891444	341.6217814994634
245.46782791546258	7.035044402266976
289.22096588006116	197.66127320870984
164.40700941850045	81.67039503274651
339.3318343289469	205.8233988867292
339.3036923272018	250.2207655670188
189.54700733718758	211.77067848767317
399.5878972895886	222.00427589175408
83.86258865042234	11.76966871330882
200.82401851464363	190.06124613063201
254.06432055203172	291.4342289564022
76.20491794768871	145.1541272290635
369.4884901072522	368.58758401735076
345.0849588703596	66.90904549419214
24.028801801496602	27.79862236501408
406.76658600507864	246.5578338484483
68.1473487332803	386.54821665247056
301.96042703440804	337.26652365003287
27.458948311521223	186.20901638572724
199.3353970273514	267.11296438680563
226.94668066513117	238.75635693789985
76.20937706925766	29.773929131360838
11.00155298652501	275.9810056671321
177.4743167576905	66.7731635805796
402.2897962850043	138.88234839157238
241.61935769568797	309.4181700403839
313.8158461849772	7.46825632933582
403.66755419729293	263.47082298789326
274.3431301001716	81.6424417599288
261.83538107557973	180.87562221646252
321.8659368309847	411.6786860606355
396.4273240413241	184.9318783608941
369.5896445721768	205.93166870545872
388.4083088503323	160.1567845871463
292.0972565847021	278.1974737353318
324.858197730876	388.32349181906653
250.6090491768455	392.1742901596689
21.626487013524226	232.55109825883983
157.05176094954308	150.3097401753401
329.09201251777284	119.21891091496141
388.6502704508785	43.814959152436856
81.23930707417199	258.85939905265974
64.76412980909686	309.0499030015782
270.50010438148576	213.51675954167456
98.57051309824689	328.9775653563545
189.3429610633278	48.43264583487737
340.3885517172157	409.91340225120416
366.15438210859827	107.16049168252714
221.5149023347933	268.12727492267936
107.96534944768267	27.27152313468621
266.04789025107834	29.5864287108193
371.28667826484866	44.145939811066974
215.04789486812217	295.73856934106175
272.5866860546531	245.39779918091264
189.08081796376175	16.824105838859403
306.12363589655956	196.25323018629808
324.99437406354934	82.76082929604458
266.09705886638596	265.20265421378997
16.950523740777726	130.16348919489215
150.6197217770291	347.5088573924969
178.3850052647394	281.29759326045075
237.7841073488727	121.02254781835912
110.84096833241921	397.57545963174584
0.7694856921083224	129.0705620861217
417.17935301135736	355.4387309126641
384.6946087958398	264.2267471297469
259.62590824385825	111.41222691589911
212.52430228960583	378.09067701217765
171.41738703239508	115.48576549532665
357.20842801266065	0.13384597942329937
172.4817870843778	220.3192310987145
165.83987206514553	413.76703333210565
415.5562818178904	65.3558098288878
6.771409312173385	370.33563550527185
321.8001833623941	205.98953106398375
23.871967705522824	324.81951550604697
102.418970030205	72.72204359838102
289.4704725885223	385.3914426309882
75.4758214127886	236.78076352100396
372.1597326350392	413.17247304436864
123.59042240624521	161.00011020134545
254.52889136668364	339.2908027350124
136.78895607175866	202.03106552691006
385.1480267598241	388.19337352460263
328.2449954686021	40.39651469694413
193.37663111300427	307.1728112635466
371.192340160312	276.6839572177703
268.29048847025297	328.61165221199326
125.090816544828	381.55259855119465
354.9372193880412	159.90037430906693
403.4361191857058	37.36259365464347
129.3284799086033	403.4121298805737
3.4131476561647696	235.0116401764515
17.972437874793687	45.97248327422334
114.20622552309078	43.80122026006529
158.6150155895837	269.95416717702
225.1568396171912	390.47244572290975
146.78899778006945	290.7250087331574
413.95005548210776	277.87791089214
133.72340037262887	82.2783762675447
283.74847935645	20.384872850913855
33.6693258062089	52.18369428840042
314.0064299474228	349.8209118481899
390.82760683619057	365.3957550500563
121.87547246000446	106.06218933997337
343.883990899095	327.29230210954324
25.069733932879572	99.28229359453584
227.35372199760744	105.98927170553614
227.95950243879844	47.651355479606096
98.37283872243682	120.32328706451452
136.7767578826335	256.32355837449626
66.93991623107145	83.4387944048039
73.03861101083507	219.78640603596062
181.5058674367873	395.85186632563875
147.36744540478244	410.5563631403587
396.4635123659066	279.4534866106406
285.76892186150536	179.22433485096803
3.6713406409397242	292.9426793195836
72.6979066662874	46.739144260276106
139.718880228418	179.2042077047028
180.73167771533187	297.44521778349036
94.20845624817042	42.03085589154737
273.6381305719164	103.84653370121856
136.23251943151269	238.7317840703398
30.420272456429423	205.19802454718106
7.935362756207667	152.41909188482722
335.6129844253607	103.06340064088705
275.8949599639952	6.126974513313431
26.791283949652605	158.829930299191
357.7106596434006	126.95347198777009
13.896410714870514	15.484071819579007
81.36939064519952	165.13676878676733
199.36149788310814	358.60002214419023
334.0881398571442	190.688845032357
401.5409230616669	112.82575448711417
123.74507539000228	225.58572068809409
216.55622503749981	252.55829522310984
361.2778077389207	73.79227177924479
109.69286585305898	346.42106086972694
82.92899742730006	60.13665793518724
117.7472907950167	265.67078966924254
412.7506778102461	335.908008461887
25.37408656992616	288.13425151647243
318.72560794338415	175.2709221985712
59.78576507311728	29.07898752886872
258.2401310800877	61.89792954623094
174.5549198360512	98.28264852083052
350.470682976617	109.61763330538544
339.7775528775189	138.6708848880162
397.3937498004263	92.80825848425084
118.31250168379461	304.06871606102027
77.70745999821855	332.1042240186698
359.6988801090225	57.80974398710644
163.34413616414994	134.6904443166624
204.8314489920463	130.27897844690213
307.51876496280664	72.59821781527576
57.78802031915086	68.50728342205242
347.57157263993133	267.92693057172875
350.93755705244166	192.43845954147167
389.66197091363404	124.63747290725215
363.8259605180277	181.92099235257135
411.6523271390099	153.26808156422248
323.2931822868952	158.03566482987716
292.2503955457715	88.98931926313259
61.073259093831396	157.24908675175922
200.59756416479004	36.06863592042397
254.489458713831	363.0871979224681
385.35416646868146	244.73783058328326
168.4605865661906	256.24644245969574
7.297534847208682	258.2930877498632
308.3005664486834	89.77456198755988
127.82187597400055	6.240642534166605
240.659973873471	327.5909617618805
359.06500198554164	399.4978239305309
92.97583486868098	270.23238976628346
2.510593174508997	407.25127764089433
60.74665025154989	139.46765447319387
101.28826737658619	3.466772958687931
213.71540741319208	151.25435394168332
61.19379353557893	246.10245855176254
124.59809147555245	353.48401763007166
210.96570941471217	237.67819009878366
178.4553476432158	240.6426106120847
412.20028627396306	190.7315684168542
267.0093685466144	402.7540016980754
223.48289743499814	135.80276096303115
49.23823701743214	383.224341141811
292.6491256623197	105.36327260906128
11.373974907314825	200.2139182195395
166.41072422687662	333.82729618459314
19.480784914696848	306.03870116825107
221.15291851295177	165.42847883420575
170.81829149896646	12.7577021907337
87.30432797808231	79.66951506076141
302.9143153860539	234.19570861658127
73.48326756568446	99.03965742324074
316.6135387442281	278.94354417603085
382.8278865175436	60.34265652491431
24.40457789551963	248.6477462830017
164.89177987600385	295.1233502145385
380.8022082874807	176.997217098298
194.99205115052894	285.9603956942239
189.44103060151255	176.9669315389335
95.64829806311381	249.86972561912592
25.428479737529088	407.2053420538449
91.73252842428293	26.056048323422093
158.05898837792176	171.59431910682287
177.4389659129936	345.10235109319973
262.45080195210835	161.8561433464845
284.3581998287317	325.0999381351543
359.5972026224493	25.428776733386087
176.06132044206424	153.95326332818547
60.985585723666574	111.4420157947931
273.80300095131224	354.521555562384
16.55166584472174	215.55934258759473
212.00447788122628	112.98283329993292
167.32339161459885	202.94366050110764
345.83587380756734	234.6686466386131
64.00505724639895	13.039343130739471
18.80498827711273	340.3598843537063
56.38940175343708	48.80705252400359
166.189945508045	365.4503489089898
116.01152152535313	178.02307290145362
276.62783048210275	288.4636701768311
371.9985451786703	9.709564812901137
52.23731224555215	180.0224626144087
223.69471175250607	409.3495590139311
33.05907310683169	387.61925764420675
227.67301415604405	4.882082783806882
32.168527635161475	114.73148355406362
416.1192270547317	106.09195104464831
43.18205960522228	300.53627543957214
363.7693824345397	259.9130407841516
43.811622289671796	161.28891142017247
263.0333086690409	128.10134579275075
147.86320095266888	377.7871451188201
194.39201295304443	65.23384852481234
336.2402115049375	281.77532485191057
253.19752158115668	39.64463759916511
357.5272190009317	297.78026064256767
414.6354079075772	21.914135251286382
349.8732095455263	381.285393026473
375.5611605961674	353.31170577354175
306.8778643712369	259.61047161382965
150.18811296111807	6.2565756982054825
310.82860974817737	123.15372712203828
97.55930599945154	141.5432237424827
42.72111759704896	127.79779213670238
364.27496926607586	146.78278060428508
392.0243436269713	4.025845035923257
182.28607658087728	377.9324754643091
322.80193071384366	23.385103931476262
47.95597267194616	316.78350739129394
101.11976872231715	214.5285297028635
235.2468558740638	254.38428683925932
306.8877137991965	380.98637733272477
41.40079590641803	273.34755643682945
202.85127246058025	398.22622319491757
301.9007666582804	33.06377029430529
221.18931110795683	364.6051712293281
396.74679036327245	70.44903927834329
284.6498597891727	256.0287690958
227.2220489160111	72.76658339193165
297.93756246259113	214.97187910967395
33.08090115572263	76.49778036729906
244.18588324097806	208.7026608441111
311.92105334220037	305.30825750078645
139.42748992721948	362.5200055822697
147.4102609913349	227.60419994273536
44.64701622656742	246.5811608329552
117.35795886645157	89.46009835217271
250.15485072207525	272.7324888371786
407.9237500026358	298.23094220135914
390.28661543567324	324.5799163783926
91.86662984301363	345.3349528871901
194.79092408589713	249.90866253172067
39.70709486700181	337.0736648173077
346.9405136302255	39.82496379476727
89.50294107272597	391.8603354854891
337.8986958767089	307.0743088658346
272.89143200545385	146.8350597889108
81.35428669959222	369.5726032056857
380.3374784098595	141.63126516024005
387.7339339550917	408.16071760977314
39.85913678101293	362.6054725154081
405.2090835963669	53.48430257259953
139.81946143456605	151.37867881045418
407.1108338732078	419.4994291351828
2.648144435754462	88.42327638755576
338.1725216492829	370.71466642608334
294.68734675541464	62.54450032150183
98.09035435861121	102.63211262898999
61.822653190641596	332.9237859142948
205.51050280633683	415.0714858574218
157.94552999069003	311.62877079963636
318.9374891648174	333.6371279759369
113.2847115814977	202.61546911213804
218.01497618733674	220.92523732745633
332.8556543069852	343.34003824624773
72.08280106648182	197.2395335446084
57.39155742558973	223.34550997779917
199.07401103276618	163.31590928878285
73.98642912782671	284.1583146907665
279.5968131942479	161.53108161630539
237.8824285163687	191.63991705288265
12.023602682120739	66.31839645448535
76.14527952916966	121.22416660898209
248.5196284732473	100.02627861862683
312.09311358258805	105.41062538476783
153.6464796820834	113.11360163386622
35.59037167646048	223.81678769639646
134.08788379171085	300.47297372608443
63.59195060872002	407.02024083384293
101.2946646534606	302.36125354371717
128.62210730400312	284.9788114555071
96.53358500486303	361.18112645146323
201.63639086754793	224.93824174864147
97.48146387261035	175.97431122546146
182.0444690975076	0.9615511245288217
117.62308577039677	321.376802788006
277.2071711781639	60.19244654249549
322.91677313864636	363.0254530491986
411.91586201087637	378.4310159100845
151.50272602576052	211.53078161098733
183.451908048071	264.0523110400947
282.34095043296867	119.92747254146958
368.47564396588166	386.0978942241613
60.69595522716822	365.907117086305
55.24378309147306	207.6678846934868
417.700860134717	170.59250895535882
338.95969679920233	14.236642175181094
374.4958653622571	307.03687068911995
367.29811028166023	91.07737960411728
395.94281018480854	203.81929070967098
93.60319803408377	197.82134725825068
98.11808105591075	159.1528236229129
106.43315855926933	286.3363170636141
180.86627071589115	34.466403183294766
44.547219987934014	419.78700223732545
138.2449760907072	99.31903662316634
391.05792560186995	304.99367699438625
316.4239435513027	138.8382758896556
413.9787659061984	213.8611864731959
15.059196174013803	112.71630539897835
411.48138570351415	318.59889715780866
351.2883557997166	361.440941566059
260.441002899429	418.75362829111157
190.32340475606023	95.27920741259231
219.37805331029995	198.15046282942976
76.553716567835	354.1289908166582
145.5856890434845	40.09145485053883
