287.0281500304554	340.9324745194476
189.40101154451486	389.1834641920127
62.09566700602874	405.0686948904994
273.34944061448437	318.0833146833618
266.7464423790133	268.49654476082725
112.66467407377345	267.03734273777104
251.7302685467417	284.75140913298264
338.4934056093453	13.450055401222317
160.9360521986727	9.857475387915352
390.82189300635275	73.95457228815806
61.28866495814709	106.77730050772328
215.76949078488138	294.622520009605
314.5899172707867	289.7736545312471
1.60719387928191	236.91958806848157
223.373755220049	105.62302498030617
171.86985225762436	312.86691913025555
279.52513513108966	8.240412962961708
378.3253427394489	402.3175124855426
102.10214390642255	314.28844076176244
296.8893640564755	132.1342851521142
187.33395693821063	362.8838661130705
307.38768664685887	332.07362086730467
193.63988674772958	296.7033206395589
6.423195365888723	327.0377680294069
243.36710316107687	108.55753606942905
283.3423417843914	407.8234300237402
310.1638549210569	198.9067473744281
405.6942990602887	383.3755837325585
76.74694896589001	391.61708957372065
6.037491568741742	88.42611523883211
234.0138587556107	316.4692665657118
69.41295828869902	373.1288171018575
39.81356493226224	404.92489744231057
92.73137104040843	64.8958956152814
83.77950069747916	23.466443382810308
323.4685442228252	343.2441356730627
6.914865563100938	17.63073941623741
270.5695100810429	135.7049958766264
239.98539608410297	226.17972265918587
179.55775983776857	255.24944585772104
347.2992510642417	190.8143909407238
147.7451281915788	159.3248803278419
408.6673433472491	1.2130236947916986
63.70720042116653	141.37088046787355
204.9876099681399	43.068550985880414
177.4639506442436	332.80959456802316
282.36279422908893	241.7952637679473
255.68418511754075	303.44733546054727
121.60073013877675	85.82464484036655
75.13872696109978	248.41286576894828
328.2103005539368	384.9705059801216
170.53796571993925	226.84197497187498
62.912521829258814	86.62996477259577
270.91437387858605	177.02149958909416
404.5305015427618	325.50556719581897
4.695063321773976	176.52460474195772
380.6802095131313	137.53932456529589
150.6513550380983	89.48770591597342
369.14737373670374	379.14390280906673
171.16364558640666	51.73868969144941
112.56779900998798	218.7997295236021
398.234052217584	121.10593906062398
60.7749895391452	210.72478674855185
91.88051456652687	209.60707869262154
41.312556311193646	86.34206949744198
0.8347713496252617	147.5192440156603
26.715156402154353	186.61721117467147
79.17808308956599	225.44188747713258
261.78972646453064	101.35739068997877
135.1609725734995	102.36939661387918
147.06565866979795	205.6371329787074
236.3426952817532	248.98924200833088
189.90895243755352	55.546677595441366
349.67730981997477	329.17070011829986
231.54840349767906	152.4405686606335
84.88293255360163	176.44167858695315
104.6735874993158	337.07905248476413
98.75808600167393	281.60210641067283
187.3104471293556	87.29751807779405
249.6062659982728	328.6283246075583
386.7741407018646	176.74099613314
7.363402219971974	416.6116294543944
26.278151315708033	323.7021599166328
230.90973409427377	395.40357900717237
214.07359782670025	161.0589967597004
398.4811940496864	20.68349416705277
120.35615377836604	348.60573765408435
24.154438408785914	98.02098810645457
370.26938539957575	315.33615876027187
35.42718444914197	251.8157692271842
346.63870824691804	165.3413353290036
136.69410003056925	121.3298690579792
169.59680250423787	97.89469604830025
217.99103959273563	241.46790721908502
361.70085834003515	224.25118957583126
354.32499765841374	394.37753381957083
79.9354609127318	266.963173513781
118.29999982671053	188.07231202368203
51.773157526230726	289.4625664753731
395.4561449768715	273.4873284602133
329.40169917358463	197.84133758596676
319.07506439731577	28.359231641419022
418.7368071926143	265.9764409663836
113.62446421950337	67.29906279727071
106.92411643598561	27.437813829635342
165.98390667990822	269.34493568977007
54.69439198726184	50.166489876788674
236.7671025040039	89.97606807183693
235.02070279815337	297.2685150610411
218.95006765921974	83.38632021921677
173.38456772389614	147.73929423999567
372.31291587755913	120.11723443017229
183.3903208617713	9.527747178200864
366.3313786634889	3.483158022478626
383.7315787497385	103.85710529000711
387.0047069362865	248.68614184525464
350.51493325663125	306.2807779013506
294.77435292142854	44.77979980416127
80.42208662924459	127.30701650563556
279.8812141896474	222.46371103055392
224.1645656971033	192.9975674122902
52.305206364657536	314.5579835329766
232.24598202777977	19.09348864247215
75.31099837536298	193.960831322031
402.3331058439171	231.82203126581663
188.90202792694572	190.20319363425588
330.5710410325928	123.24572198882234
357.6825082296833	48.20512660558579
298.25107021430415	68.34737012230165
53.86099740345808	193.01265751347864
344.30547566545744	371.7893225308179
152.13668697933463	283.68178619120624
368.0658398680177	184.55964741058705
87.7743998501698	327.48159431464455
379.20610399553055	19.60842902630791
385.7265878232621	0.3742063223747668
142.96523754204384	39.94852549263225
302.82189029754693	252.67417901212585
293.7069547910451	318.2624433274551
298.8219899688742	215.79409041555272
302.07950129015614	271.908959461031
285.3752163407458	281.32185027430427
220.9273303034592	260.54695138144064
262.50317972580876	232.02396487212462
388.8161453004002	307.23107409856595
414.6807603354456	306.4039819584859
338.9331944945597	144.40314841347052
36.735168923565844	113.81301111484929
130.93468963123723	275.8328566773325
166.06365580393484	369.1318099334014
362.3693909790719	71.2721152722583
122.75137481877798	411.68289536705515
168.6294986554996	122.79463364015173
187.2309799723045	130.49423696960318
275.82507484546676	299.0326848964892
418.66834593441365	128.62384771432087
37.91228512649478	273.12433320255434
90.88890532834604	374.73423920236473
170.36788185982314	184.32026269446524
104.00304751849721	403.2174379075248
281.4054651549015	77.52392496765016
262.2524907618825	82.34095503048451
172.24080020497874	71.18517426506499
268.2605637711321	157.25461972344954
246.70093470556495	139.981481176913
324.9715387921118	363.92144397777605
5.498410399343095	289.38801564853736
263.3612509938231	415.07629271996547
279.72427564808385	58.13110127656361
166.71325520037308	203.02054684172265
220.66772886832626	411.43408884924753
402.87956463457033	58.259817230342456
130.22649543607056	368.03266458892807
99.03937418855472	233.88778573698903
322.10003654977146	92.1107497552446
137.586576014011	338.944158884145
401.2425425533928	402.7938913122012
91.26593340211112	43.56660190350032
211.52295119028364	139.30815747132934
25.013410384612772	209.46131201473145
339.28927323871295	33.94649084631162
342.7483032272391	212.76738491362292
205.97731166534524	376.49115437497693
67.59180805857495	4.977536345527621
285.4861081562303	147.72096443393824
202.44981127996806	222.25097441724836
72.45595938245431	67.34781451370347
223.8348229261666	60.69200675254145
347.68751168504383	88.88833678004868
153.16801944962725	109.90628001227634
339.16498693780113	106.30890033914874
207.66642014198013	118.0006646051919
117.78845778596319	301.96689566572496
161.42381917974907	29.483826694688986
380.84976068089543	57.50945471628019
411.7359699743814	343.55348670425184
98.27456638612249	190.31556691132482
320.62866463846484	264.3669722832947
330.3601613493119	301.0191254984187
307.10337897921426	233.19953135427843
41.156328995917484	227.44793162522052
294.21868378494156	167.7238737866362
95.45412490413757	8.316563513874575
257.07726788902914	250.32789206080562
129.44142082826113	55.4622032815356
114.30197990125116	149.46612032375424
238.34835056140776	205.85022243507234
147.9342987364355	262.8903121789258
204.43571985392163	69.43526336657278
33.83136152497943	66.48696174467251
364.0091004593656	204.77981980615849
282.7224184090211	27.424092083599113
17.648366969387116	269.7194358179725
126.55731613076983	12.726096584807989
181.9414806891636	33.542530002145455
248.65862697106886	402.800011204151
356.05868177269224	266.5943762575203
27.71777309293882	130.89039934732256
24.665313327460392	24.83869651210784
194.2382987851552	149.78799093925355
227.87159586876516	126.05473623162442
180.7553875425501	408.79222236920936
186.15213116359314	171.10383324943922
115.81537764000096	242.87436892976945
62.06139657156633	234.12756681582857
284.83807732528857	261.62560443044566
81.85149516844876	357.1814929730597
409.12612674516123	165.0061456647752
384.24159589111093	195.88771682239388
282.6192281726873	96.60163692489333
136.35737030511012	73.18218257570969
61.19410873555511	355.06885359970585
153.66656787595537	303.8044191727882
26.232537760227956	289.1863524362034
94.22368987753028	151.3675415149444
131.25089108068576	224.95414206645995
341.2380549474836	70.92828966949996
53.549792031995565	70.01050786933301
207.0361429863967	396.39496918675184
29.494690628282253	385.1637831248553
207.7318447229383	277.122325283858
400.5373198196624	359.2733377532064
379.8399104495404	355.65665928454627
100.40091064806332	124.25649430119404
284.4453753970814	388.15379629369346
280.42271569166525	117.92441989058209
330.2005737923291	325.2985754162804
107.35767458776479	170.10400699510487
312.6243010464985	51.91491005891515
185.95397972679405	210.19361776669257
410.47311566764387	75.85402233153624
215.25800825653138	10.406949750020305
85.98278699870798	304.06977612112814
368.87214212232004	338.50275129339434
256.1111735675493	213.60690853673708
81.85644086165193	88.7065260443888
223.48420830117473	36.025466806277834
244.96829333191144	70.26263280650979
200.2842211361602	254.22299667312333
390.5307258603434	155.5744014153443
319.42359836260505	69.82961446806654
320.78791334023697	161.50574172826245
304.8446736396764	151.13762967125027
127.09862106733492	390.5774039726283
55.36074363991409	254.16792120519915
0.10592615891149243	398.4424844640881
374.15179990582675	38.43567314666817
262.44476741515103	369.67329363033804
193.34324258881145	315.981061926743
20.053846498165413	401.76468817984914
314.009136952387	112.35795014820636
337.1490741038253	254.41634311568538
214.13217384856034	314.37029711584887
126.56945416461849	205.4975670860016
258.5420355086347	191.45553682928394
305.9663054599276	355.2236212444221
326.59092071913625	406.52763826301236
1.1177126057852012	50.52965955892847
203.45798514024946	202.83875503230894
7.235618819326023	195.65077793029536
367.74424781766606	245.7059316442793
409.2050013515152	205.6810906599858
136.4910004395634	295.37698481745946
198.954709061103	21.246271525246808
149.42910300808683	378.4903339145009
44.10149256184302	176.5906359367539
43.8893500601738	366.6085440431963
40.199523578841486	146.85187014805817
19.862906333572692	149.009939901955
135.1089418508716	141.3425406426029
391.9922995000766	214.1949272966823
22.20921027275622	231.7141255719611
341.6390742119957	285.16244233901415
388.2233552087741	375.6738779598899
110.1975256945305	48.140600329122705
417.6756645281982	106.16571456241819
103.76692520046927	358.6079669100291
152.73596895044102	58.94186079828702
12.581900437017497	68.94652922876271
381.74986991229196	288.4813550721713
82.36852920715391	412.2667967041559
154.6071114391812	136.08530137115127
358.6527504908751	21.33610980639276
244.22980270454244	381.0580125672171
124.70474277975784	34.30206314782702
197.65557141002753	343.74304065357865
10.02360544179604	382.0012656578833
128.85698864340287	256.820122216302
250.90270225643053	15.520855898032515
220.68658146441422	214.58457058806923
41.74667814586584	36.26033819754375
6.8003580537776624	216.18482392118872
359.5801610457447	356.2047227458541
330.97203564026285	177.6249055222565
150.39419650418301	186.64833777109644
14.128104162499856	115.83271148462788
157.21443566909124	327.2785209668681
10.605431122121011	347.79816442865933
112.61154967799428	376.0836412701965
56.36898674995544	160.70225659391465
311.9416581436908	178.99939906441097
184.67735583056594	109.97332377779716
161.60967625073934	410.54263322069716
296.88004139015266	298.8149178572811
309.8854854119848	378.8929603906494
349.4970379181816	239.69081969748643
375.9045033577669	268.87490137355314
48.47143302993584	335.13797303672203
414.33253603389085	32.62710474337126
380.35701404567874	229.4511552554465
348.2661329800837	416.1024970551963
358.7676531247712	144.37771618645235
187.05281238371975	276.39416598988913
206.58824812241147	180.34953230267516
82.0208595049125	108.20297885221537
292.8098952384403	369.8509460001614
20.656812024445536	50.999954624957525
362.2583787228454	286.4606439205547
269.89247804069896	41.803548850345784
70.74787131088752	337.72573465061276
258.54991815791067	120.21707664348497
260.0601004637589	58.087334003238276
230.17616959256193	278.683251345022
320.1693051088716	215.0763236830216
238.11343089502319	419.82190837539235
76.20433411096114	157.87211485274284
199.70006036940185	416.01365141754377
368.68775448722124	163.54216532523577
117.92248325335765	110.5549798235936
71.20164849961398	39.523114148748704
142.42089696104446	419.687513970141
299.4145639089706	418.8316033941329
29.193682280237475	342.9739782993214
405.8460539370749	251.3904731175984
248.59510821880144	162.65528448553727
277.32495653849935	357.2831901908875
315.1209946007524	313.5526494920689
52.08413417449053	125.78926935636983
103.8384106589125	95.29687716990978
403.07222496143663	140.4054645379503
289.88117905532147	189.19805775317764
139.04744008185378	319.3414240562234
331.92427300891495	54.24138654219655
161.1157776913946	248.55973787512235
27.429742501849674	166.6397623812816
118.74435365390909	130.6465073306742
317.2959201463611	6.304551691748648
273.4856766330057	203.5117098511586
303.3723001291801	95.92832866628298
301.4556202074795	18.42936901131587
396.1229693886324	40.35102881521953
74.54180219612144	287.1148266381898
119.71681845682764	322.9967899781388
243.62223957500706	362.03656480056713
264.26795757654145	389.8577767836894
351.6751548096785	121.81588868795183
168.07893956534707	388.8733046901407
71.45063186040801	316.63211384226474
330.02887501517455	232.69224980891127
60.94124533230756	272.46685409431194
251.22257498705255	34.73989676826337
404.6497553462518	186.02187948359347
419.5366729051593	363.98746209299793
245.4134112735532	266.0681757590024
168.3998977853371	349.5020839523591
15.334182923798403	306.8978126628553
95.66979278177388	252.68230859180372
172.50525526220338	293.5174958672083
15.331167845689423	250.07300357063014
204.0057058502887	96.53530018779811
146.1973341702813	398.03334772951126
50.307570410213664	385.4870652602923
238.03107988260277	343.69585356150606
403.9075443766064	290.58186543464086
166.2609594258127	165.7740153214521
215.2533162971219	354.1225611686806
27.664770660655417	2.35410948370087
35.327771239362576	306.0116879451529
240.6863036528946	50.746666625453976
319.4098918508151	138.9230311954347
398.7862409300417	92.230230438594
342.1483533375397	347.56856829391677
392.2710258713275	340.6370111980014
361.7213304870096	102.97255764651374
373.9442370940199	86.40552769954427
47.07239071200234	6.777089493941009
60.13488463556897	23.860921283422385
24.62958635536265	363.17766460636915
240.79006182232266	182.26337750573572
264.18088564892713	342.98907645697483
217.84252019248922	334.05925387115326
148.56413607987793	356.92541315916276
188.00478313102585	235.47106043312365
141.9887787805809	242.84546435934996
151.0019712707905	225.4316586726784
132.96751235273214	171.99360040285387
226.02758761336673	373.008923237242
308.0246664703039	399.86605320276163
