121.39245644713358	383.9482187772184
382.39418621866787	324.34304167152385
142.27072412242583	94.42493885500987
317.69320400869424	360.20630405995416
61.69171598780882	132.99475650127204
250.89947645541824	253.96938613995744
124.97411817630105	7.679315686469657
282.63195133056706	356.7182113663963
223.92658122640933	140.75677924359417
210.98628583347846	216.2848201907305
302.83051912638393	348.16456989699986
346.3532727725643	37.536421263726034
356.8490007911096	183.17755357228012
246.29936013946775	295.52419362557606
127.18980298315346	49.542378328750885
301.13152780229444	86.10963268558457
362.2581337578723	0.5050799488731068
357.94009086180296	294.09545765915374
175.17473224766962	293.0138197613301
419.2794485054106	117.72337732345898
142.7893177822119	215.22745416903757
170.89598590231532	134.31163766798898
69.09259298792401	240.231378282841
90.76160416990045	33.231218646263144
175.29845941794548	369.6550271756418
14.85969292663335	394.16676150647766
92.97072977280926	201.84858428751588
3.1473694347502237	286.7421865101011
417.6781281154537	417.94331956007824
254.94661176868516	168.99799381892015
15.692240409317561	141.86820623422273
333.3188771702202	350.17082518335434
330.76849686510377	245.46911705441528
103.62601351563937	18.069462830901806
70.84428473624723	410.9572341820704
331.83486182344694	410.74193079038605
314.8142768884235	235.64356503814767
45.63969658915325	415.92728333149313
79.70186105061002	136.0411171205485
53.00460967597419	209.66031407363738
375.5734090007826	183.8405801245535
29.33169735192354	293.9413732386222
226.09309237054924	304.6381060745878
218.74478371683466	417.82833553062005
206.93690642712008	58.99890146079185
405.418574686384	28.787828497572413
359.7363866004155	89.52109602706196
193.37937045690123	95.18328962595389
350.6395800274652	340.9186166127805
275.78130412570073	46.30056240701688
35.21550463317946	220.75569804818807
80.4615653373883	305.9866339704368
251.9277849623017	224.88301382799216
200.82337261734833	379.6413893368549
216.05904814231081	394.10188494479934
390.45348987812963	261.7670971910313
276.1419559191485	399.5438056473076
114.12409006083953	289.3630807832279
35.89679409473905	240.7727402214316
386.54387862622826	165.4929121809108
58.68424531550251	73.74418003456317
95.15148870190225	162.15363325293623
222.65893508705196	197.1751358537299
261.3407526827803	306.2654087362707
19.327524285496246	412.6266290380285
39.32156483608843	312.0420882098689
321.83156812927444	267.73835408143145
36.05772556963282	33.85896378738669
0.23960253761215444	324.1502886204402
387.001285615461	388.8592100113996
12.179671231299292	33.60295890309296
280.77081048949685	252.22302415181235
223.37569581042098	370.2048158574676
88.32277955577358	404.5248161815575
80.96475486589553	7.946453764407426
234.9167352213396	106.97291222701156
153.14381951091997	277.1198505036646
3.4426920786289408	267.24945881396377
343.20523576217465	117.52337223827358
20.46422503799184	315.4624835588982
331.89661303716207	132.63486197574292
288.7052073864487	386.25992128771435
232.9491339062616	88.36573636744251
313.8123827496125	291.4483325848449
146.86786213507315	114.82716189638631
55.962130103025245	253.02881042147447
351.51198418685004	247.8303785686777
85.97664332894212	351.68474523685313
281.47517694467916	158.65031626838342
327.9690140616472	332.0642028145718
396.7992180231126	48.460979814134845
160.6433075246148	249.40836203439343
51.21964929658254	272.5600626951545
260.52602657328544	367.2099038967632
384.06505998724197	114.94098835247159
11.222352314451664	181.7742802502566
120.29254631452761	31.24872816599239
163.21182813281203	308.8158443046622
122.19128905560893	346.73476052803534
13.328921687004462	161.81109456741538
393.7448566809027	8.578473999776513
328.3611493142473	392.58645231967876
370.76408378812533	130.62432194341528
31.114011274056637	152.3604214320551
416.24516542716196	238.6727443369067
59.60267738888148	310.1225087411197
196.8570596382535	229.7323512726209
219.57334879369907	72.2261898629003
183.79508075291525	190.93598657444247
19.113543078945742	16.534477552895353
197.7513941377013	249.72791857917204
280.9752336037865	227.01688724254348
62.22103399293634	377.7609556839187
341.7278846642287	79.07633651287335
221.168693277627	174.82837802262165
369.68210300757926	397.03226955940545
357.2175428890715	275.0039119055532
185.79608515487828	153.36612733793385
405.55277976887817	274.36253870595357
298.4223750791666	151.09018510729626
76.15361751634971	220.9683504226836
85.8453708258773	371.93806129579616
378.00623097633246	222.57343152141277
166.58924113563378	152.2196677071244
117.8231634493663	269.2522535565505
235.1044238205272	162.74957696374003
56.173688200600424	346.49722643112085
403.35897361307366	332.15655649096556
33.72625757536028	175.84023762240162
367.085950999355	36.58283964733726
144.42514793129186	60.050551211400354
219.50894538815666	342.6894623374959
349.68026024188634	406.77260554417757
238.95922848356375	182.51995883422063
67.82210875797144	177.5035647263175
280.2178015017143	323.96513710623566
140.93254878858232	175.51477908699206
212.87302569968995	155.60013765846375
35.201319140060185	343.30588386711963
371.82205498848253	263.44228222513897
269.5447665980955	144.60466902307581
216.31954466370112	265.64714735089194
196.04169961636399	205.45465631671473
260.52796399617887	415.09241400022563
349.4629654989528	314.51875866880346
128.36117297601473	202.66415442190706
50.86630557702469	165.91666049143063
360.07740251697874	107.93896258325425
20.762839133036984	87.15867627899577
87.01054401152204	51.40935635579386
105.96752477609525	186.98592214417363
16.86872449932138	335.6587843444699
407.87696757235705	66.76257223098368
415.40983880141255	166.75530034917338
283.25575892949684	281.0588120393074
157.9818039888846	43.07067346509042
286.72506908577867	74.11801472501016
394.06261258214096	86.38058695142591
269.83590576237054	268.4544929463649
265.6153763382713	348.4437365712397
415.526397067142	390.95731719616424
143.30400919655028	297.27286243923436
170.87271808218	115.30594431855069
77.06320374233015	389.8812555628064
146.16187370141037	406.1817940982629
348.0767537422644	166.3643090630422
208.40092800476066	15.59764250947152
141.38949102962314	344.7024220640205
398.5547870885027	182.66201581521625
277.5723011408477	201.44196627133522
180.64222661857886	217.9056980689163
35.588409368565465	400.62908901404836
313.36805157380195	410.94718000571703
43.32484498286401	128.88788724787346
266.81018958589004	106.60474619884803
335.8668883287208	374.45797642878654
80.91066348299343	73.34273252348044
158.1878861598701	78.13605155358522
367.7481499119179	55.17435256804702
49.003117614005085	327.6344288991273
389.19172130007235	239.84708183145352
72.50373605283737	25.495297179326595
196.04817620617555	36.180402464392515
309.84860210352576	24.120411486562723
328.5450292282414	33.29623058096653
174.9117305714783	235.2749605351585
382.8136008707699	413.8018817981686
411.10091042169836	141.91059131331235
127.18624909245824	252.7346643534386
95.62118247117238	124.63411475538658
37.21408351194879	110.73010825906003
77.19538148921686	116.41031207520868
68.89929072587704	360.5942876129179
296.5379845525608	36.65343728473871
235.12297456975466	386.2142406656829
237.90414917840005	416.9306756233193
158.26838833442983	168.53037083367286
370.90545063222896	245.0644243208913
359.6130389872121	207.2584744287533
337.4968245909485	201.0282004421573
190.63200778027957	1.3542285189815568
170.48769007792242	347.5292344154591
207.3049549098892	312.8695077375971
355.2743786309382	20.637928025828714
97.3617922086161	281.03306197071424
264.60260058239754	239.67493406063352
107.33951408652965	418.45241607178656
254.47594368995587	124.45061102812141
293.8994093216215	189.78569030670002
179.89154242187115	78.88660608036396
360.2654764439002	381.0548404135253
17.345446816846177	209.59139280695211
28.45738158563565	372.4289593544835
261.0744714472635	32.452257743858766
339.68745722077597	282.20694784698657
24.661005523080785	125.58677900398331
6.937315533430584	64.56610271235881
277.4602063992357	177.65272178475496
37.22220908099837	260.6495138028818
43.72275048311805	56.32141388800552
399.06483416818213	402.9715602858636
121.98981060495323	307.4435504522739
341.1369277601252	98.77702602356746
116.69147896715052	328.1368613803727
56.97370403430303	396.85917097637883
247.70253150605203	15.44607604550927
366.8626531876422	148.52769053917612
182.74939290653663	18.292090864538324
402.64746278983984	294.98536293685527
101.38551207833224	260.1640591803454
102.72751037018304	380.706729182105
49.097461139837925	147.0404958003898
153.70167732477455	5.094560998071139
14.892691985493935	230.00847095635845
14.426452503526912	107.39057103442181
229.24492359333718	324.9954461128127
299.02927800591704	312.77470591465334
279.98230661601747	25.383592854225284
307.94793040852	330.23764824346154
384.4137914111476	298.40280306010095
234.83077231933012	213.01276051876155
295.53383423696647	132.32395867023743
120.42462946027942	151.5302000048498
107.4220500684849	399.84025935036397
318.10682097996875	146.37604226654787
197.40499555077247	271.3892403571431
112.38104756056897	168.8323752447365
69.82231387004543	151.41083249890517
117.64359738175143	225.57355406944288
145.30924463039443	195.58957359210532
335.94433952511116	151.26830381386335
369.64849728525206	363.1649421255186
62.154051457980415	94.90863993841108
180.00988611134548	254.9296984176448
131.3940307671811	283.1430116542572
277.82623223060153	91.94945502609384
50.24060651395114	294.4434147841381
149.1744779100067	139.71129788013877
294.27479388126716	403.9275822632371
14.95573915720759	250.14976562298241
260.3341179863334	188.90292887815383
338.85199270743846	8.133560210477308
254.5893603230209	333.6289182295904
188.76806306233368	322.98349990187694
391.5800188523166	349.9675846036007
111.0254507426748	243.00749474381863
295.8034959362487	239.75250242142533
312.21118813134996	70.03720458379944
351.3458429023017	361.80114646300916
114.43776635939857	89.08390791894568
408.91729739470037	255.72317934428074
161.5419297219726	23.827257406821918
249.34476310382297	398.4966365099951
409.0872638474179	372.96819939676885
156.81374950798937	359.9773673075396
125.39652357867443	103.99060950287414
299.25858191273386	370.4750027136337
197.0889467008442	167.94229171043034
192.65501368935563	301.00525285605596
338.9193936292705	54.60035372969375
115.04011122653816	120.82045038091529
37.39810540789084	12.461224139184045
28.23683329755001	68.19854918286147
368.1685187613031	166.90713676993354
44.15898950024535	382.54387087593454
15.068098128709394	356.48813155077966
213.9534955462281	238.28931844531024
252.20296211763727	92.29877754088719
373.87337782587423	343.5853065286881
318.87091258641055	52.939516733751596
21.049769087122755	277.0835495354154
102.45598767206663	307.02540528618727
323.12244400465926	217.5343805108063
244.502222697105	73.73881314874984
309.81335639735835	388.4617154357381
170.88775067996855	417.83007282019054
295.54679772195374	171.54673131956574
67.55139244353977	49.41329945620372
341.0928788948603	263.3645115076693
398.32084021147836	314.5789348663424
21.92526263995895	49.17788231820441
387.01446895873426	141.47390152762497
206.09402647476762	109.27346151811763
293.6494162077458	265.18201616347017
244.79943580646193	315.0818817789661
374.2627973171934	17.041130191107623
95.87888010866922	220.94260631881775
130.37067034473532	132.45213819895795
144.86259491127134	259.24403275813086
325.5236764789094	109.50467413398964
139.25668177876327	155.51691475450104
381.9410417477491	279.24930080908047
363.8086369992315	327.66614251230334
201.5020658644176	406.46728435473636
416.9684736335692	220.15279184027804
69.08181790382673	332.89526699010486
320.60334095861487	310.87381785059466
127.7549990840444	403.16315984905657
150.8125445082609	387.4917155835141
213.32791824969146	91.11616759570005
0.08658584291028464	196.7278706924598
221.07018086225094	121.01631470797756
140.73952635379692	36.9721242568244
226.6383815342847	19.38059132145076
273.3691506950664	123.91537705790238
161.34224636602318	329.17174818512365
155.92217355561894	228.44369626199094
250.9675232302855	55.029473721229905
378.1777639094791	97.4413487993755
53.003005146283385	189.80081812163127
43.152447616141245	360.4217696247529
368.8326194449418	309.9845538143424
164.51317558665667	189.82608472397783
79.12869146974917	255.74983627396898
385.95622878291283	33.314479873711406
116.12346020981802	365.1107889918057
105.57290792769484	44.763232373357695
202.08850770786518	185.61698995143837
87.51654272398254	237.59729879476131
414.15368309897764	347.2689397723174
169.14309488636283	389.6817333734616
177.25762805430523	172.71082770293626
188.67609026563164	124.75200753808758
299.2576010197708	221.63721381370715
284.0042354997213	299.82405500317054
143.85019491478272	316.4701226570451
307.36588562635313	107.34744190408107
54.31563512620133	30.36682152332581
216.2815224580795	287.78787448582665
92.57058841325524	323.34691887353097
386.62756785385847	370.0716935925363
188.38113097058337	352.23257746891346
417.7828850572129	89.08046713487718
253.83596793425326	278.13643605224667
259.6306205686847	208.25211127056096
98.44967367031173	67.3074101499537
352.633614248805	135.8128207475627
168.13031255773245	61.85957818068252
133.00819076176353	77.97349744801105
316.6228537410884	171.66543461973055
287.1532894344886	108.70553836767776
336.54970347685156	300.3032296199829
170.913270336424	96.2483303925349
29.191562671232894	194.0425564121027
333.29564979876943	179.5100781824837
110.88730945009797	208.32639974343823
264.13202926293	385.53547674665055
306.3600557888183	204.14867128581045
102.86969221410273	144.20292900710024
292.58296933406984	56.41736669448487
375.540695927674	78.559042956045
162.6301242273334	208.5538155274391
217.83765669419708	44.03768739813878
173.92344743581396	273.89841300600295
320.1939750954617	8.841939397867272
235.44141877814587	233.3554400348436
268.05212278687304	66.31302111268111
135.8706839296001	233.995137956561
289.5000724916236	6.434260107500521
236.3094518816135	38.399999949868
95.85441151988482	106.31436782719604
88.22755062371203	179.50388357503218
228.80306115394117	252.02460172252904
140.04563613140766	371.76113201118153
248.06798673572547	145.13852969325015
319.2571365059805	191.21791474471934
241.7647620324501	367.3575473904958
58.875114603789896	12.607311376051175
235.42671738561043	273.9972781586809
201.94466089424606	138.40931930431964
178.279316807415	41.18578186631156
117.94015426217645	67.01941508361351
50.96648256200509	230.1817317158776
231.2600172893537	56.49056448060766
239.4564058401007	348.1926914013254
139.71586707199847	18.51762486664824
312.67099271119974	125.01526195483875
57.96716286195373	115.1041398438868
72.43209119353875	198.2084367102826
75.92545055322094	285.4427535655712
40.37485261728455	85.21117259209974
207.79729603931594	358.8607183765033
0.30615314489778106	17.67537625576283
404.89734343613554	104.54802559908622
343.56689097825415	224.00078303668533
400.24433124902976	201.74830163103357
388.27487703468927	64.81250528034414
124.24548710069696	183.72800690154375
188.66793856001183	60.92319377230001
82.0506211987869	92.6151848827106
399.852740547431	126.42855213592844
10.394292405979822	375.4648514392196
417.0475239841056	47.420846426044
200.94394742448873	76.38737481669313
378.9523941509208	202.92001369843751
308.9778955404515	254.71937315923708
419.28354619717135	305.9035174511845
398.4235905331526	223.51465220210426
