110.28742269334423	129.45862742749816
331.4698500757661	176.8686543158546
162.31991608922132	178.7371536422664
56.62947057500161	162.69212724007932
61.8413196348738	31.429520240906225
207.03065330184725	215.4373981426823
331.83726161191396	27.726549953286494
224.34001063089204	125.5506204588176
329.7826056150441	160.35041126078883
358.62512731517717	171.1080325044388
129.57916700185345	133.1411771842348
189.61517249504723	20.44616891196107
383.68252715438746	331.53799547693046
230.35820177643555	234.1792100524058
191.5657334526668	99.20224191081037
45.930335372335136	339.29074671405544
289.8059616617854	42.67485103068879
181.3424902807178	31.813543698856908
59.755495281740565	190.76699413651784
73.53335528510105	240.70559958964785
116.36878481936121	354.09663141757505
383.87719309371147	251.6205982761876
38.21092280432144	53.63313402459658
25.452652825466192	12.292290418496794
224.11587059385658	409.0480910717086
176.68977723345824	101.89170112210918
147.8494268028361	419.87708267739146
337.05737663599376	141.9198246536145
302.07299110752115	277.14165355348075
112.67087656764994	268.7434560840504
178.93143250280662	400.80582152784
52.8835862155064	18.10329889389641
23.72386033332828	387.1338966530897
113.80883859544015	68.73174569711743
36.24980879093177	176.38947110662752
158.24157435512126	318.51981755783737
40.16047421295367	73.9139261418257
229.898382034828	252.58143581008443
396.52619647329453	386.513174204855
79.4040787367777	190.76725304890604
197.86770626421736	388.8701343988449
34.40312652522799	231.73344336621872
248.9958646540117	191.70392491921965
78.88589504122588	124.04241596927272
54.36081111224689	49.45423615974747
294.71840523976664	85.66016600181284
173.00736858305171	118.25144875215103
64.21072888082928	60.74403427845456
51.08905706567664	353.9663217952024
57.03515376495504	394.65610549862754
256.8864283996732	230.5962697244511
279.79877248570006	135.13326963061957
11.683304924427297	395.84398708661985
206.45400061606279	104.64305847284238
8.981547040749193	88.8316974933432
369.2126110323808	340.9519711067772
338.52327464098704	403.79418700127496
113.75492254774356	176.78973004311445
82.37446250528426	387.4464335262665
339.57875990784487	116.40810285284807
13.89179766243824	298.728317175756
114.60442001217645	54.49119508429883
253.1815166817923	106.90914702187679
275.7193532147087	357.21006387954225
233.1757653425329	4.196433740764058
215.8799919806284	301.4727698112481
391.52792821060945	6.847562255890945
81.71280056375493	405.994172152505
350.80072875331155	19.42570910554826
314.3779817724226	311.687223814252
234.59632023481433	60.95902678034774
398.072923794061	139.01624106523272
170.81754644949737	308.86064586346055
352.42895566866537	124.91337096017214
417.8769008136092	335.11383292658263
342.81571175428047	210.47982101829348
300.0687137605608	314.16942900696495
349.55529081070677	184.41608209190906
162.88228272512075	254.05408525174283
161.85826680275665	344.75349508057514
108.31508088884443	246.3941279645149
12.861441510602523	218.82287341074593
355.49902361672747	237.4570716098915
357.91522477482647	357.98921773294387
389.4637716849151	204.44460745208232
162.0486392865331	104.46395380418221
5.177195123424927	30.951726892979845
130.96806080392193	237.95128916785058
89.85612503100543	10.799390959758968
313.68758205187754	346.0591819211826
186.56076173492224	370.18298966541084
383.1808364709849	378.70898634391864
403.8566961964476	172.2805730073114
196.2586571184266	200.07422740323312
65.55311588168372	406.1419315469768
32.435469584110415	197.4137778240242
16.465560099815704	136.96795147494558
304.00012538683677	44.58381270551087
321.29081176178806	250.61970629064646
122.09380822610339	152.51034517503663
31.930931280674958	126.83289682628525
417.1718010150029	162.27348095878597
267.39842055172863	241.88702186094574
315.5171395263672	59.31364033221106
262.381516900314	4.574167012191022
311.36356089443603	213.6358990177113
368.5209129053069	250.8509791935197
129.0535105339758	415.98480786874586
87.35374725736824	242.795706845011
374.3411435330825	175.29229564792723
82.89117882370823	98.8235617958174
326.05878626632983	194.03713002542767
120.386017189783	398.43553980231417
76.54598734059954	222.30561671943747
261.2550870985325	67.34555815639074
323.40807486984545	231.40270200399107
398.28936357584746	339.42512237019474
366.3969275679252	120.01154150773289
190.85598896076812	162.41713734990554
122.92810710288713	317.2402321208151
55.65802487623507	222.40224904670168
11.655251428339263	122.72435754356208
194.54372765784092	131.40973301183394
130.58870663648113	78.69549859281535
334.59864916696125	316.6357513646599
282.4108468056709	20.564545176601822
402.83575074959407	325.1068416158206
372.5037578160822	304.1152979459436
163.4388624662112	219.15434002653805
170.3538776636208	206.9325716483969
391.12184932265114	52.207404182015146
80.83140903373521	66.36594461789034
90.6035935105448	134.71171769686188
243.1403276982046	150.83549218480215
275.7305050975391	314.1307380442296
3.0385010149457043	9.914296437206787
253.20300091500556	213.62464689195374
201.14365846112779	258.14198101853776
358.13808406659797	141.05405364248352
275.1187356171388	175.75314127107364
336.85413950284874	224.3936175659432
326.33971970808113	279.1212509046539
390.80773080804136	223.85541406949412
231.382473581795	159.5387362153922
204.79784341597338	49.672781257393964
20.75040399235399	315.3580430903436
401.44024484517956	71.16966517965352
144.35433242015694	388.75304699908224
384.89102150878153	78.3977081691832
187.34921876029253	214.239355551695
350.5205533047934	307.1225139060362
371.876729010919	25.540009728859015
105.66408986165914	43.703918788234795
179.48565908979734	383.2930918707301
339.5987214119073	243.15289239285778
270.71890367275796	28.257207465608026
326.52832094030487	396.02861500140307
372.91126070163375	159.12451609583388
295.6392268469426	27.596037436952276
308.515111144022	97.42973583769665
366.838305201143	318.22178568366763
310.047712030587	24.051494660404845
201.22390413624672	118.15389435429005
204.33928318637584	176.25636337389358
116.6733653299538	113.80436415061331
1.1620146125711752	312.5240208975294
357.31826843395015	202.6854476119191
170.7687234658061	68.50366888561746
173.2595713070428	167.7057261906625
329.23287869133657	361.4288283747292
88.7704138234182	155.09046056765388
381.82443211344014	314.63584767944593
216.05749596862844	227.2130249027483
47.38888658830579	35.90208780532613
337.77095808267575	1.6874954164790599
316.5178743880924	116.95448368078985
192.43947440599604	61.14886252733767
287.6546418397083	147.26986658195344
101.19551624576778	112.89312376488726
161.16699948971316	386.83524079400036
347.7343152109452	42.094227282962486
320.59922248074713	139.39326757861681
201.28061513061553	416.0066456922548
236.30555487232593	108.14406876139184
251.86065583092065	133.01472758651954
78.60340550271876	291.86203642151656
223.22356037757692	14.986310063572805
93.01097044590247	415.8504395132449
34.2933479824541	366.74841242982177
419.67608907405173	148.36252804930237
351.9967930007987	383.35670752246347
245.2082583967633	13.769537807123372
258.6169897963889	83.5217674305088
370.417848482539	213.53881074702963
20.15967891769737	76.77327686608372
248.21149629844078	413.25668218584883
99.19902481463924	61.55344880473169
79.38320474521056	327.98292708674717
40.16369959500355	312.3780380806615
346.73537013283897	161.61209346174286
110.61734739610395	194.64637266601525
91.33134398906326	172.56919069127068
335.40122125414354	50.490007005044774
101.55339425905977	84.59130472986831
349.7317220766201	330.06261159792666
314.6486629623667	182.37782574403457
311.0292025225683	73.89747390810943
408.37689946061454	375.70087287128024
43.355817067693316	381.23321468252533
385.8549075967568	286.6755784670885
241.04044458900637	94.0429787543507
1.6349550570100515	354.17122271414536
414.54838440420997	115.4867450400054
345.1284795281193	258.98924872629567
261.4084039965937	121.55167631024072
223.7015256429775	286.60352141945464
262.2140002019979	340.80886971671583
300.7169795321095	391.2526731031394
412.89191910823604	220.0372369900688
295.03758069264853	101.39460226088073
149.53456861178222	363.6276593998868
376.4125307958554	65.43584389946952
356.7019549205904	1.6426534623233375
255.8199192299985	320.1794177540405
18.615681523477523	236.71635178166215
385.993697676074	346.7610623017616
176.84651860720862	280.33365115883896
15.560048289469275	102.13799771499198
159.79290046066998	59.006714801226266
402.3071546805016	352.883222787564
302.9459308251141	299.24412429548306
8.468911108573312	249.7150186276758
135.5164320092801	327.2231815275239
93.90024437649991	27.898528109176674
209.78984223743075	276.63358562360395
35.501569087225114	214.12947971609717
198.760718349609	317.20063520446575
7.120250047092311	280.4678060427369
213.85242718941396	247.72236104215952
384.9726244878309	363.4740224716819
142.7380901679638	406.7438529413027
329.9706611725864	331.9879160038525
153.2031210135615	25.116522739686967
385.7102633220649	129.8887358050152
33.04852329308036	269.4030716681713
212.5592290039346	201.3288287062262
368.5401375146467	393.5842922007164
114.73539414376863	328.74193132074066
204.26740255901296	341.4648408913754
145.53691896337395	272.7515714811596
145.32229479566692	131.49082277047006
50.92648137668605	4.002753696565638
204.9421922957834	90.12323279822236
244.37008768757642	263.43077129103966
210.99028360871426	35.058858387616546
248.19262798057827	370.5674541765122
64.382997066855	142.3127100509333
101.92858964831144	314.1157012631532
276.8345307306867	160.73612578191864
294.5419523840806	174.05948269458662
5.7575153885347	184.66757645951117
11.751953089830579	169.783299963492
241.3716389277944	296.24631240383997
209.5845906008118	155.82970594529226
79.93622092106584	29.020401672342558
293.44032102165716	355.58384758854453
357.08424218647764	220.52353331850998
227.97277316003752	215.50948607966836
169.13595034944024	410.6930961263822
208.0935589454758	63.22004364317002
165.50458780925027	89.51496807055359
137.14578025242508	119.36275271459196
260.7853287808632	389.41092348606406
379.52210521917954	115.36684993986408
128.5034015627976	383.7837880177459
58.837430102891354	125.34314470911406
409.4591930281524	245.5367333098158
204.35467998900265	142.35490868661333
218.62600751318854	357.8303529337829
148.5157037726166	192.86352113625205
405.74820064965985	188.28658875114243
115.49626318650049	210.2987133886842
214.2447097218274	77.89637600467967
73.8686240585325	348.4198447385232
224.2922486169055	171.83496465353176
243.47745319643127	120.66690718001308
158.69131010240358	40.57869189663175
390.91503049821034	164.2907735677457
223.1160187761605	315.9323561717928
182.2169758367108	295.4000780095027
416.55099423170327	261.485231082975
351.6565414654262	61.718879639271854
193.64603476770134	76.06206300511839
144.89208423125996	100.50836700133061
228.36063111898955	335.90393735422936
186.4907542725003	330.3836195138009
261.5562720003622	161.85381677039814
49.57022536253089	205.6999153340809
58.656796915902916	82.83204484842744
296.8684466303543	412.5510279977622
246.70611980592693	356.0473418243196
305.7113802764082	194.53535267631537
388.68696388221986	188.7182427842521
137.0458067423885	286.14860887751246
393.04194692857595	412.9146410798134
406.78771720528925	100.17324065616884
368.68179837341137	100.91578233790942
19.8632695761265	189.24142626425515
387.94212985880114	34.50671188160111
385.60764031057147	100.01348723301706
263.0870446158532	297.3832289355749
103.08886182332247	295.15146903666414
281.734744166585	375.4092480485547
113.856651386545	20.093884212358848
285.8992252712787	393.7448847372479
290.65109724352504	196.12796428108967
314.18586394573913	381.76323417129777
173.56319506027995	6.1486302976833525
101.88344511926745	383.98731098008244
166.02122369511287	132.99639497169892
67.8069919207325	319.20247089196965
191.33696236923373	276.0599437950395
128.15591323201488	99.72390596943215
208.48367657598348	9.77888694281234
120.41612903694534	370.59527190530457
230.03343898453193	77.52082878056856
126.63740768287691	262.1394596704154
166.104810244077	152.4068421730246
376.4382917005662	412.50972211060235
275.5410598933754	417.5713640238055
0.21945072223070247	204.68831709054948
106.5763053737641	149.50407198854944
328.18181140177455	14.046085412296144
16.33113815378634	47.931495679639255
159.4316896378919	237.43961776620066
258.8434331754138	47.537369173201874
353.61751846981053	405.5951988272199
145.66058813659038	70.09368359853944
315.041396801136	9.345420805416536
246.82684088198266	398.78885234490696
245.6982864971024	176.824172311979
386.54464070577086	398.7281142465549
119.0344730200889	301.59048208127734
279.8485249712274	331.7278686998354
177.0609008718711	223.81946738102403
331.242138679717	102.47092996690746
30.22476409759393	42.08767549949087
315.75631475590944	155.1687588060174
277.4638491430124	55.22905571616032
69.99399412638685	169.4657482708295
186.39781900171442	177.50497907009563
244.86185476752354	34.364643406989934
37.03217411921377	107.86480968797359
285.7676823174885	247.43995392759047
315.2154848290249	263.40713217025404
221.03161789040286	187.21241444069395
56.79189022153796	293.4427874940031
221.68413072065908	139.87304597765186
333.8696037098885	302.70566161298143
418.1044850473275	129.5682580773971
372.30169230915385	280.3658638903083
126.38407982765267	44.88408363749456
89.01523281754412	359.55930067953807
302.7061952251395	161.098182424369
410.9391417108057	407.274576703963
248.30626029704968	334.97851221095476
1.3551274798333368	61.61159721958586
250.64405214054324	282.31121189099525
66.55371204104816	360.3395788378758
113.3174313481115	98.08128299611428
270.1322738189004	224.5400332984194
131.99248693297505	61.48808312908163
400.9089890020766	19.363913060404993
127.1651153262722	344.2826165977053
70.5909560740767	91.44955166239983
340.0176064185906	83.79306326866197
16.815194200523017	353.3564020863586
210.92882689992373	324.36392233396305
263.44196483738335	272.0767331720661
105.57963032603146	3.5778198629837914
50.22100207732414	271.74987485302825
222.60125350922803	105.6442471322792
370.23047002922283	365.16092505888656
331.1950344472087	376.85018026656127
292.9702543223636	129.17725717347946
140.2719493623112	38.746914038839414
223.37040115606143	267.3206403307713
369.7613706997504	190.20616726057455
153.27326735464936	208.90210272758955
158.9942041352786	11.119879147136869
195.43104391726777	290.4902658861725
284.7864431125299	289.31688817625576
268.0381694111298	190.3890141721961
137.08197380348676	163.05613790640152
416.1185437042207	394.02280884365973
25.614883384371566	341.24570830938114
377.11987169946326	50.680580755862785
299.40142573806327	241.56385224825252
69.31355327703255	6.074610178892084
39.62729829644837	287.9468666911392
294.9200138523933	68.04946838821743
44.060664994846135	259.16503040797693
303.26038826879505	146.7579170234699
153.86227127651938	159.0979852280219
1.3769528317700024	236.3279262136171
308.82866471682723	230.5731593769046
346.7544911451586	100.20727729784377
373.3987969788651	142.29308504335003
184.0535890703007	143.1221744927817
147.05195142076113	304.9288892326429
340.44845596940314	272.765788405392
173.41005826423952	361.0307970387495
134.48912062878256	186.6178406426967
