201.98966925648077	67.84601066044851
399.09685125596064	403.86062988298875
375.58327063476673	225.82909185511863
362.82361153812514	339.53080118970774
390.43347088710624	354.22902295952764
169.37016710706646	185.59064202960383
277.6600760120295	34.91691989480276
120.79095156521991	378.31842281260987
166.01220575833148	323.47136747383854
380.6246952573829	91.29257590997875
319.6569911449026	80.34481004494434
249.89079983343564	145.95932762459873
385.279145005875	109.50907542319253
199.00504280642969	17.70547208484347
382.8839353411411	20.8637978955971
110.05834996644279	55.07677151673107
43.22109277218812	120.15789272140871
337.7803408779718	169.60341733783824
238.33797655122694	212.46212322712782
5.316726079388074	167.78675510844548
130.4517995413299	37.87056952364536
411.8370020678906	36.26993583812523
104.69236829344833	241.57470952517428
115.32577839077445	140.10921879983874
307.66246355281964	183.6434631895623
212.010736978986	314.7396089794672
89.67884446246221	319.6979074384284
187.33599007616013	80.4630460546876
148.07285596936018	134.24320603421705
51.40972813440468	265.14243450981024
286.04506356310037	397.0329296235075
216.2341302561525	180.30849361983252
233.52022216127702	288.7325211972162
160.3227578745305	403.1016772777644
135.42805573111713	65.71401004567218
39.84413983528144	384.6252461410201
126.10645205979752	125.95526747413543
345.44359437759323	85.36434503259352
179.97260060617384	192.86602119446553
309.48311409881	376.85151670709735
47.83562192093496	28.388406985534978
71.79522514983005	164.35086868107385
42.44451588731306	7.899953724551127
201.80582423406864	330.8919729939324
53.06001605439999	79.78917044289508
134.6585041180438	81.18465135350908
139.2404788199666	316.52980985923796
269.65500461815486	146.61160504277132
261.8176402531289	89.54812074271321
238.4171032968182	168.04797512656165
376.4658846607246	295.7669341568222
143.2160511898134	233.5801301296561
298.2794601332117	412.0182380248917
119.40816062117815	26.66035310174651
93.4184681731769	293.5125621373873
154.4541952553724	50.99252884150288
9.553245884055407	414.3164701269328
373.82085016440374	249.36004686180644
56.518649577383336	356.2598755217603
411.82148816136004	74.0191765833052
73.05741583298223	270.85113289606585
86.11936899990295	227.4610073536662
230.66831271158176	337.9187423332664
253.17649161144195	29.20646966176788
283.58230184064996	197.09523130393245
157.6664465221023	93.7334389888767
320.35482610497877	217.84184389999294
353.460560780049	259.58341707192886
168.47697093947357	214.31295910193666
388.03047970640984	219.29482431160662
71.08591479196245	409.8889339401735
182.73670472968232	216.54786066385483
253.29446250166862	292.13908306593993
80.8182925532675	146.37824003525546
366.1156664816322	372.9429738532045
342.7275302550885	70.24182982349058
26.885077471317327	11.442534197705577
399.0743348961606	225.92968984036546
64.4442863419043	377.6190751036715
287.48320535831215	336.125791946849
25.546759389949816	176.88708072882093
181.76353480413482	253.49302066855574
258.08540322036373	242.93293869439728
70.54021880065298	28.420864925191257
1.1892057563421052	271.0399056470317
172.0922630288291	52.25707555261822
2.875934677386826	131.1748398552205
231.62654430784974	305.2334729528688
314.0595799776095	10.271886154634764
411.1773095043936	244.29231723177816
284.50532176217337	94.99709886944441
274.4088744244209	186.46537544002817
317.50746302881726	393.55402616139094
386.06340764190475	185.2081779862848
382.4020596002451	201.33240993163352
387.9100323622492	164.45679546569463
288.70928118084487	271.6856734043245
345.44831630888655	386.14664516665016
277.91804207903465	383.41126370075625
20.547609409107498	225.76003058301032
144.00443518987515	146.65099875381614
312.2940930534984	116.66739731461841
389.84373821637337	31.999492697852123
91.31405219955047	262.75725580399256
72.31390072247056	298.7317770676813
264.96025333613295	214.04727760830275
99.10195174382167	331.5077839340832
189.7656252505809	26.574649497004632
341.54865478676857	403.10394743424536
382.84051922334936	134.35107288151252
201.9457256045847	266.51681717974094
110.34773684603563	35.99202948780873
271.5051658984352	9.306278026613148
368.9126145629901	26.0402728199148
214.40885997833254	292.89872788082624
286.8299741948402	213.79214463543994
183.3874391231266	7.962361102883009
303.5928016451891	198.2431429318847
326.5885528170024	93.02027998661227
262.75641640599827	279.59518313280176
22.853488694886384	130.42327503000564
145.1640718755942	335.078984824913
181.53891335469652	288.23744808061434
240.40519140190818	115.26063329412464
103.26747046302887	410.8334106770615
14.21896195390036	120.59064900955165
416.1754601934871	342.5754979221205
400.9127566079649	273.3040738108861
274.0155900823178	102.22888229641734
211.75864395333733	371.09714133253533
167.23511198603333	111.70621725150127
348.2239594596181	418.6828258573338
155.6333272990994	225.34025983234886
139.30798926539057	2.4839484582364006
419.38144152907273	61.57776972298204
419.02589530349184	380.7356914615894
319.27896619619776	193.08208412630282
14.898354930865462	314.39116478459255
96.64342699105673	64.19237944517175
299.62285810106994	385.60346410418794
72.91469812390324	239.97608105900576
398.3907103620011	416.5123157696405
118.96579938836578	156.00278488995295
247.1034156404948	337.27049156289604
135.85575919618023	190.117126671652
394.8272334564483	379.1975840291686
331.66066701562517	58.75841651229009
186.64415353190876	319.8720583345739
381.7946281187549	278.9505509472756
262.03986189370585	345.4336709296839
104.1410628992506	397.89024323142127
363.31876019140213	158.62355969740088
403.95307746386675	24.36136679991774
126.61639294709448	415.636736122084
2.4041465385472653	235.8279262708861
10.258719559831794	48.14942094608618
119.25260983021285	45.33474254787246
156.61622206198209	276.2289499149166
222.59345697833814	394.77902228884506
141.32457326897602	279.6245934418874
412.71080515746155	258.55406411901396
103.84739830112136	80.13245408031437
294.28902724853367	52.82657598223528
30.813918927982684	36.67417992433735
315.8601432493282	348.4368401033719
383.172059070824	370.26804482846546
124.20733998030968	110.12486187940931
352.6927128224091	326.28125448734437
41.30508661883816	94.59168440547474
217.43430625597014	111.16243146728488
225.9177430664398	31.71098059371115
111.02189452679276	121.20329284580794
129.25641583238814	243.94856416694236
65.59327382424078	78.95915940610263
76.98684024814618	212.49685774956774
178.21103135684973	397.84786479860577
120.69369163446727	13.114279409321405
404.0628348003827	286.92232160703713
287.9968676090305	185.21567062152496
14.882834426549625	294.2969704946815
79.82067345202093	71.07840505709206
143.2319543449266	179.64776437081852
179.61772340632163	306.72197428572196
84.88071831623432	35.21744853184393
288.41036320960797	114.08719496780202
114.96496540226055	233.75537143696488
41.09299148569801	207.63152804712368
6.8788625761228515	147.6771812674251
335.3610781531329	116.21505054629594
283.66459239770825	13.337099928331888
22.098357668692618	156.2351684745205
368.00743195669355	138.20188450403464
12.068880091696956	7.922194233942862
66.13634617470365	151.05317546484835
220.16672582464238	358.03633749673793
321.5725525848788	170.69446691584147
419.7617463464407	107.76242281698217
116.60277627825675	219.35281373953163
216.24329137274276	253.44326820403177
364.29881110340733	72.8595516807603
102.8590617551002	343.5851699617399
94.14388060893772	47.75953581385583
116.52707134162524	269.2529522375417
10.01693795973467	326.19133792821424
14.276895857348416	279.0371462073273
306.3638017794548	164.86189746719825
73.51920322932712	41.589664108491874
269.33973425250707	79.30058963928154
173.59431101305597	88.23477821364497
362.2122043987108	117.518612533148
333.59568378176704	134.73854386618046
396.35512235707785	100.88977805282623
126.89962911221998	310.5437931826313
67.96032121747362	321.5577531136201
369.5684925443238	55.42505027460728
169.16000890019504	145.15233127628986
198.9522854300789	128.71721518734205
308.15798091577307	75.0998316058167
48.361405099986	56.51460959916118
365.9642590448788	265.28876120875367
348.67278032850334	187.64702686437153
405.8339457950785	132.32876701777812
350.8210542478514	168.16317791754648
404.0091335526336	158.89886273499445
329.1139301892633	149.76721180774356
297.36820414267714	82.4081230878857
33.03828280286337	147.2839407253525
212.0467683685706	35.38237020797078
237.00306724206723	387.5833066537385
382.6985489738988	236.53807685141896
143.66057862982842	261.09838430906314
8.82430508210774	248.80156519758503
310.91335490474495	92.7571887266387
104.67244985391099	10.69673477264317
260.227105040498	326.78684910252844
378.5208269566584	417.88888758678013
101.17385295832413	280.67119762015824
32.289209570379235	417.3895037111627
46.90800595017532	137.89268609933478
84.43295417675535	1.8738179613209156
203.73537375493004	148.96864766781815
53.13160686291978	245.09862102831133
114.97903030956644	347.40614509922403
204.4343501459682	249.20015988996334
152.2006730063282	244.19955879671738
407.63861770238026	213.7520436395366
275.54082608056314	409.84709691204586
230.60027482808604	146.19596818337084
34.70339121790715	403.29961489688486
301.86780124805574	106.63459828001557
3.805381160469607	188.3408528482011
166.14036452500608	344.7004412592325
52.10972553413492	285.50524456692733
220.8645088739398	168.12038025450786
167.6699713823055	22.891542925687492
92.73971270417418	89.96311516101645
296.6410231626527	234.78236027471036
70.65808097558028	101.46746210539348
329.1597959851626	287.4856983542064
384.24095523806363	74.07909134634077
28.291831178765552	265.55965878777516
153.6486817605953	296.0439503327583
374.9857512697463	176.06850641689098
203.47750008130942	284.85465772862693
191.22571632511097	185.37801933846288
104.04411868640295	265.1791483220055
45.03408313293643	411.07294937122435
86.19030800018238	16.75609759888653
164.77060389530095	160.00464187211404
193.18490136679094	352.21831914201283
268.12956725922436	159.8953747741504
273.6462330457614	329.36899702924995
372.69871390801006	12.872718517656978
180.71309654884783	170.02950258459313
60.28013054193752	117.09447916611617
264.44167819522823	370.9174990443784
25.75508906615687	204.0581210331128
205.11849597609523	117.71718996042101
153.15941865601758	193.96582073381276
360.0770204489705	242.83744280264057
69.69074516910155	6.9645038261462275
12.806424186163278	356.5780748752078
57.03067132249927	40.017699625327104
157.33113863032378	378.61455364813116
127.33173473150978	180.72329689752766
262.5071113066084	301.65963436511635
390.0766137458535	6.63170979064227
57.69350014540733	187.61469464039783
213.36810367094174	3.8337621452173267
21.31897603241095	383.30469047757896
239.96557104104528	0.22141069186129123
27.300134244202436	103.7508394046368
410.5773296360982	96.25137605740943
64.97480985640642	288.4260723378723
381.6132130483487	262.5963609673588
34.76854750666479	185.9932165656264
269.8733949050995	118.43448455563707
134.6026385438551	394.6521588133017
170.48411329558823	70.1000850331031
346.41530127393	283.5531127350553
264.1826028466885	44.52924024646742
359.4487257790213	306.680808302815
12.151987125997998	34.466055239920905
362.7478238044669	388.9951127029589
373.31402777554376	359.16472261659857
333.5000898514457	241.44412456508658
144.90165111098125	19.61325691488126
306.32612995413257	135.38077478837312
92.0506646154461	119.12730514020527
50.8847388197033	105.65990948661499
342.18459432771795	145.35737325394274
403.84544516221575	10.14424040322568
190.86807265650097	366.24279884732744
324.91599481319275	44.37265883767579
49.55793054036537	319.62921033975687
99.21142767650751	220.37909096915803
229.62916042243975	264.18457243835735
325.35792395839826	380.51947461771164
39.58249495325421	271.3380116772472
203.35571901710128	403.11081255549107
306.27804509287745	31.96308010002734
240.49180080676254	356.2753904540391
402.1076243790832	65.21368288134167
281.232634860946	258.12025546190296
235.6113192152795	81.25991252671373
301.7206692096431	216.42853465348125
33.084769477078375	76.01916024635256
254.0069790388702	194.2829501821721
329.62115505421025	320.9048830872036
131.82309271901005	359.2593787595956
136.2207359951492	217.98415429754775
41.29773594335366	256.74054481687875
106.86751136206489	107.39418437545005
251.65565047906122	262.2202489922485
418.12616530548564	293.9185659194407
410.1025487160706	329.10964346130453
87.93274872406924	346.8332892363296
179.78064196966778	236.60293467039656
21.719752325696305	347.09624388509553
339.1070007444988	40.36051043953508
74.95611139598272	392.9424899503286
337.38638827064443	311.1455828286105
284.09896883994037	140.9246496280248
68.2215160921694	361.8611651622637
397.89517280828454	143.34174981365575
380.2516133145351	392.36856826249715
41.203567090193694	356.24574796319433
409.2870132850785	52.89409268653127
132.86955302787302	168.55316308445862
418.9569212576198	4.972900249338384
16.728058926288924	86.08545997370841
341.1832276770864	369.96739372569465
308.53456998831604	60.58220258858647
80.21940707320252	111.9271272914337
52.22551435269864	333.8731832443602
188.47782562957312	410.54921066674837
151.79799046264134	309.86573356079964
328.00776409275284	351.88051770005706
109.9355475135393	188.5326657365739
203.21796082306759	209.31198479752922
341.9956283491207	354.1042072956485
77.84856455563111	190.81433648197813
51.894534382255195	226.76746581515113
201.81482270463266	168.01618501827693
87.87152298775058	275.01085896819086
281.7529022543847	165.4471105830239
227.37252772263543	192.4570404049329
15.284838152850632	67.02876372332706
69.35166023759953	126.1639721613755
227.01127380249073	92.94379934750121
321.5874268898019	107.16071665581784
157.3139292479444	125.81115597424636
41.60848951193732	236.83135258238107
131.35776143065675	293.3455235206163
59.583959551952766	401.45225654081247
105.77786476568205	299.87047122602513
130.8925552920619	267.2943195163556
88.71191380491622	371.14301334523276
189.9752414417447	228.36606045016586
101.83190619807728	177.25978073974815
176.00648538288507	413.2164452242238
123.10959536429094	335.65842541017366
278.9027565733392	69.58136236609911
320.82552376732116	364.85679290109704
407.83107871460516	371.7751371609369
141.78550338041117	201.99278895920614
180.62139155822777	270.0326023839437
295.90479239284184	126.65179998089174
369.0838932055715	404.1498635292297
46.38168567887757	396.91299751418643
60.74201189349293	204.65839364581035
406.48281496570394	172.9689902850328
335.2894575937727	4.7070313696896875
379.3532530597423	334.3962427045573
371.7157511413637	104.72675310352236
396.05117681208395	196.2116909128718
105.74213349237729	209.70417982738942
96.02460126840846	156.4141424923132
114.36352954076281	283.63016141802797
163.93499104204767	38.36459969467066
54.51795974583323	17.278330384056645
132.9019038371851	97.1570573915145
390.6299483924129	319.70438107832354
318.4890225939081	142.32145025744737
6.809748333404523	205.4393102927025
11.30112631452736	98.16351171311827
2.3311903374041103	310.2120816555113
356.09532562859346	357.49757970314624
256.416523727776	3.727933750525909
189.6934254536667	101.06338550803355
207.27608752476505	190.50627495664327
74.38178058976791	338.7372132136708
134.57367455282917	50.48991599220713
