215.04560780171792	63.79510859711654
403.73613654209095	393.9935702337787
377.5608941012935	218.3426664056603
346.86049418377024	347.7077334291739
411.08146733040013	335.8000847956398
163.40938988035697	183.14292667798517
272.6531128301707	43.023390209063614
98.46944748590487	389.94260233589677
167.88306762207765	323.49522360914295
382.57706071943005	69.05672277139699
311.1832715460284	45.07213943607963
233.10282520235378	157.0497543128916
379.6577625798328	99.99223979147065
212.98285661317647	25.088078742277357
403.4923912286821	26.170936607964506
135.0925357458563	48.52765658872302
23.760343438607322	159.68441676401108
338.2336186245288	177.05985667963003
260.53925505660055	251.6784998011976
26.193892311122216	179.96350564716624
162.38087253104194	11.691054603521497
2.492214917395391	24.282560618518502
116.33816472984532	237.10043755528528
129.14620516269264	130.6536616487244
301.95589885414387	147.9724153928359
216.36103985353952	315.2622863866814
77.16941377511017	300.5561083611437
201.161059577823	103.93574181371903
121.35891074897471	112.36275049074048
44.959652003822235	265.1798702077674
269.34521401417373	376.22093885419656
236.10767182915626	178.2884349134363
234.70703541230642	308.07116009836835
166.23221471859534	374.34811317960873
155.61946786037035	57.89278154040232
16.332322430983293	368.195518383035
101.39000456639354	128.42014237566323
340.418637163452	88.19296279026686
183.18921589097562	189.9683209175808
297.804590207457	362.42054999879963
37.082183694691274	5.60198886886646
87.39972327587272	188.57704636517045
22.80242024996694	405.1170318343792
207.57147983360295	339.3765789275063
52.13252990250417	93.2910324620544
157.41761958999376	98.00101863893404
131.36769846710797	336.5804728241399
244.90928445100394	134.42973250923043
236.1771735336549	59.557825347302696
259.97859288007675	177.12306288777017
371.48445410381413	297.25039025456283
165.2149824090036	234.04097430917787
288.69697491028836	405.5207039770505
140.15732079661439	20.572100217766668
79.99615328186312	280.19278766283634
176.33337309900227	41.27447660628096
415.0223556133414	375.19964443514056
368.250408674415	235.24155928138566
50.01568789073993	360.1691667869737
414.10247421640923	82.44377606777758
41.604878322610865	290.42317718365246
101.39975876778065	221.811594177453
201.08958431532199	358.19160613350493
237.5462281412068	12.726106881521407
273.57673188544914	205.64955669411412
176.8893930792567	61.4803016670602
334.8843748331611	216.30631582551106
329.82934567779364	242.96028908501424
197.52945292450613	211.18992657366258
393.4551015986078	229.33598441364683
89.01695255903617	13.151408842353511
203.54432470495254	188.42567753412965
256.8580140747715	311.7567614153613
97.45535500223787	147.17551008609968
369.8431671645606	370.84868222998506
344.3614568510224	66.27091949883354
35.18030564043481	35.0388729526414
407.5975034422767	248.57712864998666
71.7623527759163	393.34100861045863
294.63879786708367	317.7152666167947
46.075692316445824	192.28335744340495
208.21149276963868	276.8097987409958
240.9056560446471	243.95163118552543
75.28576685096728	31.266302516838614
9.6556479905477	285.6849265684236
187.61132455423174	80.03691021519073
390.7428201498352	148.51549319690918
259.8191144677585	339.895577823495
290.6748455315428	8.132682070588412
393.450163409774	265.26588878262595
257.5035393206774	71.65302658874936
278.5430887022606	181.20776847995072
306.63255628737755	414.1735962158382
395.466932772947	189.65056271411987
374.7221298214167	193.83226043632618
382.72450077579623	173.9613186641149
285.0870450416456	280.5953257106619
306.5810162448298	392.1686921850882
234.9127971465706	368.93414171686925
18.056528847586552	234.5929909542565
154.37864937507146	151.98079084998508
306.3943841522493	123.51082961862829
384.7860510355999	30.33523454308091
67.98388123786518	263.7555356399315
57.323177482922176	303.5770034626852
268.55627171004903	229.76672309179028
89.5821419270617	315.34145260155753
196.04873510514201	55.06733946222515
322.08287898426664	402.934362825883
357.6271356635602	101.87703709962602
233.23381046659094	278.74807319773794
120.80005684341943	24.511293727938483
257.9479383520444	11.892656015868797
348.46231277513806	46.66032786262309
219.94853561607994	292.27666640279364
264.3636248122908	271.45288547623113
195.55961824809341	35.53959407918029
292.2494229197046	201.2540789158104
322.47126971824974	71.8086857781028
269.3524880394651	292.7749194768851
12.501224405364985	137.80936127335127
167.12892205134654	350.5772225906754
165.9144971805798	282.30895468398836
238.24437752546243	116.57897181137248
119.64279850289377	405.3303226068361
415.02332515372046	123.28749422864239
418.62563175592186	355.8902036323515
367.8568521209309	258.973166758011
260.3290026113184	100.25006595766436
217.4714055769707	381.50063570415057
170.54456312183333	118.22270662954882
349.7699021639837	8.260615968445443
200.22637643258642	231.92744340946103
165.6211637503325	411.7295207426849
2.727022688642888	65.24306182939364
29.807034069562636	354.45708137688314
307.38133219870053	215.17025724234242
23.563536450828096	321.6399300771738
107.24511516780775	63.78920463036016
289.5472922112011	382.04249712266136
76.48727199230238	246.7678666071516
366.12349780821523	408.9983473275332
133.84775137675769	158.2760574557829
241.99795908466174	347.8091315128582
146.63512692661223	193.96249129000051
383.47524491847594	391.55839699131815
322.1839889901333	29.045228324609383
196.3171870942786	315.4195168494333
355.1467911404798	274.91722593813546
274.73015037302116	318.85931740533965
116.84374695608723	385.5460501094127
343.62023942648693	157.31780169227173
417.17978635748614	45.39384516675235
137.17459758655906	397.7254933914847
417.72970272563504	229.25140850423867
17.508548087405682	42.39513246630766
115.91071105621081	43.91823788409241
153.49262677680886	250.29299040476303
222.64273237959438	351.1690715743745
143.35535804226026	287.48550995472414
406.3105931088271	280.68847653383125
146.8679511198968	75.21298820939057
275.2497046169877	22.868283396349696
43.04157948489166	52.81322369318791
307.4891610651745	333.5509574274637
398.904249539383	354.763704644805
113.39210996701765	82.27306309780032
342.3567969833883	320.7457447269597
30.387628108219733	104.7089932858722
221.8388929405596	99.15633107244116
230.19126022346222	34.29045445691801
86.64259069422863	110.86502707440434
130.164958458615	272.3633933489864
68.37190576907358	81.60960425053158
81.12786863554648	227.50193054614024
210.33721828333978	399.3644958662577
157.4098009717269	394.45819908633734
376.53526818165795	277.7960229793574
295.76645817023365	167.2092365969326
414.2901359799693	301.4318146007622
72.90303285389952	51.65692314288748
145.25287483610006	174.83458714885342
178.25390247916798	299.40943275069486
91.85417824174961	49.13686470319921
279.2119403280889	98.10300731254661
133.7197050657198	253.11414059961314
34.97585957076427	210.07977534247388
4.064680954831701	165.3249455528052
340.06566914102285	110.85573412788584
273.1693637272049	418.57285194352363
44.801004236925706	170.6004508511263
362.4534442372131	121.91359417195585
21.408173000261414	21.163038913392498
85.64038961427293	166.45942517332958
194.07335291024356	376.7968032024432
324.6584471080421	197.6976027222995
401.7291677943523	108.18542968091306
147.79880566256656	217.66815840812583
223.8168339034572	260.0111403737981
363.81674536119266	62.27134122637055
108.72726892005105	347.327447220012
83.33858249919196	68.00878254169675
109.49391727068364	260.84626630689655
388.72144043036775	334.1260285402607
19.35853729580842	302.64248016997715
307.14175033244726	189.6046485842006
50.518094047478826	19.995195874178545
255.05127968121687	52.845733794806044
168.3656698624832	81.64078749749777
325.1796658977602	125.37833702336373
344.79359158592405	132.5219086947628
393.8539064714829	84.84344147716386
123.73402080494604	309.56812326907345
71.97996183715809	323.34962830883705
329.05004766255144	52.969145780205565
173.76482791807996	138.17603356943835
189.92170630560577	121.75452860266853
302.51854840688907	62.393249215361955
58.97870917185161	64.88018520138287
321.17745984296846	260.3981471753857
357.50672686053565	215.37731015219092
383.1450523425763	119.56259474811608
346.1388270749127	199.57986763537414
414.0143502303778	143.7532115715666
317.2465141534839	168.74378801301881
287.6629433970836	78.76878562277858
65.773641539314	169.89656400706684
213.35318037455306	44.53049216536427
277.5710583295399	358.8564933206443
385.25855854527265	247.7856384519052
173.09071584334313	261.41808703312927
417.8036619864731	264.8156698920639
306.7607414151508	83.2427411612475
127.21062954749561	4.735598451772769
232.15355370962823	328.45295031770127
339.8988210034199	409.3305303109016
88.40659074207416	261.7233204997309
3.6173406753224513	402.1378065894197
71.51374910821578	146.4958150156605
107.91817098233253	9.561704484300593
205.44279556100443	132.60109206769863
52.39721380260576	246.29139954468212
123.91313906740233	365.7292122608426
221.80876770786372	237.40415475059297
184.5565411375809	243.06667109671955
419.38817651215004	186.5244644272889
271.91332696303374	395.940183699295
224.3494880218901	139.34577570808946
44.42951261005975	397.5509700062678
287.6210849237278	119.68572046285888
18.927003717123583	197.57546820866364
150.7120958076239	338.26348096820976
4.532519353393383	317.8554341290639
216.59638241561407	173.2253947880482
185.91319572499802	4.4634497415384935
84.59698890110508	92.10502408635017
307.4747786706628	234.98021352587887
67.15337650361079	107.26373592759252
312.9443758287184	284.3231920227628
372.06827084254434	44.47993850215305
13.691090372277761	254.2015179386659
149.0448168661707	268.7624299681835
356.6337495619466	181.44071194938238
195.96637121866658	292.5600736961658
197.06023773148004	170.39168798265266
97.7771741635517	243.90198687409946
15.679715884285175	387.2470063989518
102.1469620524803	28.37180511974687
175.2520878183486	157.09656712396824
186.51818110381922	332.1365472252096
259.7536004811094	158.19754352089066
288.1325058280803	299.83056238314174
360.22307526298533	27.051476883817635
192.25294943233334	147.37825562517585
49.81844074091613	114.9753296675465
288.29396278975605	337.3688510035559
12.70450856800462	215.65302521249782
218.79044397948127	117.86262530499083
179.83732420196392	219.63815438760395
348.85781511166743	235.34141880405326
67.2597587553728	11.030816222363013
12.135569763534575	342.4267289766863
57.986778203682896	39.50327513624928
182.46074781533605	361.8296401282119
126.01692714292973	176.78833471076075
281.774254547759	257.1632628549776
369.42610418337773	8.48355018603783
68.08868029948968	191.38181001100259
249.6008767688007	382.9078413391162
34.02625998894782	379.28603239475797
225.2344712710393	416.66578681467564
35.385004894575395	129.05640317440663
3.1296657477978203	100.83748364383426
37.82122570817148	309.1805935103022
348.8312662379197	254.80448864796872
51.96069351358659	152.27717372267384
267.6537775800571	119.8946636345466
143.4123405786437	374.8653084233002
206.2923177440851	83.93233882009316
335.65575630358404	273.90149929314447
249.63680201314196	31.028236359673585
346.8301136365372	297.5126319641467
7.026228045781826	1.8436432283358997
336.0484165852082	388.58604650657315
378.36977564058935	352.8271145687989
301.9309308955358	257.0928951663167
146.45338211377774	418.6177885043551
298.0711615991102	100.26664179853995
116.31754864269804	147.70802291444164
59.68423689929225	131.17046255330544
371.4605563634897	139.03953390050148
389.57899893293217	11.41875370541691
180.6787615560431	390.19903417900724
312.1597239633764	12.761962587372405
52.431166319609105	322.5310981311692
123.36340163876865	217.10867399825128
246.66438390358715	264.75832861729054
316.23953911004674	373.77314388023916
25.77345314618135	275.3586150418953
233.7924845092903	396.82190671313435
298.84548464257693	26.839316407399274
254.51087051890755	363.15375918195207
402.63211985962835	64.936067244247
288.3838865131902	239.4060138371206
228.19161995241947	78.83062857133318
287.8800611095127	219.75284434978812
40.935619890292124	75.62799498188963
255.85816733823881	213.60014597144433
308.3420923855247	303.81757887258203
142.92047198856525	355.9901632106787
138.01208143606598	234.6012019969059
33.12612832549868	250.1531238175002
129.22576057717185	67.39734775991678
249.96265200814756	292.86808074616516
393.9412371888904	295.25790659092615
366.5345675465445	329.9966684850871
87.50420509829739	335.13349708749615
203.5547697761553	257.78806248393806
38.11281634591881	337.24164299248935
340.7975287046117	25.080015726865607
99.10421822781719	410.63297007555326
326.6728667099024	298.8866429616822
263.95021411480616	138.9029992169262
81.52162008514493	376.3917180882785
362.7215602513088	162.5677464927678
388.87013346275756	410.0671679802191
60.92197469704733	377.40785983079223
395.95043554815066	46.99662575319562
150.1255492936926	131.7648516151389
405.9115984002478	1.2190939888730434
24.150812534101508	86.87970446875737
333.6040875546902	361.4946197672016
291.4972001991601	45.13280465752562
105.82764521953378	100.75459866440403
57.43786935228046	342.526428020836
206.14081267241184	418.58489728848457
159.487452234027	304.4054988537761
322.22423838951374	318.3489995741235
126.74334360428475	197.5600715775895
240.54925821057	224.93114128497254
328.76842450045456	337.29569698381187
83.55966373319292	208.70551186851802
61.40441441661351	228.79477194820083
210.5919817806812	153.34130087816118
60.44000879731903	282.2583532801941
278.59718775020957	157.1369889914398
245.24460767227092	196.74674905156547
25.187559444867805	63.80939885820802
81.1467048383289	129.75960174859242
243.27327813200003	90.81010064199523
321.6007117389659	100.43885858084502
140.5820274377989	109.06032885069094
41.33376301961089	229.68962320766587
142.022846692342	318.10293877435856
78.7805378492987	411.0741907417681
105.5268395643212	304.2581229795658
119.02524533620327	288.25168835991076
102.80351994776682	370.88458439349625
217.1633473359518	214.98566055718996
106.33668043386747	183.44864918666963
191.7345199391633	406.3787523328155
105.54011211096697	326.03988697806625
275.2933504234633	62.804735472287256
315.73737744388916	354.08482443918535
394.98175954938637	376.391746588919
167.70485085015017	204.9114734536228
189.14025480134546	271.67562831741157
283.6864118485133	138.35981049757987
359.73797148589006	390.5275673804179
69.91287100553566	360.45139908311694
60.31373388075771	208.94545260182235
405.23185834251416	163.17932645665286
330.8795593733097	6.217934199034833
359.6377556051331	312.33689528216024
364.34155841320364	83.0280524108778
396.663908936921	209.4363547198625
101.12586329159295	201.60415000448606
104.83673224521496	164.54315423337903
101.43593325404618	281.3180898902286
179.1493089885237	22.463325688964456
54.70961151466275	416.13586612089324
132.4821018686053	88.58336596170426
383.3436440982021	314.16987523545447
321.39005028208396	147.73449351115727
415.63523593109323	207.0528504351659
15.17078378269802	119.07816207777158
403.912110913189	317.5297740591215
350.86352494624646	370.3248268366659
252.20736644634198	403.9199468470734
182.7366500925316	98.73179985355226
223.20848064934535	194.01424467634413
89.19842274839935	355.60908604179593
152.10858415851268	37.258813616193265
