117.99064925540499	380.39318601479675
391.2947533029914	316.2477027565258
148.65888133972302	89.5200118102704
320.3638829259337	360.8944487523153
62.47036271095847	134.63010537717045
253.26450532747208	242.2775231981122
119.84550535006206	13.5089598923026
298.18004362079046	355.7480146257122
230.36450625274168	142.92395031141078
210.60110100713345	218.36514255315404
314.55169439107726	343.7276202602534
343.23620970264955	39.15482715199103
363.9785882045329	184.32108338226615
240.98083860916907	296.06934484350137
120.14641611244859	54.0928094904222
295.029739840689	91.76937477186189
362.41751271807595	417.4507098093969
363.1048091380067	289.4086280233936
184.5941527832334	286.07047673903867
1.4001047366703967	124.13401960523188
138.68323757913384	219.53356078609656
179.81014386016534	142.05351339052095
66.78970786600995	239.29135543395768
79.42285565076763	35.77334741877214
170.39567908544106	371.72470969262264
21.782940766538207	387.94491074578997
86.50411437317042	205.99526481853525
417.7063507532212	289.33269200071425
415.8780921013152	412.3738675119803
256.5636144650167	165.903226837271
14.757045734032394	149.76327850210592
339.9365893452024	343.39092532463695
332.210702845985	254.09042602392276
90.25705369880237	13.467664523892028
58.811986396570795	408.3852921182496
331.1159759282963	412.1400999256587
318.6760372882627	238.8579614749165
42.36909661330017	415.9508634492985
82.53298825441638	143.61744050643827
56.899501045595414	216.70216365685684
384.1290426144486	189.44960938693433
21.031418475524983	289.6565653490068
225.0154827514387	300.4838178508478
218.5380914986233	414.1265804742316
208.14427050163548	60.60543162948092
416.2718242472037	26.848100794998878
362.96860205675443	88.92492812720468
193.94536632650056	94.91461940256147
361.45795965823896	333.9479259259617
281.2929871338222	48.70015908137733
32.16218985364376	223.0220085550607
75.2722462758206	301.3580590220149
247.3156028489724	225.88050579353893
192.79574274238817	371.0488674764602
216.15971911869892	396.4996567665685
396.16640715790146	257.61678616173947
270.273391782194	411.4251541749318
109.95033159948021	280.6928215533051
33.20051409956382	243.1662214021579
393.3461338637331	167.65415836172264
61.070650795769545	80.10442343337566
94.26863165335668	163.48188143166936
210.6411544919667	197.14387899880037
262.1651666712968	309.99506678808916
14.72183581199598	408.30507958019575
39.59517242726296	302.25685702735643
331.5299099381295	271.67196521175424
34.73286462611869	30.382779413463144
2.933236444696856	323.7623976532486
394.6101649140328	389.3638160196232
14.639473683892643	29.9273724042355
284.69314586627314	253.2271038551113
222.87735071786278	374.202003443078
86.28391526618617	409.58429574754194
74.38277649307777	3.1280571792342164
240.74125695259156	112.3330574531621
145.7744527313627	279.2622253790838
1.5318443427270234	273.2260460721755
347.5572240889989	120.82803458655106
23.379166172517408	307.8530507363203
322.1697864258081	138.70755805897656
288.2941594674758	382.97190786883954
231.47479935606356	88.58945445177923
314.0884264392271	271.3860986762619
157.22398741032748	124.87305925642981
53.60467031687573	252.14498816754994
352.98984072715524	246.04697305508492
84.27637484948677	345.57706227258024
273.41946077064927	160.438398356739
344.71717098714544	326.0234694585254
394.86852123613005	39.3956606779596
164.6211963865926	243.4847680421857
53.84231104826963	269.34329581545927
267.42522857358847	365.0005438593669
390.0677597594901	116.30338740675127
6.94617161978142	192.8314782001987
104.2247023069522	23.08532333523803
175.14231867965367	299.87832475189856
114.95426135821351	344.5384327007021
13.375824336851332	167.21866235873998
395.39299724592223	4.732926993100451
334.80435364448596	386.19016199593
380.80007987890616	132.36945217234404
30.318809482619116	155.36240609922027
419.3180726794273	237.04642577675727
57.615730965637525	303.55431375651244
195.6888698106363	227.91403947612744
218.52315340451375	74.80244527893585
173.64264597059224	193.3846018343521
22.60030281684194	8.867599694839898
197.30969666849302	251.74907454116084
285.5291250806845	227.75268646412098
62.344965371555446	376.47473170194064
347.8905097032039	74.45919515091137
219.9913997393485	174.04411907108752
368.06472300354704	395.7117274911924
362.92286915036857	272.70721501818343
187.22125962951088	157.84573078283955
405.0756668125683	277.0490927127566
287.222195487083	147.55383179813097
74.19722584677697	217.52687423873766
86.69932791559334	364.2567825827827
374.9415003432229	225.5365901644311
165.4180610714698	159.6045172335366
104.53523136793913	262.20871185231886
240.64262371240955	157.0503019968282
47.87368632136892	340.0600282071956
405.0018064518894	338.99974784375013
35.04991891431317	179.5035239028519
376.67310774476164	31.826253551733462
149.28877628810952	64.33364655706231
212.83936787777677	328.312790488741
346.6232923423995	401.3631385457628
236.62959716444522	180.86062664287743
66.54165228808074	174.455804802721
277.59320154385176	318.11195313453567
145.80552758237948	177.10507648395625
211.32438036888382	151.9319688471149
29.468448563613396	339.62170422246083
381.1620690995277	264.6311362758001
267.4658150051674	141.5585188996522
218.0226957852931	269.5768271480076
195.5306319726644	206.54397234389916
257.76037548658803	2.232045289500664
352.1097519511126	308.4707005365101
127.00023299346326	207.12590094634626
47.42238883206222	164.5197661182919
364.49906426104724	114.88254359830388
12.662628475469997	75.51951226971866
73.66688893104225	57.412943897617474
100.39155332194429	187.58433292545723
19.36227991510396	326.40727387433407
400.22205563327265	73.55116813014659
416.72022582903304	174.5540280713566
289.4441365747946	283.01376774229186
154.48923876569657	48.01917599104194
289.9996295590674	75.82993799052004
398.1153733162275	98.89021309316965
274.80928739781865	267.34124874835675
270.6593502426804	348.0720011894298
417.9651899263616	389.45424251616635
138.3069826851594	295.70827969659786
175.3688534153359	118.40354687995594
86.03470147607783	389.5251834117653
140.11486157274203	409.3993725045337
361.0416844164823	166.74340489227453
212.82784983309028	22.781757673792495
132.05153208534878	346.3340056087146
400.04995526840867	184.29264432490274
286.11944101922103	210.44835521683754
178.30678690397767	209.79540183491312
35.11884079913672	397.96004378914097
314.0355669511171	408.1665985995283
33.719779633717344	131.3075140534336
257.47379410765745	109.07563897452154
338.04932477489564	360.5900795185226
77.63231364959123	75.39249470750133
161.62918140625345	78.96323154879242
357.97033286900165	47.82820313882681
37.213865015776626	323.39151658242037
385.36559850017267	243.3925490191766
69.14618308595509	19.88253948060953
197.7922173033216	38.92969955943099
310.9443413086739	23.527939929037057
326.70949210245607	37.89935996598415
181.3678987619386	237.9413771676492
379.5435814438608	409.76187500377307
417.4750449354742	145.82223619282453
121.4045728893265	255.2737808909983
94.28854000248438	122.7785045938472
35.720855383276806	109.41384508397904
76.33446393183128	123.45955696432402
68.58499617346813	357.9882569631753
294.55789680069665	38.17473838337688
236.21904590583745	388.5432773412614
242.4969393822726	407.7437691407276
162.52230197870782	176.02651458028646
368.952785945314	241.0670162150508
359.78893294327025	207.45999970257776
343.26389656964864	204.59536365536982
193.78973780841935	0.9058166205482889
167.45078413066412	343.6119103565072
200.08170574537556	317.39144602730875
360.12324929029586	29.48734565843796
89.32276580680161	275.99201793587406
273.03930189781767	240.57905995295508
107.15459344327544	411.39486905693667
252.48497393945084	125.64198172225991
290.3271509539256	187.8984165783969
178.33965080423678	75.36522601290802
357.54183250628483	380.27422588221214
14.98716698469591	214.41148969209928
24.55984212055909	355.837082672653
264.117794987835	43.024305425752196
344.1171194009217	282.3398127696079
16.81612449721768	133.2827662419055
12.69555962782783	58.37841613761162
274.1116302385338	177.43102611470923
34.538048895528156	261.58403897674566
50.11522144486864	60.311745354039374
399.46956282063286	405.80859531963966
112.48730800171747	297.3965229670261
343.94223389705235	97.9573920639681
113.9053249658769	325.9100628282801
51.94600508961424	391.37289853116584
260.28910243153166	26.76921185729423
372.20036650928535	153.0240283577935
185.5861711754057	27.360672681303516
403.3811559670015	298.38665789604073
87.988153747086	259.28646797147655
99.69139322940354	374.5661896637675
50.10333895926303	148.03659061379548
148.42595013448934	4.784043988762005
17.033364648566263	231.32880742404348
8.632044315877687	108.43234482923963
229.53140050589624	318.46308237689254
304.97816234343907	312.2067113511978
279.84552607161044	25.085607905372818
316.45330131674507	325.9099697768133
385.7699924300388	300.70603220603437
230.70137677705165	215.66630670507246
296.30738765720173	133.34383751503782
111.89209933233535	153.35022737291334
105.61032257144346	393.54301972583085
307.64490230441993	147.12586663003674
202.4730509503783	276.18395635229786
111.25969141926791	171.88632008154283
66.04113606281679	152.82932373842104
122.62419507532628	223.43463290374075
140.0011841748178	195.5239465487048
346.052290865938	155.61125645158253
372.3860819609492	365.4550231571784
57.85664744991661	99.76482630843564
180.94879038123176	261.0477379878788
129.84210908236136	269.7314329154212
276.85503935142873	94.08039881222972
46.75602651312139	286.38747007073766
150.3805587618791	140.02897697024676
294.46418555656584	403.09105913579583
11.596640851438082	254.1101033221309
253.79662391656012	189.14419420526275
343.7035502084393	19.379869318444168
254.36816007828227	335.8409242115461
185.41044713548055	327.16084090204777
394.9633592729496	352.22397133212274
108.51429283496135	235.06411164199406
297.8049459563264	242.65182740224435
311.66910179282985	79.7706364209549
357.65539485859284	356.45335658699764
115.3338338000501	100.27147539268205
412.70848261030994	254.613643376944
159.67306761919124	31.46380840290172
253.0518919492065	393.7150486845335
408.7524085954473	369.7251361719737
156.74868944804408	356.74923626594347
134.8240411326048	105.36127317137584
304.57076519612104	372.87196761201864
204.64589575378176	167.29734643301833
191.62466611622267	303.1258795961717
333.66668596317703	59.38327632284257
111.73423622854241	117.02620513658725
42.21334608482329	14.353422745650958
29.60433590230245	63.94150569475452
376.9535269075299	171.17634964795937
38.608715825121664	380.1148478028101
12.23554176638739	341.42209495194254
212.25918113646085	235.11332720456684
246.30185701084875	96.34827507476592
378.8320689265528	348.70167249741553
317.98678918231775	53.63583391180829
20.722545528900884	272.69125719263917
96.14294333741418	318.22444928887114
327.1597642218562	222.971030624178
253.5792261318114	79.54027313992022
308.13449947284573	392.13327083149306
175.5728861525878	8.358220493319475
291.0812142988256	166.66711494763877
63.28644684196965	41.6158065214443
346.81228154204524	264.16555935216155
407.8784951572405	314.99898686726016
27.237962333552304	45.08187867915564
398.05587227892715	149.9668852830155
203.85034667787846	113.8311721372862
295.7850912780465	266.38138683243494
246.33083305416778	316.14065183212085
376.1953543464214	11.264990307354738
95.19422423659586	225.09875770833796
117.34315117514932	136.93496620530732
149.6720128036592	250.52387543282424
326.28066374181026	107.15445105677058
139.68378425087218	159.6453654245878
377.3150178231827	280.95356095182046
374.92513104819574	323.76273071629765
199.4412343502961	405.0233811070512
416.47187632597905	218.2737192497839
57.960937677636316	326.97225912320755
326.6383546404766	310.21933545962116
123.33672609334776	407.1319067145286
145.08556760911506	390.5920720828746
212.12362699887208	93.1739339643051
411.62885963826415	200.55595105599107
218.9543279798772	120.94582072951272
131.9910251026788	41.77148101045991
238.80874596532857	10.339111882900484
271.92575335954245	117.83468072331544
155.69830488125407	317.8351985951714
151.94157591660564	230.2306819320123
259.89351995256897	59.75509006628964
375.869043410619	100.68551398993716
51.278892025634704	199.8996545444432
49.59706487838656	361.4215878203448
369.5034739348651	306.4101565554878
157.0523746351492	192.5153081397089
71.57108067456168	265.5716010150372
399.71545990089106	21.775916654791068
102.26128915828015	357.13878743170886
96.32209457661428	46.84109325345754
190.3019000436637	190.27853567359986
87.04650946163409	240.11888124780904
0.6874889024141378	357.59710497383765
184.51201508039836	395.12928437086754
182.8320005911777	175.0983953129377
191.6361893018355	125.54249630684235
303.0309693657443	225.78382712128118
287.8810370614986	300.678505438883
130.46236494801823	310.24692192436197
303.6818497990676	107.0983276430726
52.07960985079931	29.251134036286228
215.56575112410806	286.368293680001
76.94042457292517	326.1345528193133
390.4848463641289	369.76792380192467
191.7540093614127	346.67876133230004
418.6554837477043	85.42981076445511
256.9547708765296	263.3144436370239
248.62109955006144	207.12973279143785
93.59582508075049	71.1265236210568
355.79663821139786	135.63680403869446
166.5794986229525	62.50270973992375
133.76682477177008	71.33193674879554
310.5438003604503	184.14315237510874
289.40812387454343	116.6155947771421
338.618472966311	298.0040182983317
173.6757346907235	92.31537776819408
34.86828636213075	197.26672714442526
339.88625088500226	184.8845576517142
107.73780356658327	207.72253998356575
270.6941349419271	383.024854643201
311.1765113154332	210.54807007416395
100.51409060663025	138.88119697681458
301.26932599885225	60.51408778903399
364.5961504319719	66.76187246157356
153.67610639055795	212.37152928531273
222.48120506172882	44.4034167415627
163.00088446138372	275.48139590059253
328.04431620647927	13.785363631228593
233.7932724342512	238.8716984174516
273.22931194534004	75.90228728144083
129.44210771514605	239.73242463234092
285.32210208918764	419.68979268458656
234.62974739027035	30.56296281590727
86.26978024036626	108.23400987489758
83.83891276131311	181.85539971309416
216.15248822229876	251.14049138809034
129.22650783319236	366.65227515213235
248.57882822707506	142.01056003725978
326.0426097032986	197.54384835709743
243.9460790184609	361.0848759512737
57.00359823237874	4.956677095390223
234.74322900701338	276.33882692895395
206.3160799665774	134.37722591554584
175.5788025191663	48.59270900525777
110.19282875257028	76.43848134638824
48.69505496080553	234.43001579867487
233.34633644078548	57.443388851687594
233.87970468092294	337.9401539309002
139.10023391010046	25.286927531102325
310.5191480926225	123.07384075839133
53.08711143663539	116.92864580625204
72.69212876974528	194.02983785818537
69.60425521834848	282.3744322654674
41.9447832849087	76.80162312639602
214.77838713428145	358.87086834725636
418.43067337229166	9.213291765561126
407.39684832003695	113.11650769910445
350.60717680328145	229.53085826098322
395.0454077841926	205.6023038821942
389.1791129069149	58.38143064167946
126.05599250046824	182.22369592287788
188.84548645810708	61.58471473101472
79.07745974052366	92.82011466508699
398.7625701398088	133.36592638219133
13.992900051916981	370.59446589515136
1.1127629133176273	44.93739857138048
197.78545560170306	75.70954625707377
378.2341182241279	206.0384621078815
311.632258545688	253.83084744962284
4.646637358926478	306.5666262075278
397.8480545158428	222.27406413886257
