222.7315383139626	56.548223484952096
402.7071568927487	394.5636483808043
373.63296321488076	227.76546617282554
358.0286472729468	337.02075643186504
399.0813435899218	348.52082154747325
160.06631883129623	191.2071078718644
264.2113399813718	43.12674049552028
103.21149106106978	376.07562407197975
180.7133639429286	324.91013290654513
379.05046173529956	76.48136391790597
323.07864826282207	59.58878733255996
236.43256677676496	152.12133251608026
381.5344662340908	103.07718983791526
214.63816303359923	21.62054456932548
392.8282821921235	22.120195724310747
132.27590647060475	50.97129946922328
38.79986682922557	142.58849689616974
342.5121164321445	178.91575554923955
247.15837208080504	228.79967536890516
16.769644991559844	168.96152647958482
165.21345160675807	28.641153079213613
5.01517355846741	34.50878165587914
106.686221038155	227.97577687421403
115.156352462815	140.56203146395333
299.42782157351166	160.48283781929777
216.22028246497118	325.61850119728695
83.06201575474726	312.58034823402954
213.35607360725888	86.33851405761966
128.79879593614885	118.60243592144778
54.93389077864479	267.47322714086175
265.35866836856866	376.89819156295505
224.26441766738245	183.9368732321041
233.8180865004527	293.872883785731
160.58994453193336	391.4403745681413
153.76242396247932	61.67785817564796
23.000869062538897	380.2299062042164
111.16993451118485	122.70847286170765
350.4937497230318	87.95984194252325
177.1997523224639	189.6593807627431
296.4799351345722	362.1643486553415
42.345895938010806	13.75267219958407
80.41512880608785	185.5931588574353
27.435038506322126	0.2969249978662936
195.08080937669138	338.04707085374565
48.27769614530632	96.24982930350032
155.18714938002304	99.84786648883009
132.37200280560762	331.8253347662815
252.5338955547915	143.0706473354486
239.060985308019	53.3482112248508
241.57252102323886	176.5106308573913
378.38215204618473	290.1685016226052
162.91181985186856	238.40894892299147
291.15093192299616	408.58172107331654
140.18095372869936	24.029114676480535
88.87993401006712	289.2486343203577
172.81558699388623	49.35266565759768
8.046150316174986	389.2870341744173
368.8962643466364	243.9858548639766
52.13258851663747	353.62657170475063
408.69124846694467	83.47110963811636
53.193935194129146	285.1082547452194
88.19212538589008	231.22229597462234
217.77030038627416	341.951233463422
243.53839289764747	14.322634633984583
283.69948409589085	195.00878620095574
163.56377752049096	81.6579520852443
336.1982996736469	209.94673307596864
331.2579781235939	253.80992842531722
189.5490172240797	210.053607423519
398.8195515334763	225.15566980374965
81.66381898667863	11.703181224080835
207.38719714827266	186.14699735450802
257.92230498404325	295.2718792956468
80.04964337588235	139.52877012380492
370.31390288149925	368.94609836311577
342.1082198993694	71.94120085751358
22.219822942101796	30.760125441833612
408.5967252043031	247.55952235180877
76.06039381765754	388.2328787321933
299.613618194412	336.59545626263497
29.993750865803186	181.77934362386452
203.55710624955023	270.0746616788275
227.78711680752227	237.72585789699306
76.48898065999744	28.795441126295906
13.262562991557607	279.81130691852775
178.7406396238697	65.25879359330455
400.27423277890057	140.53001104290504
242.60576540146582	308.771813597439
303.778036761207	10.338374903748637
401.6136591952804	262.75885623228896
266.61729466430324	81.78218822467682
267.4927161014639	178.1287019043837
318.3986134145928	413.40554195098565
398.34151275034105	182.86388090291095
371.87486848946094	210.36641377550748
393.17815901956357	158.54129839485537
295.36718411009366	280.02856484158053
318.9995475242245	391.9161840743695
245.5993036275271	392.95743860959556
21.38824028741273	234.3464221340074
159.52876894155128	153.4308052065541
329.03722527888914	122.11544094815372
387.0183086996856	39.3421037500889
75.32038143416268	256.65638738067594
65.44721057193557	308.61436763090495
269.45422892434505	214.561687158217
99.43496927824272	327.01114496108096
189.0765181817708	46.27880059448364
338.79378660569836	411.7543091906526
362.36101202043244	110.8879468245132
228.198090047143	276.57072276057
112.51702137974934	25.57270038653454
264.9795306953987	26.073642562467704
365.52289219165095	43.030416242834264
215.32576009105475	296.36175126093
263.26882529479093	245.15460684078295
197.04797144867942	19.072208847527815
305.8315511721517	190.58810642340296
322.3121294662847	81.8586094653043
265.91921948800325	263.35394145424806
14.126413470322943	133.9628580035822
158.7472971251729	351.4690708719904
181.45692882754872	277.6417065212917
237.31142912279375	122.06163373892652
111.75663975903824	401.6760707907604
415.27636245455045	133.05004864314586
415.92234890403074	359.60305226597876
378.76524640764006	260.3000614777862
255.14529388636774	113.39795698288198
210.61015041133328	381.1900952565116
177.47283642638817	111.17956390602939
353.3853557564073	0.3599218487170091
178.4681579728504	223.81256728451675
170.73088838658688	412.51526430606765
415.45025953237814	68.59270741089911
7.830278659243391	370.9710457348754
319.89422113852663	211.93994596849868
26.43252026202459	318.02143378604734
108.15009062099752	69.3759475128366
288.7444856998232	391.7346370188295
73.97730118518702	240.15286503928803
370.90668237222513	407.69368979999877
126.21990199670007	153.0016116282451
249.6541570728659	341.01541209113964
139.85610605347048	199.037556163023
389.62271805947364	384.482542188389
327.0790063813093	35.81420956241377
192.80676265378608	311.80714022948194
368.14606755221183	277.1256349028434
270.7718524901209	324.62269798902213
124.36957111598645	379.74006411228356
353.08056218020135	161.07653403922632
407.0445923048919	36.241584621104124
128.8797660773498	405.26378972233067
5.350019013781845	238.63548779803247
23.597391890401614	47.315979323141896
112.73272860068685	46.32790883485565
157.1713583289037	266.9513066788394
228.66920121006444	391.78433588714086
145.8508372155639	291.08442799293715
414.7173880553882	276.66464852625444
142.09144648259132	83.44037611947668
283.3364631166205	24.020053960370028
41.13849757335301	55.29097599141429
314.2874901615565	347.2050999262533
396.0182105486516	368.56758651073505
121.98714417885435	101.34061917495708
341.3620822370079	324.59452431218887
27.71416425195737	97.14469598438893
228.94998993494124	107.2082163185135
228.232359255674	40.22813286034911
92.11481578202043	119.13125878445263
135.35047268661575	260.211471502433
65.64832168425329	88.43103028644623
73.78215034630611	221.99078696236737
185.9047877785923	392.0881240378116
149.97843684104245	404.5882704002855
390.7255558656426	277.91452495065727
284.0063549546259	178.4617490165849
2.7938077317614565	292.5937045145861
74.11681644834744	46.324194338518026
137.53217955957385	174.9155468378748
179.82072186614295	299.53753431081367
93.68319915969134	42.37454562430966
269.2062657307417	98.78401640901562
137.1912850744738	243.8747112226439
31.2662768465785	207.00609880353824
8.439916973531334	152.62192055540515
332.99223248592443	99.04435623793549
273.49603000049814	0.020415069424762185
25.423746898831563	152.9136920710709
356.23108391574283	126.19906013053075
13.910530706968434	13.21363060798932
82.88935710601663	166.70577736119546
194.98257544868534	364.6324730137843
330.51499260438845	191.48433009701424
403.5883059155478	118.36634775409179
126.41371995414721	226.88179824175296
211.3121446545694	254.86975806479467
362.042471914795	71.47747061937521
112.24788414224601	343.3262953500811
81.15469725987909	65.3971319591653
120.76215897790966	268.4414397297561
406.988595158483	333.04025199919766
27.617898490739563	289.88418905090805
316.3554451200918	177.91856270859856
53.23416884587073	27.31853940897473
256.90178655740783	59.26216352398906
174.57217377505214	94.82115304453866
345.2695566158502	113.85224916595905
342.5643461957746	139.0650075584448
396.5880844988238	95.27972761842177
118.49342278609123	303.87480377190707
77.29248668488101	328.2461126426062
350.47805366126585	53.11356013950754
164.1138082024865	135.90554130239065
197.79252071547998	126.54744013686063
303.85897143577756	72.3631572958491
56.05047197881043	64.47486935875426
343.4889295571355	266.34823885657164
349.32030104530213	200.1274848232109
386.08738821053413	126.51280019125335
360.94466779885255	181.73899051660752
411.43159211735997	152.87958922713602
316.779493188943	161.16893522885127
287.86344984391127	85.07815421983918
64.57653206840826	158.4540902183293
205.1563589372705	35.442214132534566
255.97942608326107	360.06213199322036
387.15081899821644	239.03897645874173
171.84784978360767	256.9940553730238
2.8065050530782423	258.30812732911863
306.7790921003108	89.47767756203135
129.22102673388875	8.667347176186716
235.34028650423252	333.12384385267967
353.89907196380045	397.621478091284
92.50914998816249	270.4882419139051
1.0870187862165233	408.83008581877453
62.67464746998964	141.3328519309379
102.11419743354698	3.6735297221772396
214.03762100756265	146.51568786533778
56.416417588261	249.95426405488817
127.89178239206393	349.51777602953115
210.35762853698998	233.62295567853712
181.00190332683084	242.04193768134166
415.2123482817104	189.97622319608965
266.30676252117917	399.27205798050227
227.3191277253535	135.1610654413531
55.22150527175197	380.9751682371148
295.1736375420492	105.6073171808871
12.835223325214567	198.1007096353643
162.48653633451696	332.03594043455365
15.493917986554159	302.94872147945495
221.7469304438144	164.63018982463237
174.97745661965882	10.705896196846702
87.27533110112135	82.99523548197172
304.3380074910206	236.64728126761406
71.55229091574898	104.80966844099147
317.21988677267035	281.2314361703326
380.5418717201749	56.80900101940649
21.735442762679163	256.07735837897394
162.25915594916688	296.69532435766484
384.6045035012267	172.90800687843333
197.0237789352825	285.53898636704196
188.1211265017827	174.0944000674083
96.06308086092717	247.19177702125558
21.133776780054593	403.9149193530314
95.28661077360178	25.96265400139778
156.08763618323448	175.225358183342
175.30465014927637	344.1933634960389
257.2162984925	160.0571521742061
286.0285274285097	317.0607649174347
358.3273444413262	22.916818025712203
182.41666030937907	158.1903995709086
53.159103026824624	112.24091250886646
280.8020484338701	351.7518321825043
13.692420701877905	215.83706206185755
210.43725776956978	114.2531662012555
171.11775652135046	207.36994039484765
343.71013525414907	231.49618069824808
64.67085059978247	10.143591468246814
15.508853563205266	346.28656839429675
55.410568783949316	43.60359083314253
172.42863135995975	360.9813245084351
121.4053997688916	177.64548011551668
278.84897964990165	279.4319938549241
372.85746056743216	14.348631428790508
53.08257477795412	180.95998029473995
226.02661380321368	408.2609204642671
39.76004676437811	390.8682945416516
224.18123492051248	8.358391824127798
36.27425159171162	118.5416429795265
1.0737531173463923	107.37155170188221
42.456336235485	298.619706780114
360.10145583303927	260.41797202686035
46.92983190174495	161.7082896061199
264.56089359643715	131.628894109264
151.0986326630048	377.5604436114698
198.23717549824022	71.16068508043094
339.1919321374625	283.1949852923536
247.64597123766558	32.121801696410316
357.7018241507571	294.24845480087953
414.7800532884521	15.234348130807584
351.96795324126873	379.3969250006102
382.30172405619254	345.6996593620167
307.2441239426382	255.85205805107393
150.70027907630816	4.829873697873929
310.52025277635823	128.97696270572118
98.97431581947065	143.11927088548796
52.12458382010926	128.5765929359595
366.3774821666244	142.31857211948528
387.7494790568689	5.8243405344548655
179.13584641102483	376.6452627998907
323.66436652895777	18.591071167944513
45.125472589325156	321.9113964872972
104.2010587841981	210.53022179634442
235.37055558882585	255.2836891380788
304.54184825254816	380.7670381628524
35.99346052256582	272.2328225490289
202.100568718634	402.6932507209308
297.16700003717256	36.77644240385664
226.21898063173356	356.75704326809563
396.231603414955	72.79813694981762
282.0636164090268	248.75955711172173
227.94730249877554	75.23624237965906
296.6302696846624	218.54369242098082
33.92718100290306	78.98888294238371
242.51953147072078	210.59925904490362
309.6086907395302	305.14092769575797
144.0906501060816	359.195643630489
147.79301664252336	230.4806445747151
41.20802316730477	242.14097145065827
124.33108781495477	83.1181202374274
244.91586641327584	277.7844273672621
401.79457943682553	295.45973264582597
380.57241097586507	325.99894981304067
92.97536840677454	342.70644181436785
196.849799925534	246.13258714581167
40.68378818309805	339.4935365481355
347.73309228594275	36.55294467237557
92.78583174942932	391.0507702698711
339.6831852079375	301.791941818944
270.688111183771	147.5754616645209
84.42711752700421	373.7386262793392
382.7219213153979	144.22506641888808
388.95541122901307	405.37481456498926
40.09187355869352	371.9713067504281
400.339775832146	54.600560095914425
143.70729241825615	142.27707655475456
405.5261998869911	418.01129985534686
8.331185600111622	88.78601343888762
341.05759596260674	365.5231535376983
290.5707232524103	60.51799988740758
101.56424320225932	105.32275045573066
59.70548074516801	335.2864945642626
208.11408219366376	418.9873761293543
163.47661826740298	315.1994143207209
319.07631835073795	329.9336694640565
118.38546553682386	195.63100988861723
223.0115768445067	220.65092905134114
333.9340575213794	342.7068744940402
69.67749550253072	198.5000228973982
56.638481734677455	226.22542778211832
200.09572250123108	161.75397132315808
69.68354052227191	284.14502455748135
280.0511308628387	162.51462733783004
241.59058691438457	193.9047207260002
14.700773669388026	68.2621967981862
75.24067736594829	121.4585480781039
248.35577054413662	95.06175034901449
310.7688588444883	110.89558548858031
148.29120955653244	119.60793603346275
35.27579061076575	225.65759066265926
135.9606918676281	308.3483176019438
59.668756272388265	410.2829463802928
101.89572266099212	301.9590345944707
125.79060158699454	287.386563168808
98.30629224574578	359.87529554105566
205.00014133101328	217.6566277829296
97.53438112144023	178.9856439885319
188.8008704420784	414.20919593642253
115.08498710588059	320.82739051090226
273.07737810732493	62.91336605016052
315.7487608631624	366.3694176867061
412.46486188272934	376.76145718690503
153.5597390840406	212.04673680422792
188.393237948727	262.6716713870774
282.4744489044316	121.37635189390431
366.92762861296956	386.35911979800886
64.29039486167488	364.63798108323766
48.42243606887974	206.6053446219384
417.27349744541664	168.6563859961952
342.3803079784829	15.897822594347907
367.7775757263213	310.8955339611538
368.71895324337146	90.2396904322678
394.99793720692094	208.1805305588803
94.21429586191736	197.5667043539093
102.22006856288736	161.63551832282934
105.83668457234886	285.37004273188336
182.2410515266897	27.172237032857602
43.45609745012565	416.67507966519815
138.36352304353517	101.78697000952273
388.838853864872	306.66871513294836
315.13017555071605	144.6528375678809
411.45450558050885	211.4371633235471
15.677735275959728	115.71358398693802
408.3522352987886	312.45490941195914
357.44368148500155	357.95997217371803
254.35168457537725	0.15928138125808572
194.0775316649286	92.967409642162
227.39862086846458	202.0849247896862
80.2444291804659	354.1471829988911
151.48648021774605	39.701092709896265
