210.62648776555346	61.804518876311576
406.7674650026851	403.4756930043019
358.3553024206995	218.56807101059016
358.39026288971496	340.19880434360766
399.3163392812291	351.4342676660282
164.3367292420258	180.2959645910135
272.69541541220144	46.3274398907755
117.86230221197539	373.0423928868796
180.11710378508263	326.13504468130134
381.00117980651737	86.29505372182179
332.1353573395155	64.39303193053932
243.6103743328743	146.3690359072749
384.12207059371843	105.23743640360165
206.7012913641235	7.828880609142704
386.8686542433844	25.58917005713056
126.65483638348888	55.92519280793943
45.406013501275346	140.0468524384187
335.31762326932744	167.83825015147215
241.23672553989766	218.6520393642986
7.272267323136177	171.30370786281878
148.5825841943965	33.933063247466045
0.5309636463843815	42.488507379950136
105.58838336094246	236.70902352463906
116.72957544311785	139.07742769226357
303.7151774260862	172.72057573167572
216.7960819200644	313.56328079650757
90.48688092304091	315.4786159576008
202.32767435349422	84.31832696740578
141.22283471678833	128.94995161446042
55.4205461912183	266.7869987013208
281.449835466036	390.6763575860212
220.26955663778514	178.349651513189
232.6098492001628	291.28677100646553
164.78610571614743	399.4453060450785
139.92198047115812	70.53654337271597
30.385093577224545	365.1371368363235
123.61167780918761	125.87409195343066
349.27323365107674	89.98000012573968
178.40009139272792	190.89493500399135
304.2765520978	367.2551619012995
37.60607590002758	36.31061504720364
73.59676137013003	175.82262020927408
31.874906852990843	5.873354879234633
201.60708058950007	343.77016459555006
47.52303130553576	80.59747246069709
147.42722846011856	92.9439996026305
137.69246374003782	325.13747061040823
259.1481113953864	142.55774036667577
245.88500917517803	71.99932871903914
236.67082016414201	170.91004311504324
384.1719656843953	284.2908560437982
150.7610051278645	239.69489587324347
290.6338662373952	414.094580914595
129.12226773919855	21.005789554962647
87.45800583534043	295.1451302362533
153.0572131723226	50.27617962681588
19.31037717410179	393.35910965001756
365.1612370854872	241.72720518123205
55.15860375028237	348.8501751121176
409.3950754635825	75.01934599098529
58.64373476632368	283.66256015114243
88.36939427922742	223.60202651379961
216.9126882188976	341.00823903204736
247.13557525509052	13.476367044813509
285.910025727197	203.65072471738927
160.49383612490942	84.27240158882158
345.1078500566152	211.12896368744057
349.40967188628747	255.1775435655284
174.14960606689382	207.53290375936294
398.2258816802419	219.2825813700576
84.20715107107844	4.4020443567226355
191.224800203701	200.57140651137016
249.64770996516765	293.2717040378892
81.70337493448106	141.86437237093676
368.04808027592446	376.23920222238047
349.2552559839802	63.05447594454421
26.093022438625077	27.34449932161608
404.625471498891	234.86167680872722
63.55618544920247	386.184509406814
298.27738918887013	335.44546781836556
23.17638420972897	179.00458101332333
190.73372588406744	263.5898132742945
238.54083904233744	236.09743974161154
76.3630213086719	28.33945422599674
7.876578236949118	272.57981693049413
175.0008031599371	54.82870209927502
405.2547494280607	133.85366521787782
236.8449646747516	305.8666796449699
323.1933591826514	13.528209286454933
410.1925525224538	252.50470725756827
278.1326090760602	83.26163816291235
259.9462060909527	191.135966684407
325.7903315318974	405.7597894463206
393.7968697644549	185.99597678695375
373.894131916912	196.34989254859153
385.8819660794917	164.46989678821765
294.11845106197853	273.8768370723
330.96415418733335	391.2218614956487
261.8511147686712	390.4682586339895
17.62646348549864	238.0768999115433
151.11226431304462	151.69990856591826
325.98305158511886	119.80115078035637
384.89856290231165	48.11427353767351
76.79919974414791	261.7132882975817
63.24478492323853	300.6681787864491
272.6176640950664	211.40111889890926
101.92755126354325	330.542444305348
183.3212781087283	40.52854115321506
342.9251073931193	405.194215138803
376.5108256269746	122.62696307243989
206.31443651046737	271.8562945757029
113.77490594892525	28.28129882025529
267.53156253263677	22.83172368769522
372.4528210977538	38.13710564185732
214.48530761371248	294.47682740158626
278.84493755099385	231.85612615720103
183.58562674870083	17.626493897673736
309.6654161570928	196.29645647227898
328.5390435016599	87.72411604020013
266.90983228772745	270.91030085962507
20.910878487302174	124.27422467108195
140.59888452449636	339.5001440910457
176.87116665501463	283.4502515064833
238.74112795988069	118.9187347215711
104.59493049220384	405.6520964688332
0.7385707873722511	119.92424971659433
415.8517252632795	351.15621753862666
390.7010627432992	270.3774070459427
263.79042506018186	109.27882247638755
216.82613280840894	374.29568710106224
168.9216901459793	121.45219188864604
350.67163563638735	7.269657976192171
166.38307571726034	219.93512614219426
154.05999976643005	416.62985313942335
2.801141702788471	60.432119651890446
7.960071563691751	378.89830951544735
329.1351025178243	201.34627329494782
25.035275141141828	317.7191123110149
103.36831687901953	73.03432851591538
293.5092116932053	381.8828006791448
81.26760964787621	240.3894376698698
383.59084957977757	417.1414385075079
113.24412150163818	157.97593961133646
246.5857884551638	349.25412485327826
134.36615178295816	201.91189874554388
388.68293293457316	385.3607589425001
328.2139653572656	44.52765980268864
193.2397622350216	302.4793204881963
370.7655713223062	273.457071065235
265.84195210340306	329.5214868370458
123.94396572972977	387.2184266680039
351.00256938345507	159.26751946972482
402.4732136592136	34.96278072900746
132.33265406971708	399.93836200023395
419.3333433946085	232.00967254443077
15.11460678340424	44.709584321007426
123.17787692555234	41.135708692187656
159.62203052996608	276.9890537828859
220.68261599768167	389.7391640314427
144.006522064454	283.3533534111951
413.83404018428485	268.5547045524225
117.92657529651984	80.11204031683418
290.38259588526574	32.12971515332866
30.30848770649718	49.908366132633425
314.11030264321556	344.47167648051663
381.0068531182822	364.1533520579038
120.86327418726896	108.16488481182293
346.45051934730606	331.58879414205046
27.1470729646876	89.2551360729434
223.53976957260906	103.84110255919627
228.15848500249786	48.04843873904311
104.89170232272609	122.14448000209467
142.42684829142792	255.84935713516003
69.90733719877498	79.46504395990843
75.26787534517501	212.5613688771771
181.15821387936427	404.49081680953117
136.58906451119768	414.3155095722981
402.3521681943443	282.52019095652037
289.3359903338749	180.34916750218292
13.492950741342948	296.91001281251954
73.71893441651159	53.429737348754585
140.59363212493435	186.7960265976416
178.58632605999534	302.12848921193324
89.24613615455534	40.743491339129086
283.25468464692153	106.63660972125173
131.5634359351627	235.0261166006782
32.93059244782686	208.82652403112695
7.110384413018225	151.7398734840994
338.5505339144307	102.71447119608122
281.85576500771117	14.040219714709915
29.404687734082916	164.20197644332208
360.45513712348384	129.16608932482592
12.638807345398307	16.276164048797035
66.933285656778	161.44813794068378
211.01797988264445	359.278674497075
326.5804703858916	185.80149677770507
403.60279620891396	113.35509151206927
122.49266845706727	210.56847082421456
220.45415299871937	253.08785365198244
359.4977818001468	74.91980198068774
105.03867105656883	345.26927035152437
90.339183078211	55.95857758961295
115.56307254380611	267.08766861233795
5.555119891915253	337.30623019040013
27.758026110085094	282.5640663128119
317.5564592381317	165.4139987449327
64.166834006965	38.27951483472419
264.33155009572164	72.12668659687277
175.81724632385152	100.46535555368057
351.8155503640585	111.8049689531085
337.86441035047534	137.05463789325017
398.4028940263308	97.67988700992575
117.7497791404536	305.6127861003974
82.48075332428874	328.7876629517256
370.46901998576664	52.93881796339409
168.54284137360273	136.05530163901375
208.0097711214604	130.33585989454912
310.969323718573	72.50633751401361
45.194561123599854	61.501059782831746
355.21696908886037	269.3280271973672
351.2424935183462	197.93359175448205
393.2928385248057	125.03780237713285
361.3402577234379	182.53945861169353
409.2172861702212	155.8630274808044
336.73331219515126	152.16867217245635
293.44196684367665	86.36160047795727
52.397918406814696	154.04185049485216
205.56907198330862	33.841141213346
249.39083292785452	370.75266800917706
380.6918251757035	247.97574083133367
158.81049334359136	256.3268537163182
9.562567872241564	251.30626924798293
310.18649626663967	87.64366169821275
122.72586803699632	2.2023818849004853
248.3429631228345	322.6309532593205
359.28523713236746	408.8498269021232
101.81798681126776	274.59113292495175
10.054449919996857	412.9820740748253
62.43427257388395	140.6718559288644
99.61602599936145	3.0481573483053443
207.15105760439255	154.26857894786923
61.57466585176638	240.74370905930286
115.8666886906684	355.8586889546558
206.77297129243294	241.71433003798072
175.43519236785139	236.69694951795358
414.62975764236677	195.69015019697298
270.81342073112273	402.30855761775945
227.92961981661847	149.14152572809948
37.71304312211218	391.3975082057203
305.33571264071986	101.64704450754867
8.453101105499153	187.88341668971415
170.16935223590696	339.64923475995585
29.75735828463163	302.8472196233149
222.12034260823498	162.5824854058536
167.15867725339692	15.087137133467193
89.38497357057558	77.37463416773387
300.0317990927068	229.2320664875904
77.77126661300773	96.84040575269195
319.9767892636581	291.30953429748956
380.22449125948117	63.852558816902835
25.090603475004148	251.6281754066498
156.22798484292468	291.8557871449465
379.0605614418191	181.34460067832444
200.00461670730698	285.8061567071915
189.82598459449486	181.0180338394302
95.28300886408417	249.9760051018366
36.07454554515011	411.32185878664797
93.94832971294068	26.127825045265432
158.9387387810845	164.174365412495
184.61817747147114	346.11276797061777
265.80346173697836	159.72156566597405
280.487671601448	324.36286622747497
359.7153512003195	28.36521893104026
176.24901511018416	158.10776076620024
67.83560984754082	110.55892297386914
261.71411580009243	358.5886606173091
16.92489642246618	215.42657448784584
208.94815943667382	106.43344283156642
162.17212008315568	198.89211064761287
347.25197511006047	232.16723825147625
64.33596858432138	13.346521255820038
18.125451500186735	357.28738427561456
48.03104777290358	46.61109743314049
153.5637990995554	378.88563939995305
118.13245696753562	183.2349271552318
275.6271638879148	305.6838547313263
364.93073426214715	12.037746825217024
53.22621401245144	185.4420847808299
216.29019053754942	406.6837717472603
24.421382583871075	379.24651254343104
225.3132025219976	3.7787416940059515
27.759242004702223	111.17436532551785
413.39480981715246	98.24660211064622
48.49567751004704	297.0830053332712
369.08650040937533	256.9307419733155
43.80791391800833	173.85493485729012
264.212560227071	124.26098433058165
142.41119157112934	389.2730790992628
186.37136426847064	72.16561047910076
341.7236381073876	280.43055758734533
255.39311527892067	45.07266678524832
357.17370001496806	304.9310257891079
1.9506609179104895	27.22062148248711
356.29035978351845	392.49311003902716
370.6621634644317	352.27033335672417
323.0067715103337	254.70582536037963
144.21843523653928	12.74605891434633
308.0961813178951	122.6454808924901
94.41319673456071	133.7110870257929
38.90111371942166	120.59393475293808
353.1600634199877	142.38601438769504
394.0015717943222	9.580283143350892
189.6089063299661	382.2383630264297
325.98915077687644	29.35368142628553
46.73222367281218	315.7773149025233
107.70975559553943	213.3907856378949
235.01272636901567	252.5627252587916
317.69425219428166	380.8164746712548
42.82639053622962	278.0119214311393
201.91531358068337	398.68925269575647
314.15343768915403	38.220659046906576
227.38558558917956	360.6140451543183
395.7918810431897	68.43887303271133
283.93333004982276	262.5205869641567
219.70284889586503	79.29280525980892
298.2889240966881	214.31766473756426
31.193330729496385	72.2408177748935
245.80373942363406	204.06216950437386
316.29232467210477	309.739341025318
132.37019125285386	359.2949309768657
144.82643868388624	224.69988097250334
44.82032686665028	251.4762735217676
114.00270095960153	94.61888967581702
248.81394029145793	266.850599340749
414.4836947199815	300.7034115142731
403.2692573271302	323.8228674019033
91.18345516409556	340.7609900680576
186.82063154997522	248.76026806728294
31.579412460538006	341.70638226995885
345.71754794597854	32.350314537146296
88.58120381710907	399.76126184780287
333.213122577561	314.7345888671022
276.2561889290193	143.18944787309007
68.25205147492923	365.6197207774872
392.2906020403132	141.14981042204678
390.6118672539287	401.9720780229308
44.11262642263423	359.2719141693605
400.5159052009837	51.22214556284385
141.5265319082383	163.0538718514528
412.64112602327555	4.897685878343619
7.007774366708984	90.50403951941766
335.4088435256761	370.95093151169465
309.69076275386755	52.602503299817755
87.83432710408758	109.57274497260283
54.851086222673565	332.1349274586342
195.3997937290178	412.2571472949824
151.6316123922217	305.74804943133415
327.35684355919744	332.234948642967
114.66590141916603	197.58502748227818
208.444210028224	221.25257259273693
335.88056878899914	348.49615632641746
75.6546954630301	197.40949793218093
57.0644877423179	224.00891909800308
196.1248610384926	164.20491899924474
78.77520915563235	281.30119219374825
285.18906750749477	158.35492454965708
236.42052739044837	191.45401780457527
20.902972754236387	61.15226928337548
78.95677483111399	124.34126890731768
237.32527570384588	97.38774308335263
320.79354809349434	101.62356745029756
152.34852101964515	119.1127138867145
38.06791535399498	226.71043734928497
132.54682669144483	301.92281161468895
67.21256477478957	401.1409947471663
102.74554047484973	306.81959043024864
131.04654248312167	270.13660840645133
96.3863904605883	366.7686295095951
196.0504637292556	230.14018284868527
95.29852272987621	173.81085299710182
168.71987463128715	419.9840822722438
116.20919802804274	324.55953289602803
276.8994030509739	61.28545690736684
319.91131213651516	359.30794562574954
408.85606439657806	377.47554122349146
149.66061927221753	206.50636233725896
175.57255111643258	264.7390932649541
282.5035321685422	126.84743925421036
371.6269026445483	392.0250265791429
48.35699400511151	376.35101633815214
60.00165850534342	207.2340453606649
407.15698769541615	173.59300020566613
339.13520885894894	18.1680582438229
373.585692996794	319.35841994418786
368.0339825365321	97.08284265559928
396.4508526616565	203.14038531434971
96.62101770877942	200.7881254469397
98.48694255118025	153.2862681563204
110.81114379794936	291.10722450622364
168.352073929825	32.092172923380055
47.71206423785452	5.235202879974947
132.5079182692619	95.35253692451008
391.74238847525777	312.32552806674755
320.4797513546875	143.5351826490847
2.189465266789724	212.85269651932327
11.568349412670795	108.25164934048351
4.250955994288803	318.61953766989393
350.59707926408277	359.26735236302943
259.69421424065587	1.1486935591191814
193.5656572009507	99.03907538909276
209.17196299283324	191.39685807019163
71.7370860395205	346.27842026582397
137.77762541174997	45.32906353089127
