110.64933995069143	131.01864023589965
331.14435430008484	180.07247332715093
161.88965893400683	179.79754250307354
59.914500166360746	162.19593119781774
60.64141559455949	33.69551321661346
206.1453904559663	213.63902012176212
332.79397908714685	31.739838437550336
227.75722367120562	120.85090228911396
329.29651568442256	162.7164504102755
357.1871301642445	169.05053547879484
129.7384672536341	134.04252194622873
190.98817251990405	17.610681466723097
382.08689313147767	330.0943209484537
234.32730438305904	238.08908071108365
190.15101372564644	94.02902897128763
46.468141195884854	337.8762979816749
284.7074811908174	46.606236135009496
182.12608471914504	33.53246590748005
56.76743187740648	193.10558462500066
72.51726550042065	239.6926558684783
113.44230128788136	353.9183744039248
387.20668591356406	255.49021975548524
37.36110732704958	58.536987769607926
23.407465345143795	11.531526978977269
226.59067911758012	407.6943196790938
180.26688652296733	105.34621504631777
140.32815579014502	7.10057382498384
339.95025189062545	141.57731292146627
304.04006978338555	281.2611737537431
110.25373964624622	269.38024971415854
179.9281840418321	400.2840633975272
50.52298430204794	17.262348268133255
26.129669222546962	386.380680606873
108.88930186311964	71.20812843503104
35.14527792019135	180.08472927716463
155.58595475758392	318.79385590854406
37.89005152136154	77.78963512010144
233.53479361542728	253.36396967472348
399.12018613997975	383.2537031713123
78.24989767811148	191.27407849179576
198.13569247210793	388.7784604809471
38.10571252645433	233.46917378607338
252.89845546765974	193.44886940098147
77.06123897036726	124.35089335631432
52.82849797912735	47.47227893664436
289.39215565064	82.48049426955502
167.40743330185023	116.69585770658763
67.03955836594632	58.878167811491096
51.29772089921119	354.68842676636154
58.53753257494586	392.61895402287973
255.2288599892905	228.0758064834603
280.24064241583727	135.25532019623523
12.802747624596549	397.6718321239666
203.50527053745878	103.83929186157849
8.60923122008693	86.6882853552685
368.6743818337227	339.0033450372235
338.2744794080619	405.08290008894056
108.76852365155906	177.31310978703618
83.09472918783702	382.4526452097145
334.3534712248935	119.53689855050463
17.797740950909834	294.20246482029046
116.16719787738765	55.67912670666801
255.92754411048705	105.03197169560725
271.4858679356343	359.56818942522796
234.71518361284245	419.88470523990674
216.90284040044511	302.1595451507423
388.7135049077005	12.718308157852054
80.99017358829504	405.3472208740979
353.39706868736846	19.056256683470707
314.1825228572627	311.9610178299959
234.21983081532503	62.125615352360285
399.03322862822534	140.71391455929773
172.09681132752138	311.0295810924873
352.1521129585251	123.83312372829035
416.22122823618906	335.56784192273335
341.5582882606451	206.77180917056154
293.41592378043634	313.38220420190913
346.99021747835997	182.51827131622719
160.56257745555962	252.85689029558915
162.04932466164666	345.40419520451803
110.33067350994662	248.19398831327803
10.725288241022714	219.78985792070927
354.6138220354503	240.23771801002974
355.0524674742595	359.0213988822744
395.49179128746545	202.32068189515394
162.6313300957496	100.02949879264622
6.2158660051586	29.28005292993517
129.8560958319093	238.22063981514418
89.09158939445733	12.154540288087478
313.9944866219848	348.99677191777346
188.58728702795716	367.57675593936284
382.67180011717966	378.81859099057596
406.6297480871448	174.1219813280023
191.9169991908793	197.75517020688258
66.26862616084853	406.12610462333123
36.200438779367126	199.43629532080024
17.75443493249091	135.8402818156575
304.8119263275479	41.7320633801468
324.3759712439479	251.87586109705677
121.41465344823112	156.13171097238327
30.07177714169451	127.46083175834458
419.9504586662142	161.49764270815044
268.19790636339195	239.84748211644538
317.58687661761945	59.23122506031817
259.5539954908432	7.4747228782599535
310.90637601684483	215.33396995927046
369.69299537731035	255.32034494939177
128.81677474088724	416.98466286063814
89.45714655550385	244.9741743217963
372.02820427585164	179.17999522773027
83.82775747938948	97.5520937785541
324.2594041345382	194.56589529286197
119.56970646736448	400.2953787344859
76.58082548337173	224.6983114466904
262.09008791322185	64.82167583177083
322.13176042205987	228.74494059804434
399.7178147328052	338.9221771044648
367.40454762154366	119.30435553209624
190.00857267344045	159.10124957865963
123.4516691534842	315.20118646031045
53.89388023998692	225.36227654470645
12.949437461689222	121.25604960614635
192.26825329051508	130.8559702554026
130.71331725086108	78.095650667407
336.06655087325026	318.12976312262896
280.7990746174009	24.676224665725247
399.13221856424536	321.6371705622926
376.175222210071	301.77689139006753
161.33612187747835	223.4992340907286
168.48530469572054	207.94412955472632
389.6628685715667	59.684640117417196
85.59824573961257	68.92060932296542
89.54495618001079	133.20786100697921
247.08846442371234	149.82337616020462
274.5144212304449	312.4457787255016
4.816947077948328	7.3106249971527415
261.38906033071595	214.32882581182218
197.34075744588054	255.6565588563452
354.5958026491201	143.11624979191384
273.2041613666996	179.5866815768408
340.52246833708165	224.64064135878291
324.8793782164213	278.3087570254132
392.8747798181735	228.67662053151176
234.19281442143955	158.1946940047725
201.68004299648499	46.74241160663913
21.94997171491584	312.35888584464266
404.98313610276904	68.95571061460544
144.14009830006344	388.3872229777255
386.60423481532797	83.77408702907387
181.52983487306957	214.95013534449362
352.6976722749631	307.70479941299226
371.2447108462004	24.26851136525222
103.35776304454212	42.74492771123402
179.63044091090606	379.4510153624905
335.6270648597122	240.81738222669378
266.1795287961374	29.22321153944943
326.0117155114049	396.37894633153354
368.96359987716846	158.86903551810997
297.7491017584936	26.787317269231114
307.9442980359809	98.67927069118657
363.3480776471068	318.82407397254605
312.6079470864154	23.369515800748047
202.94499453875957	119.11225693247464
201.5043758586601	178.7483518015161
118.59217540952703	117.68230309179863
418.91760883102364	313.23411201614533
357.92274304073743	206.96944025525366
177.19835290056938	68.34702582808593
172.18387834236697	165.0019149016064
330.19360255401165	358.26620455949427
88.85496627397521	156.71157349265206
383.79569545173155	315.09193307430206
215.77085687661446	228.86979302174214
45.40320192732103	33.52294690262853
338.7544814556258	6.592178011585511
319.7534503682637	117.16550885738741
186.6592344842763	56.99357022126327
291.546011035961	144.64959724434223
97.77177418830408	113.72570421648196
160.7772524572134	386.6311116834439
348.71494688334593	45.90207797598399
324.951203075602	137.47936804673475
199.81960705674666	406.5046203331658
234.1703070023002	106.51526524980758
247.28375940991256	133.7320651176025
83.53431718855902	289.6302985685438
227.24426550474467	19.069908894842037
91.76207835577463	416.6009964205748
36.29012825241236	369.3034228566973
419.9452091837576	144.6285527021508
357.8051509257541	379.3377625884727
244.2544834324141	13.683475876567416
256.65392099210453	79.37738053425232
374.30083999188673	215.6335018794667
22.666919625393067	77.28933396121717
245.49647081372459	409.1266820916066
96.51280465397838	58.45535217748712
78.98577335932458	330.01432069954495
38.701217054197905	313.4373192198921
343.93637604534456	157.32830359549658
107.47989209909184	196.3430659280584
95.03953042255007	172.18014628860035
332.805946874533	46.578432135241634
94.75061154442938	83.22812144173642
347.71066641464546	328.37381969839186
314.520577687558	177.94471139566264
309.28516739779553	75.37062734996955
411.31920386069254	373.98637232977177
46.972250868166924	380.9489962094423
388.4786261958754	286.29144057086273
244.2318532101603	90.83385034335168
1.6420429646786194	353.57359534514956
416.3662854336977	110.10431478364936
345.9437710890359	256.3601206651804
258.3203170393062	122.92165156773123
222.21537662013014	284.2026664787342
266.626388473435	345.17472711250673
302.2272501375918	392.1089157956999
413.4066059399702	219.17320484048
292.3837593876651	101.03492776669981
145.64948758249793	359.83778162828327
376.9650647687817	68.4644633464347
354.28655048308406	1.78985042684218
259.3040183571485	318.10166902896896
21.487335060312706	235.97540654580436
386.081274294252	345.95235197891043
171.4524217721381	280.27637769119184
14.125166180551885	103.43992946715593
156.85209799590584	54.70265455625324
401.63025396404726	355.3443399414528
298.55540098114744	298.1855500335067
12.45795769593375	250.37162114638872
137.0868293666791	326.26418727812757
101.63945033982581	25.966434727045
205.7147077018953	277.5046279495901
35.47982305624202	214.54366589495166
197.52784059406764	318.529555529769
5.7155072376541165	279.2372327735747
211.76916616198196	246.1204332452123
388.0234912464606	363.4600777899596
145.2416675717291	404.2318163268669
334.48911697952497	336.60883278755574
153.017048183247	23.13737261887905
390.6578272724877	126.90087759696615
33.692147498087124	267.19616348184974
218.30769430128393	204.70462851061183
371.6601674513133	391.4834803964248
110.18732490653422	326.5762189078596
204.21019783911973	341.86442822081835
143.9866730316733	267.9068351536349
145.12767277475695	133.5266494209524
50.51082895452966	2.05705155025114
204.5481827595138	88.72986444411947
250.30769136042693	264.656468570251
215.081529421919	34.3570609090113
243.7444472775936	372.105265853259
63.18198268036062	143.30658615114248
100.72091028572126	313.26856731773404
279.2850499174906	162.66114007815474
295.7136911861728	178.75998000357367
6.691779476868201	186.21623831879148
12.25924514114453	170.15257368735905
239.6957526427111	301.8398819082403
207.82650263150748	163.67254676072235
80.4206048603499	31.21556930723974
292.80011892500886	351.46875392000044
357.24468041518014	224.6940766485143
229.2256507800471	216.4026677619897
170.01689477407834	411.65276389048176
212.15319776210757	61.87800520380735
158.23988970521265	84.86922694738597
134.58770854016726	118.53335849318407
260.2377022489886	386.82826119796806
381.41771912411116	113.08819475967897
124.73231509654225	386.31824709790794
58.685925519191976	126.42130374080797
410.08970269390693	248.47157066177624
206.17207934527752	141.94534452228834
218.92888157900597	363.5307983028586
145.69529644652172	194.83903020015947
406.1967973248832	189.71725562930462
117.48432552767008	208.08976163747278
217.26524918408043	77.50654481966579
75.74202222515241	350.5109362012101
221.2537671455111	171.8510741278315
242.93891862215867	118.46403299970657
160.1731035666269	39.2570243075492
391.0747429722087	160.50733257982486
227.8622969160851	316.0373389479687
182.76250868456296	292.125764470095
415.9786049606016	267.4659762991469
346.0163574314352	60.56233507126291
193.30088014581932	71.24814729708505
145.5032390605549	101.94625160371587
228.85356029141167	335.8526231924415
180.83096144065138	332.5469442482513
259.3136565167701	162.38041431249735
49.68747369685241	206.0425014944678
56.702446533569514	80.60713172810038
299.8148982645912	410.69350120223055
248.23882728674198	351.1531852902854
303.73993667000394	192.6601471514721
391.1156066920523	187.219694610781
134.02829684696192	283.3036586446902
394.93261319510873	416.2625915332404
403.5128486091947	97.93587750309415
370.5244103897776	100.70681973782958
21.664783402765945	186.0748934674023
390.62543359123964	32.745029335443604
387.46576390850026	98.67294804024199
263.6039655018771	299.68854169246174
103.59552139854603	294.70187609373096
279.09320060573236	374.9224703501519
114.70508669634573	19.276815167454227
285.34316013926417	389.79015512424576
289.83746001569693	199.2954122300409
315.0569143644459	383.9776476511537
176.94863160286775	10.919338341558394
102.26218145541628	383.742425002488
162.94530633242462	131.45039275947528
67.04877651356189	317.73286346749626
188.51321622945292	269.81255908096244
130.36391194277175	98.7980425581352
209.0042888489487	13.29250736189298
116.39507824480931	372.7520593233087
236.3687885671867	77.36404632524736
126.8334397644535	261.3242869304844
169.1916974262849	148.37612247885082
376.32196123309285	419.5307116206308
275.5355903701617	0.07195659476089689
2.628861585456855	206.0671489598938
105.60628595830197	145.3006765109109
327.33992564037084	17.775786762054214
17.30589738179878	51.52021094596939
157.99854999335184	238.26146377425698
258.9197554427537	50.10599666724418
353.55211761001425	407.0033249304452
145.00881707586592	74.06223831197298
312.3901135226289	7.153198214563421
246.79220678631728	394.4782677374439
247.12496773274876	173.98277817943685
387.4471364339661	397.91872283907014
119.70015440396462	298.4456154760731
284.2965593249905	327.7595048617017
180.12323422504937	230.6637749088824
334.7899675696647	99.52342625146555
27.511374051418958	40.06845581586495
318.0158212707473	153.2908423935649
276.751904656661	59.22289550951306
69.00179211275965	173.82129931000472
185.07754354672565	179.04181810005082
242.38951800929917	29.034357668858156
37.83505563896406	109.29892838651959
276.67747002761075	253.78269965143772
311.77108034303706	264.8137943198508
220.43077365286166	188.618797660699
56.181379153894795	293.2606587832968
221.5648261182821	138.7076954414774
337.43792808192075	301.5588795699767
418.80976101098946	128.64064658615902
373.5334813660775	281.81265358795633
126.61563380574593	42.952718464523485
88.5936448885293	357.6473098689235
299.0360650550509	161.70344574594867
418.1397741649493	410.13001215785397
245.66041763069802	332.9058660793661
6.896858137223256	63.89534419627913
246.9798640957116	279.86036433144574
66.77423066588302	362.4371072612865
109.93700312370746	99.6067194813994
273.4209641639175	225.8806534945526
131.40225119064164	58.70396650648245
404.03850022057605	22.865349176091904
129.45069313964996	345.7115294410379
68.27848303635382	90.52207657964385
337.49928209644014	80.58895670119698
16.896728216887638	352.86241998322845
213.38036537917813	322.4889544784623
268.73601788296173	269.42072693677704
107.74855514168817	1.9888667365304575
51.031169576785665	269.44282174415224
219.4830218966746	103.41763721546394
370.28525301854415	360.4815904533773
327.7234041455569	373.1004167537008
300.1747108659229	125.97139159840846
139.20857447522533	34.47280177140588
225.16001031584017	269.6610736821233
372.10389142995973	193.8360649585122
149.3865053916066	209.29664875928643
155.95715177771163	6.13036527951667
198.0377019279742	293.0012351301864
283.018736005791	294.62658992754973
271.60846587334544	195.6227853515666
129.4387292197087	170.33259854882962
414.9648096620038	388.4146640290617
28.64619224087054	339.76356426781547
375.0950817356864	50.92771283980159
295.2427486632268	245.763831386808
73.81302958016079	1.7453305704924917
34.3808071007623	288.29772032098765
296.1701540958132	67.89020165299496
43.305420861949194	255.91815837379565
306.7131392808543	143.68514014982017
150.28489666181403	160.58129901683017
4.255150189976294	234.99071995507742
305.8260372326889	231.42477302104194
352.83765193163043	102.81803261549805
378.017364252294	138.58005243678912
185.29389490080442	143.95911086948234
147.01441761104653	304.9324461049594
341.3647907363075	273.1570024454931
175.10351971353825	361.0426091902076
125.29386431407576	187.15440304645247
