221.06436306600742	60.49766949550856
406.00870284065917	397.95239192999577
370.8488347502596	225.86837998471978
356.498157875015	330.56158815363483
401.6507843712873	345.8355253038023
159.2356450448321	194.44981199032622
263.12769843510995	42.16562422558307
104.32701337861897	376.6164568321127
180.87167101844906	324.9378044619483
381.02699926474685	73.6850548883008
318.4482795999281	56.801559107772135
233.3273094680305	155.45307475577715
378.9588854252565	102.86890945071822
217.37002541815647	22.050397059991734
396.98935179739374	19.781455404759868
131.82821866141163	50.92822075189996
39.27939477577774	140.55174794772392
339.41662268769494	179.21375345354525
249.9621769011047	233.71917039923818
14.984032071574026	170.3590512860508
164.40036545643466	22.721312461943086
4.451180552762903	29.486000170879677
107.98709902237088	229.48496178752552
119.03949121036612	138.84860292480585
297.78562815754924	157.82458441033208
217.86474806876527	321.0452540500585
85.26374284465817	308.29167544560624
216.9635179148033	92.29199568246968
126.8205299285013	117.97197092828206
54.41458472177167	269.4056891831426
261.3717322013151	374.2206238579176
226.49033013378246	184.12907237614226
232.3550964501635	296.133884895269
166.92606585230357	391.5706032999274
152.2235046603238	60.07683163029918
22.8621305575523	384.2005975145393
104.24547051204782	124.50778440326756
347.0123450374595	87.60305519342674
176.41262173357637	189.0805001260845
296.817277107074	361.9335692791673
39.06860147624877	8.4318774259207
76.01297168352218	183.22977716396497
21.77206451268749	417.0403253358078
195.25488202391924	333.9219071095195
44.13892656065965	90.96704302786954
155.06303703062812	103.00559032187905
134.90409026317775	331.40849942911086
250.5611734896329	139.35953398739812
240.84123182184234	53.174610320032286
243.05513109053746	173.30795472696596
374.76149460503814	291.9462207790458
164.7844118292768	242.0771474090336
296.3006148743138	412.58740472994435
139.99039084731467	23.39814203911869
88.64837212126876	287.40171857995296
173.3161800375178	49.76769390015285
6.248423203649153	388.0273630141274
368.34506444781994	244.16158463754707
46.777039864169204	358.0955196427282
414.2128565342714	87.21150235954151
52.053251779968896	286.2173935083065
88.6695378649096	234.32288494034455
211.48078911746867	343.8643548289565
241.73928986066275	13.8313082140372
278.25761225340983	195.05231376931582
163.69738492502157	76.12207926351321
333.1505844732589	214.5941238999569
327.7021665027589	251.74235261368756
191.30790250944014	207.83788788723135
401.13573620724503	225.15339661517558
81.6874457596548	11.907437046789324
207.97785434873276	183.50424395456588
254.87427797087642	300.50564624886573
84.17405337921166	136.12260242750312
375.8486502767796	370.6163559064405
342.76876070955524	71.26168165087421
24.572042772894577	29.89051920704919
406.72245756202466	242.2475106275522
78.91975765589396	391.5290966873236
297.7111976669337	336.05146122079424
35.334716226804325	182.2416517422701
207.777921057066	271.1125743057833
228.37656474530814	238.93929998251096
76.75961593038201	28.18408731922955
13.186779318935088	278.61492572723665
180.9074290274519	70.6001701876026
397.1810551162481	140.3216841263693
247.95604017133516	316.81989444585673
295.640972347078	12.665011994594344
399.05538164115035	259.1422987812909
259.73127690167746	78.6913234720476
265.67328034926106	182.06813083507424
315.58785732303056	414.8054029187006
399.8230710279735	182.92608135297718
373.59399703050144	208.2441418921212
392.25190106975293	160.60340758571206
297.7858013304576	280.13289411841026
316.32800818472623	396.3080365300623
247.51420916165887	393.9158948467417
21.272196014449555	235.1083969492569
161.66157068374866	157.72924669744893
326.5605917834908	125.79420219856381
386.0972675909379	39.38750317216103
79.51323909089757	260.0821090624224
67.69833176335429	303.21383333443
268.6063989243298	215.4087487993528
99.68051600359951	318.6875182951365
191.46211011019602	43.42519620031532
334.4640171039264	411.46583477195173
362.58073117855156	107.34170587242139
224.2325372440792	276.72319050682916
117.24390287582055	24.198819320328155
261.3701511148746	22.19005579417845
361.97263261247326	42.517526463148336
214.107064222848	296.95418995126954
257.675973130709	250.06969019958817
200.4810418526476	15.095846721248442
297.7725076209157	196.48424266016298
321.02454078956737	81.78523282368415
265.99143169207827	267.5743371336298
14.880434463251932	135.9882519416604
163.0637744166828	351.190295411592
180.37134695977093	282.3565788011134
238.71817308108285	124.26937826021624
111.32812132507803	406.37893339474533
415.85231118867245	133.30370767700737
417.7440997839593	355.1448900137058
381.07446358939995	260.1104815595674
255.41287407087324	111.6943989734331
209.05845955186695	383.7026121649064
182.154109808876	109.92933365537989
352.79158648693374	2.580400358938385
183.6584875758684	224.0655715688429
170.9701502669595	408.3006300989645
416.9049509294655	67.82509264114469
13.749872999219336	366.90686317326765
315.28708935792736	217.1415186440935
25.09615186769898	320.91203859518856
112.79597454284045	66.66346332087109
282.58098280176904	391.35966592698827
72.0410255466501	242.85993398565085
370.09896094175343	406.68959258778347
132.83096164816467	151.17360003867495
245.87606964120718	339.52922864301684
142.40425382185836	193.07899153888457
386.00232299209574	388.50452278720076
323.4718125892812	32.20831835236285
194.27889353424047	314.3850116552835
362.9125605876552	277.0736699859228
272.7601396349594	320.80747103929394
123.78489967373123	378.2707485614903
352.84954345914366	155.07412222607073
409.062115288822	37.49753228693112
128.85701240499102	407.663721522804
4.64203455972192	238.7130318452895
20.703836851592133	48.118424977414904
115.03798284512882	48.950199949515344
154.08011527754795	266.1101089551052
227.81478228373552	387.415758034058
145.3643813665585	290.6361334532501
414.0158956481721	274.1072098032001
148.58798743305525	84.88016653470793
280.5602529299208	21.817310170780317
41.96075025941449	57.29656711170444
314.1333908167137	344.35315520539405
400.1362997651525	363.4479467022188
118.29642733480043	95.58139384690797
339.1391454311906	324.8113949569332
26.049897821515284	97.03851046233093
230.9379047996898	107.35418137495182
228.83810871687876	34.499157290629924
87.99649818262144	114.10089772806923
137.1588970191189	267.3752571174581
65.36804173517383	87.04011888000434
77.72617178233027	221.12121577393168
193.3928074236406	394.5366356456633
148.65252195706702	407.20296501248356
383.7133397196242	277.65595423842285
292.0168224886488	178.09812644294033
418.19417688340155	293.90450642350237
75.27455846764599	45.493533400084864
141.13262218372128	169.00713484572955
177.47397043369352	302.5476397009208
91.73981773199468	41.990956549640686
266.23674767818216	97.88427906631729
136.1082631063087	248.68813478113992
30.157933303125716	203.90974670108122
10.587603172371287	153.8524299410754
331.9060713860412	97.54337444677888
272.3009548717602	415.3139353011577
30.475863043396124	156.67893134026414
355.85174367778956	126.61711379984007
14.721476426461575	12.422041158439407
83.24371585658601	166.09354323884176
194.00237011555507	370.74242425260826
331.9713421888078	196.2758518391183
404.6127696509758	120.44373100677552
126.48180235058605	224.62707655883764
216.28458925928788	253.51930125131628
364.5955143491864	69.34801785944897
108.95134729199404	342.07448567193865
80.4950180955743	70.46530365744756
117.50947613897509	266.84664158711723
404.2399743719653	327.78167440241225
29.91182349890683	288.36799369494986
318.41282681803193	184.50110029394537
49.621339286610414	23.049344491777607
257.0289490510053	58.54037555037228
177.26394612265227	92.58617378977883
343.0122420005908	115.2438823150946
338.0355982724396	144.2597182482698
395.5699572771683	95.44055377568411
119.15932395192996	302.8898387492497
73.57502273773687	326.872856471848
344.34829769904985	50.80977591510376
169.36634088840557	140.79652555935928
192.76677559775285	124.36947116008021
299.94011494282665	70.28747457724147
63.928720894803284	66.31372820912127
342.5388845230155	263.9802877362993
352.6705641413034	209.60674261559103
382.8936110991518	128.6998553291131
359.5339877028109	186.2326226212
410.76288027002033	153.42001903276324
314.43699829784566	167.32598011110406
281.7073992313306	81.07835721259302
64.5169551883171	168.76272981156856
211.82993333593532	41.12124578476439
257.6331330198968	357.7493783632389
385.2178324646222	241.94695408045456
173.50952631264016	259.2755675609926
0.3562065584405089	258.3918325669961
297.22663817397336	87.79404502494805
128.21120589246505	7.588524281021111
228.83589350695758	333.9854966976464
350.2009518549809	398.1506280398608
92.65942215228118	270.7852833520559
1.8343627783716867	410.688150172645
67.93616454826261	143.4738060080973
102.7837305748257	3.8411353253066634
213.6156022633785	142.9337126258706
54.54857090366264	249.61078829026823
130.97493686277298	348.34161707946225
211.63138978099997	230.34803622015525
182.0885709847177	243.06875817055925
415.8041045494101	188.28905390204366
266.1411271261377	396.0465295495514
230.01302340415194	138.96187853602805
58.41781518423836	384.63187656095914
296.3370633137319	105.8607851587767
13.412194539972514	195.2461363200672
155.0272526385484	329.4712266198684
12.988825976463966	301.9016033563029
216.8054809435796	169.1183822054231
172.94677580435265	8.156394478945318
87.34148986773418	85.89169161785306
305.2834845259512	237.11665854110146
71.7860072774398	106.7164088991989
319.1081532905935	283.1628860344947
376.89750890074384	54.07951308597061
18.6392287036759	260.59607702899285
162.46956329952795	288.7198077046339
376.25981846865795	176.25242228686633
197.07786013244015	291.83164525152273
190.70699227499227	178.80488869449525
93.81971020118377	251.16861390777464
18.12821616281792	400.3396659083897
97.7729355819366	25.458920459469752
161.53645382302633	175.97552261453194
180.32225710379058	342.2933049490326
254.56572576746282	157.831024265698
288.89691348425407	309.99914796087137
360.6301328926035	24.070441816105497
184.67298043742852	153.95804163723025
52.28185709537057	109.72938011254377
283.4591553903748	347.09478413457697
9.39064300955654	215.11341053047272
204.93367597632775	108.700408637133
172.76014783956072	207.56426501094256
342.583914772132	230.0008667003875
63.548539148438	7.0614763519246555
15.773414239751416	348.6985486421583
56.47261629436938	44.19196080279931
177.78786838013505	360.7540390042204
120.21804333823573	175.8618143662601
283.45420275398936	270.4391873411227
370.1979076139624	10.041462312728864
55.28940526847326	185.84358754542805
227.80063994919834	407.89794707673167
43.35942121865188	396.10026770287124
225.8375106829968	6.0399991185054605
37.92831751236283	122.46084840224147
1.8216367430426772	109.37540218721753
42.261902138120405	307.51232493189457
359.2258699086588	259.0421583713118
48.00191165145415	158.48615810909578
265.790682275826	129.3642348716636
150.46482814140745	376.7869763596717
201.74081466407216	77.7618809128638
341.7611197740732	281.387848359882
247.41932074532502	33.63514154374061
354.87455348287193	292.41672803282574
416.90881911086615	9.746515257525465
349.4111195690436	377.0816659283733
384.19327366876144	343.4788465290144
304.16562950173517	255.79273551651022
151.16980693856627	4.008078377570313
304.11865724520965	130.77337027815474
99.75579442310668	143.29496779908678
53.53431213815324	129.11536588886338
364.2867165972819	141.2381566858767
387.39715287700494	5.86710832986262
178.63021563174274	379.0585767886749
320.96696535817824	15.400096980254792
47.89159407683265	325.65024532597306
109.09791674234636	210.19095297907594
235.4708317053105	256.01278192423774
302.4202110340042	380.7882047989114
35.94806167956447	272.1173578526236
211.63879510852092	401.293950541456
299.1614377625485	44.50672473233687
234.96542687252307	359.32364780506254
400.2877222181303	75.99460690235748
279.9325011355731	241.37988326818646
232.10652783674627	74.38483415102236
295.5705239679391	221.43915235275855
36.893285733089115	75.73997976914468
246.30364664326024	211.5340809553704
307.7341937599207	305.0052832195146
145.4125952088263	357.15302711880867
142.7688509972211	230.7431612188136
38.60009495015486	243.424122496617
128.7305773723491	78.18336660857307
247.69692925683952	282.4840098026283
394.3130751328178	293.19668614018167
374.39013218895934	326.66942183286653
92.01659011077409	337.3128376093334
201.12849071580848	244.93051573154403
35.93421970509203	341.84403825610934
342.93842840660227	32.850308583652435
95.6358131541448	397.07046553182096
341.8517759365332	305.7317964665421
269.4496770650726	148.2799863707079
85.10170955667705	370.6553216581271
378.6743027552711	150.0400679189461
388.85268490727793	408.36522622389066
39.755290774806184	376.40675153437365
398.4549941864321	51.2657194495444
145.78365210609405	137.8769033559157
404.3145283149448	415.81762053850576
11.662849506189671	85.83060650524688
337.96771947054253	360.605005587129
287.32265751853424	57.16235256435863
105.20388366226065	106.43240025243179
60.65736074424525	337.7484853795336
205.3484934721146	417.41638229728113
162.1559599931629	313.16767521237443
318.40148190226233	326.34580983363736
118.54880775469832	192.90471212007392
229.37152951590647	221.22473034733827
335.5956330112312	342.77928835209116
67.11718499536101	200.60202038792903
59.390343878739614	230.00726175364116
201.3847546677539	159.9684589001047
71.48191049775127	283.77176741183865
281.0701045753504	162.82983325358603
248.3017439218707	193.58485425843244
17.142976687214237	69.04088375474363
71.85090918155171	124.62793061974435
248.22294051443075	91.03729794011183
313.26818503634297	104.99425897936699
146.28467589937298	120.16734252852376
36.176624690773195	220.83465750317583
138.05688363045294	313.75451511432476
64.84207803087821	409.2583720845104
101.02342300402047	300.83778081830496
126.34563007493475	286.77928544239273
101.43451218554148	359.7354589930044
210.51648009116977	211.06502711312586
98.3806368359634	179.85520659132638
188.25201903833312	414.64743183831365
116.83113443939185	321.4177472415048
272.1885597621361	67.04374126225896
314.70375364195047	363.6914521265793
409.2078835468159	378.0961595804241
155.8046006003514	211.54145000928852
192.57346272788408	260.14338384876703
282.92444885266394	126.24963295651904
366.1975839899028	386.8342872094598
65.6136481790584	368.0345894781535
50.73020119114024	205.46587277368238
416.27853449393695	169.9045659508627
338.98419759441754	12.202374725562205
359.10984755157017	311.1631215560945
367.2657174387175	87.52768685135302
390.77421361151755	209.68166796360597
94.28163627584539	201.14593808669161
105.45656239013897	161.80587545773412
105.45665067484076	284.1899809148693
187.45706434125103	26.248310426882213
47.803230854808895	412.43519003768967
137.0630105027789	104.47224839129146
385.31814241869114	311.45217150033744
316.9814837630857	145.17352416976937
412.7707789879826	209.8455018651094
19.03393095070047	118.41822969370244
408.1810985485175	310.80182773978936
360.52362794740134	355.84846233788886
253.66914870054543	412.0745696471069
194.46316513695797	93.04163040447648
225.29320647951806	201.50529913191707
84.5766056819571	353.6404783239106
157.14467869192913	38.12102880822036
