123.13991604031035	383.2986585726055
401.0246751353953	319.1881053204464
148.73495362241943	90.07808472144077
329.0813882771929	363.26968312122324
62.25553251724619	137.32832646491798
260.778847937789	258.26552057592767
120.3032895167006	20.62644706938539
303.8483522805301	358.05111241039407
217.9259717277216	130.72964135856304
190.52148274628382	213.34998126985477
331.51112620286796	347.11681461104695
335.6715736371342	42.06152386062715
364.4377689236867	190.09110806829133
255.86086621664222	304.5793938721346
101.93060656994271	56.50627259473649
288.803764411487	101.93845854962942
352.4867698763582	408.7887687882235
374.9316749669081	297.9717583756693
185.78131767442838	270.83699845201653
413.9113423097567	135.36086871421793
128.05524534821998	212.4015461822404
170.64525288628005	130.31464061951522
59.22568153425211	234.32812399084892
82.8181671251326	32.91241710743576
155.2946263666191	388.25963462872465
30.56281747344179	379.2594817280149
95.51261231680077	208.00830681950399
10.122812255678822	297.8040286299692
5.204234726798897	407.54962531765403
241.96527045018533	166.96535845303254
26.702243592007665	166.3422804247605
342.4866297595823	339.4957695286356
337.30352641961565	256.1915260051084
83.66164305637608	9.440527237916847
48.80557208239567	380.6982164802447
330.2167639698465	404.96892880991504
327.3845874300177	244.41618211896997
48.795827099811625	2.828114937605712
86.8530478893109	146.47433287910576
68.34600380339504	217.65546806219606
382.53100232583756	188.17975340506243
16.480527315545	286.72647930770773
232.76106388133744	304.7910878082226
207.66011770873087	4.903210909135925
213.59607177485648	57.84095195268925
418.4322391884364	22.270596638337146
352.11429741953344	94.97198582040056
202.057921970153	91.50915599759358
369.5053876922945	329.4044547460218
280.05632269739306	52.93967475645146
24.293030430328862	226.82889692776922
66.32881935862359	309.6573624594002
232.80808104746941	229.2187019531837
209.55053562654746	359.965204682247
231.122973670688	395.3067989033396
385.24946527876335	257.24498456793174
265.41952667000396	402.06051834504524
102.56842819430818	255.54658610880958
42.53056440543897	234.03282682928113
395.5530564827046	159.8647656037344
63.575396818710225	82.8295489215334
93.30598804112046	166.84639407930615
216.1092113264993	191.9511796376157
266.6085622180877	298.076467307236
17.22454586109032	392.5464517943202
43.43787292807231	303.0440528011797
335.33596977855393	268.5648806841336
20.25152151753506	23.490674296643277
0.12670141903737103	323.4000887460305
403.9699901933337	388.35956606068
16.230032902679724	37.23980828779378
283.7343864244077	252.03127092860703
231.72121554840564	365.01640915558824
88.38039777263069	410.53121943105134
75.06574720662915	419.63689012437965
241.4922472717803	114.08859114615375
132.93658646642052	255.465705850727
1.469486681535502	275.3544563539147
347.94000462543335	130.17975047722746
32.645074379513446	307.8263034335891
310.73956799934626	138.10343799521914
290.0739862156751	396.6105455403236
234.7163065805713	80.81958161606227
311.3681888238739	280.86233959522514
153.45574159391816	128.59061456475834
45.35202021448133	246.25633084716281
346.5407312293662	246.86494581387012
87.46793592650737	328.089799263532
281.60643123582213	158.73611462026332
352.9858824096957	332.444716295239
408.21757344220674	33.39214150821472
164.6005391564035	240.9826969257442
37.80227146624222	285.4150082568435
262.7568288533599	351.3339180183979
383.8590649006683	109.63438382461321
14.85132966636374	194.86294210217292
98.46845649394909	36.837719499688724
172.53922861973032	303.2376840300014
116.44488487127046	348.84988774560367
16.280996831927617	174.4644599808908
390.82360962296156	8.951623411645443
346.79417734468825	380.6431980009867
383.40333276411377	129.7340299385147
25.25339133883421	152.53351886705187
1.9557464345293152	246.23030736679573
54.5330062963248	309.54179686215133
183.17550099222046	224.47055738359904
220.00239408560483	69.79544849411543
163.4215681370964	200.14367547255816
13.83595173269101	2.6068748075052723
201.6951325121792	253.73241061316295
280.8452366186463	229.6175329645897
65.74570742365962	359.37336289122777
341.88050720462473	77.33139201499296
228.82927229773966	164.11364396978107
368.2096971791332	392.72825838763595
369.31415863891164	279.62098061423586
171.10429771875084	152.14631451892222
406.42768766099766	267.20005773738177
282.1641768217305	133.06438468539793
82.63559981120945	221.9725778303788
75.91664414311748	351.85229482113624
381.03671477237526	223.99981595625755
163.3944055758096	166.45813237629395
103.4258389036727	243.17061306187452
235.83722216293765	154.3544780051551
55.573312260975094	338.5931459812604
406.70283040092374	347.92452708369217
34.03049361617176	178.687188869227
378.38767931196907	27.125998393717513
147.99267279326403	61.63919685141754
219.9698546842245	335.7077301015931
342.6962363500328	402.32045473138345
225.42039898324754	181.0733838371119
75.1593497201423	188.96688572630916
274.8031773159675	318.62990857882505
138.56329224014414	175.87487535866538
221.6534890738081	148.33455657087327
36.6215149015257	335.86950266091117
379.6236209854807	272.58941996164253
264.35745125349	136.83243923018338
225.19096478074022	287.98924905062506
177.7834667317695	213.01259326734123
256.34023571597777	413.4689982373918
340.6321577943889	303.24323551331133
119.3280333243578	202.12670800371538
59.66742805478433	163.75336453845603
354.9311402663712	112.23861749040192
22.119303322566623	84.44256683152268
81.9530450238941	53.616951043536666
104.22374181323028	194.0413798530836
20.15710305943772	329.3360459161553
401.67570971323454	71.89040070728865
416.1075719308677	194.65219053493647
273.1243058215727	286.36362732847834
154.9489235263909	51.827175305109606
300.3363648405823	75.7240046878695
390.33627405874427	97.98354107932893
275.3246878039492	269.7894463775156
269.7787966625254	334.0057738147356
1.7210667173949996	383.34614888635315
142.81200301719215	298.2733309836595
177.8555111995772	118.25634880149086
91.68493752750939	395.4824798356572
144.9495974480544	402.6776020673528
360.9243234829842	169.2646572738026
214.32948252863773	31.090771310369725
128.08523309258007	348.2528308387059
406.5956985888598	203.45381457511914
288.59757855305526	188.12331437721002
165.03262578618845	215.6375284533645
35.102097874119345	396.79242448286834
312.5744045636693	419.385768148254
46.765554924531465	128.83525233730575
254.31249034132344	103.41675412858288
341.1547730696593	358.00935823118596
81.11995415556117	72.04515030414558
160.1476424947389	73.57024249177445
360.68684956386636	39.627080308466
41.44393297664336	316.2801259624262
386.61886865694373	240.23152714193736
73.56000694934094	23.20980839875365
201.90124554315358	50.4997422528985
298.72533554260286	0.9064430639337542
325.21744094213585	31.514812982487904
177.09722048494632	236.08263618679757
364.6504794309068	407.36319953916757
8.550226371333158	150.10410605883752
125.44934097992751	244.37852781515394
90.56856350129576	126.65872591983808
34.15716357394524	105.32418169248585
70.17591696198896	124.3648302617748
64.66752611678089	346.1609887490922
300.367197821953	44.23500826060893
243.43442874866554	379.2694276988404
248.83346639394588	400.2880503011481
157.63040667753978	178.72091608588656
373.13761219086234	243.07587837057818
367.6418416314604	212.6955369341211
354.3024106373394	210.7703519105093
206.77189711680927	22.12577293071432
161.91664792003013	343.00969862216283
200.2211317714269	313.8159871695226
363.24214420931446	16.423007091639956
91.83476898100004	286.3116854235308
278.1394451495696	241.91378993802763
100.67998577117258	408.9337506667681
252.95888677007838	116.26992861403752
289.9713414958538	174.76011146361887
175.76839027342933	62.41400618013266
357.9772091591836	383.95442626144234
12.593815969751315	213.4852020680728
32.336026144247356	354.88604470203484
269.37992260155335	44.23708910287475
342.9568768136065	277.183738500612
11.30508000099252	135.95949474372398
24.877262146338595	61.36589215692907
278.97535967963233	179.00482026506032
30.104274798159317	245.0481828348193
59.12166217329583	62.40780614224966
387.44485639079653	409.29499647140267
83.77173504981224	300.7720140463881
332.1984026589408	97.13229429176107
104.21351052119721	338.0557018010348
51.576356129839645	367.5198345309958
259.62510007347606	37.7581936471429
370.8670593688369	152.97892010418803
183.4950514546644	37.813987984544404
411.75679127842005	296.2495634164388
84.04518990272003	255.8889637268228
95.46065386591273	379.30795210709255
56.18076708180089	149.08874367401572
141.17080964671206	2.5650811630403663
8.534301263280394	236.46645296907565
22.709276938538157	106.06582737892944
231.50766133247947	322.3733456217296
304.88244576137396	307.31193323136347
282.5652972786179	27.07741847191497
329.1141435681596	329.8306665452127
389.26427300658736	306.45939136314337
213.26369599496638	225.00358337782848
304.3098836375291	125.99258957377393
117.2350948005056	151.50674378367458
118.49234002384851	398.3277114376984
301.91575742080613	149.46221443780317
204.09639334932706	278.24094514783906
99.22807048637128	181.54537607596905
69.80968358288075	150.85603397864762
119.08057541315343	234.57882125250885
141.5341539922941	195.89864196391645
333.8709439033142	136.13570730246082
349.88796799944095	367.1164880193041
46.99508179376751	99.94801030566352
178.9505198810983	250.7535616237922
115.00039445430784	263.469293180171
265.3964110923673	99.94826772110416
52.898831360412025	281.8390022117134
154.834037467624	155.1672084962799
301.116101230922	409.68035062030776
11.095439553384471	254.2550357290331
261.27061675576317	181.0408563075434
348.75530500462196	2.3848366263989655
246.4872680016853	337.3820028690274
172.35854024994097	328.85401631362066
390.38312516306246	345.4482816953212
107.66422655268602	227.21278030334992
303.08167484957636	240.77908832601577
319.40440613520445	92.10852592808614
357.3045182990996	346.2029937507203
127.48203346472786	106.82742718937625
413.8165728185099	256.1858371570653
157.6345704759452	34.65730836252423
258.2821098937215	391.34782670983816
411.649341006148	366.19196657414017
141.2316900946556	341.1428338775359
138.6286734813462	128.44931269017033
307.63638301932707	379.83010253008644
203.44568244219153	166.62066066983192
199.17812115613066	301.5681961487531
321.6569631371803	65.37914619786442
104.48837065014601	128.1655531608109
39.41502727488495	15.573040357082139
35.232121353425896	70.59458855272457
376.93024309950437	164.61069711732398
38.9363536714298	370.69734148330775
10.331213784985396	335.9057310925261
211.5430165246757	237.24262155160025
241.4526796548615	97.88785277314841
364.4467450442784	355.5315867785038
311.6245211681233	59.546112001621026
15.05088569300803	265.3597261449751
83.63653453163168	313.3289572783194
318.6569818501466	227.9223020120288
253.497936167841	89.85140406447225
318.11089333821286	402.08404247863194
172.91824636301948	4.315358396790041
296.0825241168889	163.36452947516236
66.64580094652652	34.690952760582704
360.0722167895769	264.7660985849524
418.09758313429506	310.58947084234154
26.56225840327488	47.57571897285163
401.2633272743153	147.3410458378607
187.7801601279051	110.88811247519487
297.41331981990686	275.27000307201075
253.12145417061188	316.67222640047487
363.89482585542976	3.42842566677482
92.9061494760445	230.03735318249863
118.93180950681634	139.7285382741755
146.3099638278431	249.7260904661844
324.7987532811615	109.5262531707118
132.21701500108801	147.2950805497934
396.55502965439183	274.9596081819067
389.6691884695296	325.91301182323946
203.6374860855264	403.823663072697
419.41289267989663	229.41629826750165
56.55664408262959	325.0406965753095
320.26310167005096	303.23412609680156
129.79410850598586	401.23399510720577
137.31313557834886	392.2023968550448
221.46567241638482	108.28762309665832
417.0902084365621	214.76847483539407
227.26283418052319	122.83945567705248
123.03653110954201	45.978655310813046
237.68523533456656	22.522395054070973
264.4510435757329	114.9218021652792
151.85050426200678	310.2084254858159
149.8350904047768	225.83037424949603
262.5205004503779	62.3351478979213
378.1230868845607	99.14722987792715
62.9264118944974	202.0562817033622
46.052278897825886	345.9609024063347
364.2630066453328	315.1972641223333
151.4080011430908	189.3930229100221
73.22843835134917	283.0763689583499
399.43985622005135	24.30045531348396
98.80039600360287	352.8579319932914
92.75546445285842	48.8753148904171
196.16208670203903	195.2597484206764
88.5456206082475	240.87809649330956
21.335446014845584	349.7637479349384
174.68625350690166	395.0997738386015
174.6419274574387	168.86069578778475
180.82412246466683	142.2159834642972
303.67481348245565	229.38123341460616
293.5204191942714	308.03724008743205
109.52628682397221	323.3142136711615
304.4249876586667	107.6953129926329
47.38646685126884	31.13544891982883
210.1471462208648	289.53505579958113
72.24013149703114	319.6499011851629
370.6665857367136	367.88733703521467
205.15925743508262	344.01850659555816
3.4648316265685413	81.08126182585687
255.85666268196152	272.46838498079205
247.32411783011162	202.87977285787852
93.84512300753049	77.0374267083124
361.21944189063964	136.2569454588376
164.01818673602773	60.808108061327026
124.49071005659155	66.29768681091454
300.2786601570495	191.59181067648422
284.929329730372	113.08133167717158
336.8011943920256	286.86168362976485
174.7561388415325	75.60430646839788
34.22398780440015	221.03580796947546
340.3970729636498	188.02708888921944
106.24581064075471	212.99439423236262
265.63195813066085	381.62870546748354
309.45476187267934	213.9676716382092
102.81871472314425	139.60487066118876
286.7405797282533	69.60270041835487
349.6147262843724	61.731198915412456
139.52082064755584	209.60254674940805
227.1313496415316	53.40304621198295
158.91531322343062	261.49839466095835
323.18055154238624	13.20911045703618
224.9100213386648	243.9595386914739
272.4036651694147	87.29467142427657
138.63296737718747	234.35358453276748
277.73817668181465	415.26362814559076
226.2066112342321	33.2204871388819
63.59267851702926	105.50375438283935
87.32276380687436	187.03366413239488
210.85592038798555	263.06790184872244
110.49208759775303	363.63272122842034
248.60566632733486	129.42231687697418
330.9666087637619	218.10581744134032
250.41847104738326	352.71043651482256
61.60522877854207	2.048668935457287
250.70412927242054	289.28056712140705
198.63868587160837	135.20325310878246
167.04960695802157	43.72792412884132
109.49113984267171	71.09740652170481
52.90882337118124	222.19108361369746
236.61068580717674	68.06484920750957
235.4844102911745	341.9587207718128
135.7851416055922	24.659701919975
319.2252787948294	129.35789485434867
48.452941443765035	116.71160096451884
79.88039429436371	201.86351008895912
63.620238631320305	294.36304637140705
41.61218946666773	88.81489130306865
215.7559868312249	348.5474876489768
406.623276242164	417.9744653657747
412.006441055841	114.29298127843032
363.9720978155969	226.18618877601432
393.93232969943534	207.32901628826522
385.0453808457074	59.579108606092575
130.41979370044555	189.18573979428987
190.5327683640095	54.74378248982723
81.3512295919539	85.0046033259826
397.7732477759818	132.08021932413695
19.82440650450985	361.9882879786715
2.4672972797723953	39.829820738013005
209.41588357490627	82.0925024659817
382.202385668931	211.10648418386663
310.9870738139601	266.84379215965595
9.637200130220176	311.99336109411337
408.0886587882365	223.7853550198432
