362.465199185353	308.8783206481324
260.69919487318435	124.86587966555642
252.06467605977312	161.91481496948947
285.8835513660432	259.69118988511843
267.29826179886174	338.80997806256585
84.2186509523876	419.71196756359643
271.09437320465275	417.5882137785027
253.70950535322933	404.7621245254459
125.46538383550315	221.14803085916637
287.6571923245887	7.801466973917918
321.7112718676145	30.279624615278923
38.350517588214856	253.77147119683494
69.31290782171475	227.81257252552518
131.55501909361283	299.4659097535754
3.2291671262004336	345.95876662551206
333.255889261024	242.39878701458926
6.761368710163318	326.15942996159083
376.64790463847055	176.2576932269719
282.0898194003262	353.79468855570803
95.19297658172059	99.71126177407214
186.58580384395623	260.8122297013332
379.30980656636467	32.61430241750648
147.54373268289575	403.061944232738
79.53626175746649	247.95926060386464
306.7520071881804	9.186636744568009
32.78131086990967	228.11224026688106
348.8122606665959	6.206439032566089
186.2721013401591	380.508159523135
348.1989494192473	366.5880873902546
340.3874903406893	153.52503167477093
419.6888534068583	303.97460328329646
400.9270757425399	191.1694283827166
272.45655946479565	19.55632540002966
116.76123866146972	117.8884139642698
386.42922798555566	50.464167285800066
411.7405017916419	285.9445201336903
181.85298631494732	142.93728896106555
155.65984472082448	282.0917295413027
159.68853484500045	124.22155606293947
221.7945626497648	305.76076688818335
332.9314562678064	354.043217497568
82.6552818133497	138.15348436125535
126.00223962587853	351.9501384492992
117.03992629757967	30.580543580816244
231.6401494302951	196.32643969385896
280.53994544541155	156.71403659382992
321.3746524709337	335.8765776734937
298.6206324065943	140.62121950156333
32.86373455151465	185.1365309396865
249.79682007988902	346.5296237190619
197.7867330752304	277.2854686655185
305.34122033550125	346.9350408468569
60.8964849224122	119.2835398304579
382.18520429605826	195.2923045461064
60.463659654052584	253.57788153391618
340.8317041234987	332.12336230769944
2.8062222124858414	137.21883673562598
92.05378555234618	75.22383206850174
101.2930104784475	15.49637378870315
153.32607286075864	322.43305292997076
197.99613693816465	72.75570285663744
368.76198409578456	57.76688677063307
280.84961700723557	175.89354693844177
236.51387346517993	414.6102964132391
300.5344729481602	367.36350866050566
279.8329846428193	114.11296326831473
395.4076018548389	234.97009452829784
254.6840242511832	65.7331720495927
228.71189860267393	352.59682193182863
184.0780120137972	41.46870946648079
34.91529399767281	275.97390239737086
409.99658430676266	400.60767791333257
235.49453223859538	235.4669960513541
355.92895386709364	74.24137230905667
35.718175237336524	27.70192445954902
202.09926788840167	307.784245937269
239.74190246718152	31.67085739037684
167.43872092632222	188.96840519821274
404.56971169607215	322.0393818501462
299.7878660327381	182.6309590762231
355.35678122274373	123.58394809838484
202.67143119910014	11.539417223548357
391.2332192579286	273.78985727122983
128.27990126841675	333.0314575800074
385.63547094704154	84.9682067945438
222.50497113864142	46.20943267870247
276.1134848405121	198.25527663094624
115.532270816999	238.63555538803
216.1530784126637	83.21951691836682
175.71812071672966	277.4773636257978
175.80308857338414	226.99668220047516
98.7262808693364	125.00241392315866
251.661322622195	225.31937955206297
319.95655957666685	390.26697931243416
405.6203460497483	123.90550330503825
260.08881738798533	38.472711970731396
17.7457183085191	263.6990585408042
61.691631684889586	139.88399212017535
48.977090244227334	173.78782462488573
30.587014290609027	294.5248866975687
291.7668831796212	241.5117665613798
372.57913088124803	231.07526295213967
227.41917138253905	271.9167460086356
157.8704566250163	209.30007197885826
360.13920649730386	36.10923145710282
333.0328742644465	278.3797522940573
104.58668924596584	59.46443357569436
58.48715620502052	36.64012152695869
357.03024961282205	185.13684187679027
108.46327326357498	415.373376490897
413.4574344917368	362.3642842169751
312.7443010053379	281.9795432672414
240.88752944390768	126.88371448287832
235.3976593603795	87.00238379757253
257.2215214067042	183.29051720602945
93.089409757535	234.34114826946507
75.49403385658063	45.54373852941185
204.85419080089866	33.42207701200164
331.9648996787504	48.6157566201381
412.9196040883203	161.27321388227875
238.11611192995028	292.3603737761802
50.106341652374674	289.0043735852003
3.430095144863323	72.81246251586691
328.22755675711693	222.74798228226982
136.61220457165274	278.99098282942214
56.24366870478847	99.28322992381585
272.3313688264229	279.68660495166716
343.5873408682754	199.10662964008196
314.78773125358487	317.73208112343764
6.5461720289656595	92.69751351047941
341.5319177355845	312.84127628051453
304.90427393059696	264.2917769117922
28.714358906818852	328.98326029883924
78.86694961683854	112.86421145917433
239.13353931174126	147.43201779948933
217.3535344288862	325.06737922073273
207.44272325873413	260.1624511111134
176.64049554584764	205.8100833901675
268.5678009707498	216.02012345309225
282.73319875824797	37.41791647330948
74.64578634916043	66.65049055585227
135.48054573094743	201.33495487081993
311.63727825596857	246.29642997267922
253.51993726307597	275.244273921445
363.71328334941506	206.99200056897536
212.491281636652	213.07670772092345
353.8222885397117	95.07620847297949
214.8676635539834	232.77230569094314
178.0997925933053	170.42484436651068
411.69031028403725	246.6872501729814
194.85544160442046	220.27778097650034
272.0926835958058	53.914848385363136
216.20285905327032	158.97318920534929
333.27195042321273	408.17032102665104
162.12058146118073	65.29528085832246
273.0844609437903	74.8123108748314
41.43586359739309	68.07217502024369
120.04407799241778	11.736055588948936
20.352312357918738	59.895842631069975
68.51149358000103	339.2828049574577
188.3163884166077	294.3133591739464
394.84811547802946	366.3718847469793
360.26613289869977	272.43807911341
106.79808040294084	348.9670557549054
99.91939841309518	376.25822157535566
298.59727557389857	26.74611593924202
279.645719807567	396.0986578549274
323.8425191492795	300.25136681958094
128.1614341284159	402.91156563284324
12.859989252607921	1.7614714012054788
190.0645415702138	345.3479360685345
279.8473315977609	134.97482303570027
97.95520292912589	331.6192308866842
349.6440402549056	221.10044847115796
220.50471622111098	400.7380381489465
27.426392138794238	141.00022587733184
78.76188196974022	184.37274624788145
97.38598177368338	285.9805518613278
203.92872381321874	388.8652057848033
98.93074202661813	182.4978441346847
27.76078770184919	408.33798380882246
323.960015454546	261.41003036595015
123.13568983850885	54.87578895894293
336.6850378866937	70.55257413814911
357.1408528397232	347.0690601681988
5.803601818050935	44.81914682193767
405.27221566798926	65.95476233254338
46.784234799696144	342.62336831233307
102.5192629484011	157.71970296328627
73.38503206682418	208.88883003225476
407.6511769260818	85.82794958690492
14.490504311336418	390.7170360866189
157.47847265341923	3.9125663519230742
293.4496500222843	409.34315579154145
247.58828836726508	11.833983779194874
242.7390502831765	388.6844374334133
213.87951723090768	105.17554030900445
297.3848380658938	65.26708318636268
201.95764700378888	407.81464021194665
222.46149953013148	21.492946852200248
213.0012309054176	185.60207964396014
254.90166732954634	105.49316801988421
377.33147231173655	153.50332520958597
392.73772166032444	109.581694495637
309.1987288725403	223.90369289092337
352.4304495225893	407.22683712556903
307.0579296141498	120.85761357971016
204.66774327235834	54.46308554052977
232.59344868058707	215.64154056678683
317.9267627416041	64.29482909608714
149.05041907629143	342.06575729828387
381.47773451491196	312.0966465574736
181.0350373221444	102.08527658447983
106.41925440975955	220.62195285390766
317.92975538801636	170.7482509912259
92.7382940322223	395.7743501385995
218.2476451516705	0.5611759489012141
19.452320318695374	368.47587109337246
166.5722132650496	397.0114854051536
124.2624733845602	377.67303817677043
232.68771894947585	108.40453206863157
283.5827776429505	300.93822732009886
244.53869981117643	258.2089528179937
379.4117361897514	378.99542166746346
305.0892549915677	46.831299216872786
391.7687557848421	15.173427446510122
145.71228570183038	20.24486520814344
143.9179012184208	361.5701974009646
289.92716117717185	221.45992045332457
53.4464890347515	384.309188275047
44.87754017356038	307.7733915688494
51.21995451331257	192.796718803057
329.41984643406795	11.392176099083702
312.05206311139517	85.77069340387736
150.48495627402943	302.6126204732551
368.5227566115005	330.95947900861984
262.66927475468555	360.80656910595457
316.3857760913017	206.19488038710372
396.3447696511504	172.32542585670967
412.76759084047916	22.494866931468525
391.47605095520555	394.62500345704416
68.50816344943642	167.9158486750925
357.51074217569794	142.7280490715001
17.86689438749187	124.38953805594876
219.92788602537317	372.0041649539937
385.27213265189204	340.7602438654993
338.5706199734016	174.82556929079544
198.95075863892626	167.9366405786014
332.529126617548	89.13463527692058
199.67991037732835	135.49468496310632
354.8584001075401	242.68017337942806
326.60273426491574	132.47243299027258
182.5887105501323	407.89080992822505
148.1557213804841	186.9681583336623
372.1645924499514	109.80295197883451
196.69483022349274	115.16501509809318
382.6230456566347	131.2975529135479
300.4344531450579	161.28342770885462
263.0523487670891	297.4681046104071
218.71652270579781	133.85890726329697
175.4829156717569	360.1943829594354
281.02032523308924	375.3849429765091
138.0646689937822	146.8933157646364
415.4053846044729	227.73090200680792
76.86551836886827	293.4470650128577
44.72278453019322	362.2187189227795
254.26371062102277	202.77262337951643
56.255796442738465	55.542197484679185
277.86515181945595	320.51559296889127
108.4305716123024	85.81296392981235
198.18816342136157	93.53788415627746
13.648352791437052	154.5043877088349
418.7460801526827	266.8550227591266
195.3559520330522	243.06647962346347
183.20320462256396	9.082154821259829
224.77034262073286	251.38427031640333
162.574565141287	242.27785987287314
64.95779283002099	273.3515073748275
325.23090877903616	189.27521673170776
261.52507626978684	144.98239148909187
406.5070804805834	43.2001954519819
413.7984092989137	0.5662208672221517
177.15935542554342	315.26009902749047
321.2419790555513	151.21069439426327
90.9140216860861	312.78982472523194
393.816278406466	415.635435309737
181.56340900021465	61.85583095734107
65.23199886471058	417.32569906075895
145.22472137803257	251.1348637085881
418.7018374749146	200.57633119953977
159.7688331554059	148.92347589396581
264.90910907258706	258.6651996568454
8.32919886003638	183.45319746357586
298.8746991790954	100.93925949179183
51.58652274957195	215.1674326048916
27.622621643604404	350.2590450802133
366.5491550169875	16.76347828437145
397.77183823386787	148.7732399278806
319.2157834459493	104.86418321704643
231.00968464626436	68.05359241180139
343.17231353389576	260.6010203521665
70.97247004741318	360.9088542513542
159.68918817410068	103.77293556723284
142.4786606090048	383.20505936858285
133.54933917225614	127.31397394008481
142.71989171189603	62.32390650955699
394.2231081796332	254.61230755258214
292.88621017854825	284.1782381657704
32.253595904159326	382.89982675974727
104.83497707750554	264.95256482228115
37.38185763605838	49.398004107524784
81.85048330646575	21.103327480121315
192.85884779254084	326.31082005152314
47.48835218945406	406.20503522847446
138.7535794049422	169.33378843775816
13.461509247614206	220.16617787933018
125.53340708382679	96.12520018947204
92.18651819375329	201.8710748959258
375.0517405828415	419.0109425135718
125.9418703367357	254.6245601635679
345.66538921438297	293.4297441079965
244.51981518766658	368.9384891434692
214.6685941838477	286.42653573011614
314.4995427579123	411.40742119397584
48.45479459053611	154.3926984226467
115.65982768751216	200.9572157606116
136.0428019336309	39.148483206440304
338.50740935142426	113.14895792774583
293.5445882623398	331.8499159385022
297.1986755033819	202.86780992844828
262.2862613606833	381.6725795404912
200.41180530715334	365.2169686739941
189.8314896056214	187.41091011642726
360.5208619110864	382.19704881895007
404.5009318941468	341.5429264570658
58.65479662993648	79.03254442016096
168.74017434821806	338.8508298280249
169.8302431199479	23.382485341950975
18.382866219662755	309.5908523262119
70.31972045206983	312.1697262300473
140.41507268718794	108.89573167744061
145.33809843963581	83.61218265150345
43.262654300336585	126.97395917904485
178.81862318059308	122.04108126364103
55.1767051694467	325.3667968551071
12.097935617808282	24.95991184061766
118.91890760689641	141.75879468204204
168.9129288145265	296.5541905641933
397.95424809068214	302.27095970274223
112.42809828095398	298.0579995362771
416.4139272104971	382.1906504428835
90.25743782357387	359.3785317569244
2.0152481189636706	111.37053417360258
144.81493389428715	229.95910184124986
11.076521389327683	286.6100980826668
21.60515468273199	79.97316539901853
298.250508436017	387.23030058709793
77.55560254806595	379.1753165807667
209.33281904761103	347.6421340127304
372.38784666443206	254.94243385249692
180.18438560854187	82.55786336849219
338.4664120097775	383.328859559545
62.015226142409915	16.78889324908198
378.6352810474788	293.241761747034
14.545797831993214	243.50941437649448
268.8238837855766	236.20220519096534
21.546148720387844	202.28768156720122
383.55890973529773	215.4614984776173
402.8679076438385	211.91240712189423
273.68877255888987	95.64566745978433
161.44643914015296	41.686536322853385
111.98569656577936	392.234254228599
69.94280782091198	397.8557832086273
162.24097328813772	374.3992160965191
359.77408169579843	164.90957590592632
83.99768091011843	272.2535315061193
36.371246674200854	5.6791371665928985
349.778246889955	55.72343320167221
235.324766765418	332.66377841655077
321.26408252973624	371.0685459631816
232.569949274808	176.25267988734387
98.8899977353884	40.89594303439729
375.6828839021216	360.2393951643431
138.34050065959198	1.69427827273288
341.4009686349484	28.86857153699528
241.26684156532195	51.53631187646258
50.616814770054596	236.98956646736585
304.60515932794806	299.6704949436307
240.90062752521436	312.98996285194465
28.17092703015728	106.72789710778616
163.94458999460215	261.67552268269407
256.37624304820787	84.93979436898269
258.3066717894159	321.18477976287556
158.50790659216383	170.20493181014928
290.0598382076782	83.45318964188006
114.17181467687429	317.4585280821171
30.831203108678015	165.33388677975978
40.82297940417044	87.15412202740569
