362.42021483307803	306.0941170992224
264.49165183511934	125.18530771576675
249.7524721445153	161.95251284970365
287.18220837116303	261.7286569605489
272.1540550942617	340.2307595819145
87.55673793002181	418.33327121886856
272.43009219002266	418.1896609397565
256.0122308608299	403.14049753027984
126.8569291723085	220.88467608696158
288.50104864514356	10.858358500905238
320.5145624805315	27.426626117111073
38.38202466090189	252.12493412209832
69.97457431065823	227.116210598061
129.6138773884147	300.4490390101866
4.8487264410773285	345.3823827526802
335.5445135122532	241.6945382747902
6.43110721361677	325.23357041900067
374.0139015584203	174.44212984821104
281.7543687334313	358.15243630177827
99.1245477675238	97.70266232383885
183.20106314319239	259.0134875981945
381.34061238836557	34.636527755623035
148.55270253513578	407.1721266998533
79.15918387495411	247.64761155555777
310.52650764069176	8.116700020119564
33.390453253562946	228.51114329939878
351.8354622040308	9.45692531505896
183.5325103875009	385.7417505446693
346.3339003997875	368.8461318180179
339.83348134028734	149.5310173570478
0.5060137006338404	303.4463311515662
404.6168924960465	189.5489774607179
268.3411519257987	20.71367672637836
118.69402892428137	116.46248828561453
388.71859746949957	52.808812798484325
409.5823135545746	285.5137555167086
178.38942782558502	145.53537768347962
154.1382321472191	280.70143651193865
156.32676207599434	127.63999014345973
222.05158955331513	305.4992190781183
334.702503048951	352.54441061613426
85.28949377823483	143.58390673256304
124.68891960175789	355.75094457928367
117.41794152046302	33.07530435364072
231.8191596825715	192.47598170708216
278.2136179983995	154.73228312053268
324.8466681782855	334.65164140496455
301.1347275881693	142.23846622429244
34.526322292493894	184.13050748056094
249.1612570283359	347.7161614732099
197.30271397105918	275.1342964210504
308.48177265589186	348.6276190698401
60.704923417159954	119.16873815704493
382.35642356717955	194.5031017342306
60.72911293487741	254.22763856683338
344.4749792112376	334.61749238849535
0.6779259456248475	135.27281290507074
92.84571141111793	79.2921808669052
99.1776278756464	15.136962371277694
152.17396138201408	323.0363810913845
198.09505024352856	72.99883943173852
370.68860306116704	61.742715379959066
279.5517073579738	175.7327620845742
236.17457470642992	413.58830590756344
298.8476857938919	367.60504388442195
282.0151631760267	115.21274356321565
395.80001449548627	232.79648161974475
255.04209371455119	62.817454075948326
229.64685615294619	355.12657110538026
184.32415295149974	41.167937391770444
39.167759362532706	274.543462292484
411.22048777254025	402.81853579642484
232.21071925038913	233.33235980855062
357.7024739643362	77.21537832040875
37.4324248613492	25.75381168007189
201.56321257399406	308.51631879455044
238.93912986420014	28.517311404536436
167.38979986456187	188.5994263732471
407.1123065840946	321.62805859997735
300.77024255029903	182.53858273229926
355.9283354397155	120.15842185061722
202.54330474254985	13.390259062303192
387.8691658723313	274.91867983822476
129.7405204339466	332.06365089676297
383.7375632418121	84.43213086463312
219.75529127356384	45.49363813983139
276.1496727482647	195.09322177065698
115.81540930970361	238.40879842833172
215.85105137624066	85.37156587292611
174.0485994724936	277.556464033094
175.5335912142492	227.79118798814147
97.95565230119702	122.22700756742242
250.46409807834266	224.21769124858798
320.6409497745984	389.37352001621684
401.3380855661776	124.54224428447095
258.58031825928504	39.20799010150782
18.906566897957166	263.5043529567172
63.077451370679384	139.7639012824828
51.26461094049714	174.30084469658885
30.477228839918837	293.3542066768957
294.3591326460923	242.77765028000425
373.52287517708066	233.03192919736958
226.71166395371156	271.19031756878593
156.5829389654157	211.40199370701666
359.4426860192406	36.06690740607134
334.2211446339789	277.3391738272214
101.58840338890789	60.936961861719105
54.705038330404626	39.135207897287835
357.8763689473591	185.18844268804372
107.60099287901991	413.4562445818337
413.6599418976537	363.4155133676254
316.7437794552165	286.674359451137
244.17135476767476	126.28161904406228
236.52651360784964	89.16409039807772
257.42454187912284	182.38957293326314
94.15621956933109	233.59395205898548
76.55753803853638	41.57589948413318
202.25889101944142	33.292691354559146
330.7932752373434	46.39506445328167
414.7184134156741	159.78146313422857
235.20413438067035	289.89521280914613
50.369653852741145	291.9795704360454
3.658149320465937	75.49221100776833
328.7771394724224	223.04680232471787
131.74421966107855	278.7925490044183
59.78847293359106	99.31639672186515
272.7821059590989	279.9289674960405
340.6867710907936	203.2135461592392
312.68784705082743	319.400685001532
8.51437386040229	96.10027444599164
344.9683870709263	314.9962692735003
306.17904008178203	266.1921363309243
29.072744887541567	329.50452768358457
79.52672319891796	113.4240960641133
237.28612936544948	146.9864994308065
215.2771794155091	326.48445194395765
204.9977388843387	256.7353576799858
178.1765047963091	206.313024103616
268.5510159445795	215.85299091635156
281.48894716836287	36.88809376670852
76.79480638320459	66.9556069473966
137.27747865867445	202.94378859964615
313.9377871582921	243.62987000944744
252.05476364272207	280.16896681045375
364.2852341290994	206.492272080927
211.6939809488187	210.1004741940377
353.8340070842594	96.46466718179404
211.5040409456321	231.46747191215402
174.81890516117124	166.2976116669167
410.66352579237986	247.19985962464673
194.42950030624544	218.9165941460015
272.7866190177315	54.51242258369686
217.72154216422553	157.4854691405454
337.2204584516443	409.24848251346447
162.41947742399802	66.62832358226696
275.36543116286737	74.47515370895223
40.929877101576764	67.69436328854383
119.63043248041672	13.673908882428695
15.5872630471643	58.86345050932693
73.0552625428478	338.88044286066605
187.61044620599253	293.80498990339316
393.60988206836714	364.3859285724872
362.61313702844126	273.49504218810176
105.47979255317003	352.0235551253639
98.68688482669711	377.6305463628009
300.5697136029988	27.56724844463288
276.12318240331325	397.32974909257933
328.40955979774174	303.549071711689
128.10750662681747	407.46497008090836
15.302579097375627	2.4283234076167814
191.87583370655807	346.2921244414984
283.0926256866396	134.9618105272988
93.8528350533245	332.8818429717104
350.29304294706276	220.65370069434664
221.33188686072307	399.1262159677315
28.26861642871755	142.12958168008234
75.9873008902619	184.82649494641973
96.45674959292695	284.25084892115865
205.34353204165856	386.2647343828887
98.5272775132943	179.33507004386766
28.02810007200778	405.964807257229
325.1331851354331	260.08129206628956
119.89738142866877	52.341033309183594
339.5212053127506	70.44362044558
357.2307848749169	350.7424829015895
5.1594909872997965	42.2859485809681
405.31129312496347	64.17464270642687
47.489243415962775	345.74722107248084
99.49250029118072	159.2513953175768
77.37192368942871	207.5339949851784
406.8617079523918	85.85195551623016
12.857711211665617	391.24062200678213
160.0838339145002	4.3272101404178756
293.3951519756257	407.5535290517166
248.03658306339295	10.62199394854341
239.56769585571723	388.22583333284985
213.07027605745498	106.10794126836144
297.35348977366016	63.43050884518503
201.80898070308763	406.74299494309975
221.45326531277584	19.025846610098068
209.14674370993896	183.1394166861883
253.38007605017094	107.84161666683077
379.8590734491182	152.6900182798218
394.24567290162673	103.112241752791
307.5404688866726	224.49273569069044
357.7348186613752	409.64063154154
309.75392323673884	122.10738480283116
202.17206900518298	54.01806425142856
232.79170894785332	213.66727736437073
319.435900558905	66.83638359534069
147.85052296861784	343.8236686525243
380.85110151784755	315.61181973810227
180.46842247036932	104.02069327476934
107.41901040550664	216.85072664397188
322.1491681111707	169.20748057777564
90.2230638450658	398.47348241360316
217.33142557999219	419.576513586616
19.89652219117787	368.3760885481512
163.745945451198	394.4444912594497
121.31889818740501	376.26033998293286
232.63767828846403	108.80528198086961
282.79226028451046	300.87562933393383
242.56378689235095	258.31277520026964
379.4696944529472	377.7789870396349
307.71449568206583	46.561689706736495
391.86637906498606	15.337436875410274
144.81252384994391	23.296341085099083
142.68266952393023	363.84389806718224
287.36981678081673	222.39751149641353
55.86748534719455	383.5122085206979
44.40034287365827	311.012321536133
54.41031536142669	195.05623200007506
331.8391482999262	11.358682078301719
311.6309496310239	84.9526617939223
149.77983381636932	303.26322327526617
363.27149517569023	327.7144003598988
263.0689196417726	364.17760349671414
314.7509816607655	205.94773870352861
397.9464340737553	170.36890253583329
411.3714143637085	22.705064985768647
392.6535383558782	394.7741304854234
69.51752775089494	165.71773576760876
359.05435728059183	139.74261903113717
18.561162244361473	124.9096125566152
224.61854943618906	374.63586451853615
385.1352552696111	340.3287665085177
341.50933979916783	172.45333965706985
197.34402646074022	165.95496658842384
332.082632897548	90.43868490346499
196.03596912722702	136.9625214863976
356.503730317724	243.7908617357165
330.625453150414	132.0965790201161
180.8802221010634	410.5445298379773
147.0579215244268	185.43943819679967
373.34943540863924	105.05137124928775
196.3520818070273	117.37574475717389
383.3628929627625	133.28134172493048
296.7793375240022	163.09414467500204
260.4889599317965	297.9922601812379
221.9777923416845	133.28930759720768
173.58567970288036	356.505585763961
280.8547062215076	377.8107814971467
138.25395916801207	148.7829097486239
415.3260363601126	227.66313588859666
75.2895640183311	289.02776601747945
45.032917815192086	366.94486556510526
253.0122522604536	203.20432416871787
58.17086411480035	58.26071388309178
278.2435195868459	321.3778689969069
112.53963260075314	80.94158165315626
197.60501305021734	93.29398632606458
13.807407639077947	155.15181502689092
418.4125385753238	265.28317638757306
193.2295449251336	239.05534721187053
182.40256783406778	12.215298447804352
224.24368335939357	251.31949433232853
160.87289701884887	241.86525110448264
62.19431023816678	273.9264184694918
325.1677626427466	188.63457570062167
260.65028568669715	144.41132329774842
405.3805030003113	41.82196854894536
414.4885826769492	3.305348493904927
176.90436242966305	313.63821754885004
320.323102213833	149.76011360535006
91.31504446605295	310.5088746754276
396.0463483125745	415.4350769378631
182.62973628519146	61.26933618962153
63.48145626910001	1.095120395672456
142.96825523309593	251.6094823460382
2.3967743583479155	197.31092323251497
158.9375818600108	146.98872084783943
267.0673177604032	259.658374920049
9.013119780781757	176.52194459985537
297.6715981881456	103.09098863147088
53.21300581615699	215.50636577177337
25.483106300613652	348.5774063894845
369.24806891882224	18.94658165836141
398.8873317212982	148.11238208815587
317.28333368245154	104.0346019089391
230.3141202979066	68.58515035861794
345.93837817430887	260.95095684874997
68.16653073630249	357.8166860215599
160.5643802644852	102.17317786550379
139.91015012542442	383.6477632237048
135.9022395654503	128.57965690191614
140.03419990163653	61.522568163162646
392.4942896701595	256.0153895676356
295.0882375429009	283.4314358919284
33.63898839067188	382.9319991573488
104.99860237154519	263.82318588192135
37.057919813641284	48.26446911695176
79.33908669195462	22.307845109171733
193.11823838951273	326.41518606109497
49.179109666957814	403.0060715338315
135.06284744008502	169.1415098262402
14.36591653240789	219.28092654515663
124.40075008806723	96.52901666715377
95.23591262402302	199.4200270740996
374.6426219909867	419.8124536291488
123.50546157188661	256.4412759020231
345.5340632301179	294.1390456336846
243.95195592139777	368.43999904970866
214.1235158275107	287.1287661804124
314.7330112102804	408.5766991469276
48.363876436693666	153.04777319474618
115.04900728460903	198.9574791947529
137.16270457965757	41.51448758968327
337.1122937678289	109.37327117544115
295.2989305591382	333.40284291510403
294.9665648743426	202.16207126714602
262.1666742863335	383.7455374341453
197.84817228979227	364.75437521428904
189.8809786580964	185.45903974711177
359.61519850054754	384.18443381023775
404.7175615501336	341.0494196709061
60.68133079876675	77.8162710430281
166.1681510670551	336.52351194138384
169.0980034927092	26.608490613200768
19.83342304878567	310.59339898237045
69.38558420402103	313.54376124122797
141.8343261831574	108.47459837561034
146.34085744820527	83.21482882284909
40.78010275803448	124.79343842963593
176.43447153438476	123.63312098614429
56.42394951312914	328.010498106152
13.283697296338435	21.999173839730265
115.78486112487991	137.97223803959812
168.32732500527163	296.11163412600985
398.1262060773768	304.2959273609633
109.15389273691416	299.91235540138024
414.0962163301263	383.2905663227196
87.64238723225694	361.0990332700924
0.9979215192541357	114.2274054848105
145.4276566891074	228.86216476573114
9.139709351646697	285.8357184609709
22.942569181084366	79.5358007390805
298.1579692204114	387.21179315345864
76.29122505580867	378.38523916302523
211.2748712908371	347.6050637774365
372.56509742471167	255.83654420119458
176.584673923399	84.09241462964509
340.2828641989054	388.7520512764854
58.5306960105244	19.889210751868593
381.0113851693387	293.2810320214059
12.607380109220513	244.96633023110843
270.4728208925499	236.50771405105314
21.719083023685233	200.50428066513342
382.67892773976575	215.8567862032258
405.5584626694396	209.24075275831322
275.1274352178027	94.07230230685258
162.8339487451378	46.56188382389563
111.19749603779815	393.0454403757112
69.46482022530553	399.73814038298184
159.55778828905576	373.6650310587944
358.6140261036906	160.6791510523449
81.51174515399437	267.7809694153728
44.23140339266592	6.023734389744014
351.3850922033857	53.946570933110415
233.7733131986258	332.6570271202696
324.400448724991	369.23659535906876
230.29013135627073	172.26274140931136
98.6441015771964	40.92256649092031
375.0811318677377	358.4317676761589
138.31331318351806	4.695144462179392
340.28710785541125	28.90743402574173
240.0703593265804	49.89463002189532
52.00364269288459	235.73018286644387
302.9840432212218	302.14439770824737
240.9235331457061	311.6761524698667
28.239598937988234	103.05952272707727
160.04838957746279	261.5682333606946
257.09660538597694	85.62060298569462
258.31929164880154	322.66400681944566
155.02224225020288	167.3567004708022
292.1960949463156	84.49382612010318
114.58108327004769	319.6708360577365
31.948622210268496	163.73490762719456
40.506009120126954	87.99008171616333
