353.58209842708436	311.7170534260028
263.5251090153723	126.49024454471592
253.13399983506005	168.46631119013372
280.2292855802004	259.26341636087506
269.93221414012595	336.33190495412254
86.31772184429231	2.3364583387318363
266.41161833793063	416.4978989151337
256.28693298055396	401.90862615299704
121.62018012427075	222.4445926806749
291.7500958399533	7.487775487693471
317.1545349184652	30.297358422411477
37.58277241017012	250.02878349762736
67.80410931704276	227.44993384429503
137.91338999827983	291.0932174935528
11.845409114485065	338.89049376445047
327.9056926499163	243.38584931939883
416.4151504594076	327.35434647793693
372.01655659903616	168.98762657625971
286.7470684992677	352.5718244898962
95.06395724987456	99.07354767194776
185.10886163312256	257.7722420933823
375.4377563382932	30.461581364071208
146.52874192248117	398.8919765754815
78.9101787696462	253.72107095165927
311.6765701484192	3.6624938711223556
30.41531608673859	221.6025862074143
346.61598203834455	0.6815339990813086
185.7216130478672	390.0800678367054
347.6907107715879	363.5432012335981
338.52739010267226	155.26973190643716
4.472319946191247	297.61516408014097
405.2741717868645	194.9954370987891
274.9333784674435	15.427857033324466
119.5017914691035	108.27507164203804
386.82814906856703	44.802955063720226
410.38986390207685	285.73407066228356
183.53477630397938	143.19566842575966
153.95835982909637	283.4654361479368
161.8967324580536	119.45730765087521
222.89794507437185	305.1186283020579
323.65007665987724	352.13039865323634
75.16235357697553	134.7459211913292
131.21966997046619	351.014066333786
114.81585237397641	39.84606233323744
233.85668321254641	198.48557416488578
284.0731123968674	158.83162983495478
320.0061822307102	334.77870820863416
293.85549609778855	137.6496884854312
31.758941106327725	188.5442816780223
244.85761864815035	345.1579581735713
196.74397194727624	287.6779795628731
304.76453886628565	349.39466705711516
48.43934838589027	121.96375197611106
378.7798538681419	187.35584202317497
57.82302760478208	252.84434290269843
341.44612652917954	328.3608012229377
418.09086959330193	142.8413118439
90.18082755784789	71.0128866426234
107.88418622795824	17.796018113359413
150.7831240763129	323.0045578128147
198.28311170681638	69.77766218655601
367.07910172937306	60.27039287084528
282.00117619875533	176.91251128732077
240.55349260081104	411.2325116632821
296.1531592634478	369.00531418623564
283.4575749948293	117.08945159087504
397.7031494448419	233.36948173104363
261.1968706730923	62.81961037489679
227.39614774912081	358.33852539184767
180.68793092940285	39.92153513329376
32.77244283444291	268.9143725366469
412.90288668178687	399.5870838044069
238.69721270699492	240.1225290556265
352.4975266620048	71.0347487941309
34.22968977043816	31.04397585330584
203.8014148569219	307.0093370906489
246.05899655429133	32.39274299863826
170.80610121831856	190.47365836048087
393.34212432461476	326.6381163610255
304.31525961535135	178.9629703119253
350.8546749978029	125.0391073131491
202.24322483136027	13.255107073490784
391.2880076385371	272.45204498775394
134.38777759140393	330.0929086792608
376.01015156383	83.27002163934056
222.63260230828138	50.92538498069333
282.42372201286133	196.30693197643316
103.02417990540377	246.15013102213564
217.24804783985215	79.44327436645486
175.01503341873357	280.778020363099
183.0206045922179	226.2297547956329
98.16589021077928	134.8106769796796
253.1386099857815	225.73481743657382
322.95466947742005	390.23385612438267
406.560838661952	128.16977559644505
264.0233966509061	43.094027011317614
18.365217444696448	258.31830508829023
54.765462611223164	142.96635673822007
48.84211833474616	179.5344734350366
29.37251935276066	294.1313464632763
288.2597792031487	240.7593109234314
370.6694113503809	240.5207255145928
231.66937631351362	272.4078168556805
159.66672472677803	204.8467007843189
354.7942284822704	39.28377575464773
333.17252365887987	287.30125364865313
100.21576844850831	54.71881814341629
61.346814285736414	32.73394764056169
360.42840492887814	182.6908563974311
104.56623895500802	413.71639416084724
415.08836552146	359.07691530662146
314.2991025441779	278.2226484768654
238.58903006275835	125.98204546405636
239.4911291846484	89.0519782324762
258.50399188228863	186.1209929352364
85.98997054537064	236.99273428977196
79.09660220668506	43.198344724315284
200.6489983740954	32.78374798552736
329.41146270069385	43.494117178877325
414.3228866151058	169.94713006628845
238.1690383104824	290.74157497166965
55.763255248958664	288.42135986628494
6.284004154319194	65.79401788452732
318.893468741744	226.69052874789566
129.14722894877116	274.9438845443482
56.438490473697435	105.08046420074622
271.97655630822226	280.1218644270721
346.3851543017419	196.98343662719086
312.5521390035974	314.85924153141593
8.05346724931794	90.33990076981324
333.8952280989585	308.8778113882058
303.5054912669082	262.2201612107278
26.018490670031653	327.7004820285768
77.59589932968339	112.13954624711346
238.68856198363105	148.47448683298438
220.56555557047224	322.9822124624454
207.73549227690097	271.0247381650802
177.51706092979364	209.51431516832923
269.3634075690413	212.31094222660485
281.86151712376176	33.08627363123107
71.7108083802387	73.04816959501468
134.8231850767059	207.33901850618844
307.36862374022246	244.81660783376145
252.80400130714224	279.47731108699423
362.1708134364504	207.88483163463772
217.1387491063862	215.92961875332898
356.6794196597165	89.36939156997524
215.26788902667423	235.23075120989205
187.94418953574748	160.4290633333977
413.7223801074504	247.719040499567
198.15158955186538	217.0750848642246
280.2946873957886	54.04939471675599
221.74047281918703	155.8213388619474
331.6828004022972	407.2531953748345
166.56218872467932	70.91451108504545
275.7474998028067	79.5379124297469
40.10236959520169	69.06908769411962
123.07403624167254	4.2406490350798345
23.803845601561985	62.27611805349641
61.598720681669626	340.61262623292254
186.27037334866057	301.9822345631344
391.4437164250413	365.9316177950944
361.9861918987689	273.4690664876239
113.38599894337081	354.7173454253196
100.9746983947979	367.6667951957076
298.8898725610525	25.454920568263613
274.6177467053458	398.82897744482506
318.6191227577312	297.13931591213816
128.7033073266588	390.62982239152876
7.219941827524325	8.494889884257297
192.5338263291094	347.7757259871419
276.4073697096422	140.4636940650508
98.74129487485975	326.3914996693776
347.1287088065659	221.45917607662906
224.4365167279167	397.9287349984688
26.635241409402234	148.9376882386324
82.64427249259083	186.5487010701793
98.51573120892719	287.6923244172159
203.75029256167397	387.06130220516627
103.1604553463536	188.0602160026854
21.343878267905865	404.47451196762
325.88346507297166	263.67857069749334
127.4662191944226	52.81105223504534
330.66967488179864	72.07261677421532
357.28579905820067	336.28601689812166
4.616777323776938	43.62962746541787
405.60601046319425	61.34073619819049
41.944048939942874	341.99699970147327
91.95139514505493	166.90108554639346
68.18745515505661	204.2787537414623
398.25449362454185	92.52025765227387
9.578866011941887	387.08491304465116
163.836566131085	0.19321159164330212
290.4060952880838	408.13807764473995
248.32672209615393	9.692890155646605
242.3490926128303	379.82468945212753
220.05246636952157	107.26833618567642
293.9561543552998	70.2975797040255
207.2771703145665	406.511941427457
222.08184000010812	16.33630423909431
216.2890161392332	196.95913365389072
258.0741584550856	109.18579493661916
385.1841432473124	156.84112157965853
392.6042233206013	114.7909596761573
300.72806233292175	228.2930104296469
350.51936595204415	398.35261280068937
306.0093801535462	121.64934749663604
199.7468818350296	51.521366380440014
235.79987467741032	219.25240284955237
312.8684570133491	60.842991542447635
149.27482219514695	344.78969059005345
382.45815826526723	307.90665396109364
177.6590797121063	107.22944933207185
102.18873102085965	217.7863166920705
323.9148180388694	172.23839987437833
90.8779357227824	399.6651415031923
223.6956163472435	416.9279459231913
15.216614193621893	368.320238643723
166.7405488378577	397.4865363173931
124.13423592583145	369.8279625898912
237.82288473297052	107.17242938616099
281.94113804872603	302.3648102948076
244.6101151122727	260.03220867215526
379.28575757416104	379.6151729073241
295.82230901622387	44.48113355660678
389.68747592004394	18.309388115243518
145.26320839401913	13.93874959103724
147.57844798620772	362.279683488242
287.10682061389184	214.87930440352937
60.606890093068635	382.9409272425775
45.63928661718016	304.75343350973077
46.81961766930964	197.56490513842212
330.8346546914308	10.39747787355595
313.397539177419	87.735604138484
149.95084454050948	304.3898641265319
372.89742711871503	326.4504948334387
269.2385979116152	353.8677703854927
314.1217000301702	209.01229635098625
398.46521346434014	178.46388172323748
412.96295331865923	21.428618667077977
391.60832845824257	393.50586762772537
74.0847424506824	169.63574089417565
358.69013308499416	141.1315543873845
14.72552020187102	130.19866147917804
223.02797053621444	377.12619784319884
382.05416977514807	343.4081893688813
343.1048476044472	177.0036067171397
207.28749915884714	174.10635330690639
340.36161631377723	98.80684543569765
200.87183945977745	131.53309723803773
349.0999452198528	243.0466378479068
318.97801094742493	133.7285206095063
181.4354744048243	407.45139042082076
143.9502244589722	190.4914698324928
364.6499050011477	108.58282110296899
196.84198107940878	107.93621583104697
376.38272038528874	139.88668036746628
304.23469329214157	158.71853077504412
260.7922339184314	296.4524821756392
221.42925427283689	137.67436507263133
172.31307455129084	352.0373626999143
278.4616223140569	381.3636940634478
143.56544980638193	151.16564886899116
416.3726904932272	229.78549300247198
74.51002846280106	291.0811583557378
52.10757249225428	365.1950545888086
252.58584155163973	204.5156135707382
63.118174132564995	54.839100103012484
280.51000596032446	320.82632054376506
105.4042407213127	79.89008828509115
198.24751585952046	87.97570185141683
11.067025931521467	162.1199390738273
415.02010099993373	267.2704866876699
196.39608601577473	238.44711508875997
184.0082851950475	5.608482629040377
223.01648992947008	252.45576852961042
167.50237540723964	239.7936595931554
65.07268226444928	271.6871628680286
329.50320956175307	191.50343004823765
261.3097903033572	150.24355601989532
404.30840823419544	41.03604850619815
406.03397927284294	0.9541532431978041
178.73791593576942	319.056514376224
321.02303136323746	151.68392892874658
96.0841756435141	305.2541732894051
383.85813040777066	412.23185850208347
182.59601451942098	58.20295683802558
69.59884858234516	415.30904712327765
141.63133271942326	259.82039137135365
414.9188432423505	211.2969104450318
168.27748630259543	153.57214155118396
260.6923751607546	252.82282710145802
8.926310898161816	185.4691562506645
298.06259640409456	105.48166280446304
48.93120477452241	216.53479322249834
24.745415098090994	351.5435759376821
360.14828749069756	19.625083436213433
401.3683311258802	148.91804780293558
318.6387729729288	105.64845272947042
232.06938450430835	66.70645832271197
344.38871904684464	270.95761693780133
72.4840170735082	356.00543069373515
162.1619161392732	97.03206972203733
144.53454651632455	380.15874274462533
135.97884566122943	130.88833596762987
139.86500476822158	65.87107173137096
396.86856017284566	254.90889870849873
293.75792518337545	279.9727895406435
30.664174233095526	384.6417180456107
112.2386839374425	267.0380636775134
44.49188354573635	47.00018600294998
86.45064092188906	22.859822748233547
203.45721564483364	330.5785043412952
52.10466401220147	408.7732011414656
138.19545323708056	173.85782014085825
11.19567744482087	218.9734145715259
127.50028315500107	86.16922956951551
85.8368171646763	211.38475546750743
364.674244625519	0.21137094711209617
124.37464499620901	251.98174408154767
353.07069605277735	292.75589527403673
253.59895202505666	362.7700831494081
217.20305752939177	287.14299077645626
307.8468490715835	406.09763076876925
47.89137914578493	159.46820576877235
113.85935544960249	203.6567430798573
135.4070817037636	36.85891146993439
330.40456249578335	119.35444897234642
296.20004228811933	330.6595222531073
300.1417736092224	196.12446998736493
259.73064276987765	383.65300261123997
203.49152251690992	361.70623892784033
191.4020407941292	198.65225435595977
359.36328543883474	381.29287971301034
402.12456041105276	342.6626129252976
57.812458915385754	86.12841576196021
166.80143178637258	333.742226054829
173.5123654492345	22.149131177367718
13.33734939161236	315.4119163146835
67.12638389141257	309.9232068884895
138.03335530373582	110.75611023795987
145.28044441342814	85.38858904943231
33.81069051376519	131.78284968452465
183.84940330151358	124.10976572926089
53.88367446429097	321.7843999110571
12.195955937981955	27.105181074250666
123.3271147187751	148.83494891565886
168.01946703246853	297.92252224420264
400.5752907784384	309.6885095529551
117.8803069821826	295.8168897859236
404.629683733619	380.6926355662907
88.21208571083743	345.4947397316475
2.892204322397319	108.82255662043131
148.66192719368357	220.38881834828317
15.614137759549754	278.63479052915665
25.62392764061785	81.69423354409584
300.8805468762215	388.71596245378424
83.12515939377388	371.48240428952727
217.85529524052868	341.46591907335994
377.19987614881296	258.47765717825143
179.18834697483263	86.50785924883697
340.4040902960214	379.9042310810468
70.56702101892694	15.24933997190409
383.948115439968	289.33493764774795
21.10982333798666	238.64835958821828
271.63320387809966	231.19054263716515
22.97027443286291	204.1307554285575
381.3351677463244	225.9949667523881
396.9063976809982	215.33305068847997
274.2208224803992	97.75616817329526
154.6873996768136	28.823559598779017
108.5890304515927	395.95988425523984
73.50230861246963	396.5178097922417
169.80393467659314	379.2053405154885
356.0909726146016	159.14738954171372
94.03015781297597	270.64523699498034
33.58003329770046	4.624668907475926
344.12122068029953	54.14180343252864
238.8228792507034	328.24846866527565
317.1450042117377	370.0251226098543
240.81837192698714	181.59249033379072
97.224191054382	37.18507259051744
364.8004198078153	356.03238741971063
142.7134358787981	416.25112283500306
338.83833538549897	26.535491381172836
245.2655198490867	52.14682474494281
47.204304884118315	235.01010359525714
300.5237222607178	297.70797019832503
244.4042496112698	308.14959009027183
30.797912657553375	111.43524625729718
165.95378151468122	263.91062754590223
257.8375474965257	88.36956761565807
258.8835906765668	320.3705314552242
164.89495238012768	171.3707099073351
294.5196329221353	88.0139945464948
118.05575877316063	316.423708311449
30.809098775950925	167.87226742133274
39.71310972775068	95.46134253751919
