356.1062896414371	325.4069558013751
267.68647165353156	132.91438430178727
263.4809122800773	177.18828955170127
280.7663931491328	263.8440818609435
282.6652681990865	342.6498796134139
85.96273675012444	9.58145576254103
279.09556001016864	407.3066336900633
258.74764485065043	389.08892554259205
135.83664909342272	230.93083622696523
298.41702626613716	417.73873750345336
317.94595169709214	30.145276833279404
29.607527010856145	248.2731244376695
47.75382345771254	230.21717304519993
134.65598267766728	301.6153662678518
3.0572037406805106	331.81550321640805
332.25903300587964	243.60871967185886
413.6334686203055	337.9616933746797
395.67011836785383	184.29836921222127
289.0507447817827	350.4988668562881
102.03422672843577	88.57561072043734
189.1010481797381	253.38064019336096
356.3912340614936	42.11785600381091
140.64646617730452	392.5201979440026
58.71211339085963	259.16462910445983
294.918227069666	404.71084253114856
26.871899208423883	228.87659526011785
343.71447856687405	7.462993113898316
179.10321060860596	400.3512852688492
347.28774539279436	354.2979282789952
335.0399655354217	148.04998819697644
10.524093347293979	289.9196250279526
413.2735748645546	196.10553251510564
270.7488025416992	10.144126937991567
113.71234113054528	90.96895482576933
377.1103816801984	28.317670749043206
414.5023010705131	281.660521709817
190.8927870724286	149.45201717852905
141.98791711774186	286.20349706858525
160.30176853741932	119.26850041917236
224.17429624745225	312.1051841770468
306.036884681854	342.03947693547434
59.49298693251558	137.92688619629706
135.15879597343948	356.9029325808975
134.6776069222002	51.76743619211543
224.87187752506844	191.7830917080933
280.44277982196314	157.53927606770011
295.866817324495	343.2577801773868
305.6850201278795	145.75461606800343
19.961496219756615	194.7402910624198
268.11124089147575	348.8016322308201
208.9779283632914	270.56668971816435
291.98173968970843	360.7290230109325
43.42365808287235	130.0087512640959
382.46588021694265	203.05844651206797
47.64019776678056	260.1343065538041
325.23946732295343	340.16921688997695
17.657242050356718	137.2376425839654
81.55884773812421	71.68308154926592
118.6061456886406	24.5358202707538
157.1758781823491	324.81202162495293
181.13798642104078	68.8705154089405
367.9547573964321	67.84133515555865
284.92889872163414	170.66442665697335
245.30559495313616	406.7743227137147
282.75302927905364	369.0317624941788
299.41360842977184	126.04289397489393
397.53228754083983	226.6386750339885
271.34711252808125	71.224700542867
243.20254063399128	356.04689912447054
180.13690189428002	37.23502014117026
46.187837310454505	279.6340917810914
415.3014335959976	404.78358048138
238.25012171484283	255.21946722349213
338.6430476068199	78.92780656607073
29.41854700814617	22.76560038894235
199.46531512376325	307.1837443696787
269.74308855732636	42.28598219465105
170.41567854595135	198.63156258629712
403.24961906257835	325.0662899148489
297.53777181047525	166.8809208713126
347.47298033126225	128.70211576556042
198.56740304750426	4.429128560229424
404.0146409236625	274.16332944576374
131.32197763622764	341.0212976752606
366.50368540514563	77.97256469980104
222.98428977806074	55.99824828398645
287.1926796635521	181.27606457982483
96.1191240920159	233.13945579822737
215.01018547785296	71.03746446530972
174.8240501825341	277.4020215945332
186.87304834687356	232.13001833295885
112.48353424425127	146.7927849890869
257.8513819132589	221.1121188502355
324.5540504356746	380.22318187502304
413.6131299542647	140.00196350339473
274.74119785707177	54.889233184874996
21.878572350265586	263.1218805146232
50.9927758610639	148.39131621358962
44.38709966553668	182.80272530921417
33.58627689314521	283.10068210872544
287.5466974714072	249.58124978832322
381.0958328130097	238.24029709191444
228.88214587158203	269.8736355148467
153.71260226554008	205.09795913741556
348.84415922155	48.128114009697654
336.2525327582542	305.28729839535094
113.5396978932825	57.78647001495597
67.80822926814838	33.25734840109182
367.8076844960601	197.6042161386839
113.04573839305222	3.0836487641235193
407.8913329267851	346.01269751893204
304.8828878070735	270.2850983949405
238.7920475090853	117.01469683817191
250.02223716896606	86.51575130770354
277.4285972226264	178.08785009309042
62.01245224642421	238.20188207083265
81.80613961049795	26.559890975455332
190.0469983364807	31.268610937666896
323.00278279619266	49.22456935737053
416.29101225165675	174.83124398877737
235.42979996503584	281.71029428128315
57.13962376754674	284.1238319687663
8.480779561142862	69.90963307257817
325.23983960896913	222.65636555598368
138.36233612186217	262.7637483439256
61.03548247134843	121.20943915439716
276.5775881783738	292.75977578988136
347.50050966158835	188.38499067006524
293.18498250941497	316.9268061620905
9.686561630736874	82.5801521939102
345.3373920983522	319.3406576430696
300.5173154757567	260.1880330422521
30.39900993107666	311.5748743509364
89.1149881016357	96.57582783678967
254.54223269584608	138.53911218189003
241.77910350104585	327.91010892766394
196.82987536303733	264.31534970028133
185.25975875587028	215.07056927950705
251.71708475797854	208.1317219710552
289.51570934590364	27.511304801555173
69.86093561249524	71.17268155148302
136.55252526046291	218.329624180717
301.12087049616787	245.85764677093374
253.50530762513299	272.19494314803023
371.4139090266258	212.1713032068053
207.93631301903238	233.97596248507693
334.88694506838516	87.92610133234639
223.95840384029333	243.12923175194106
204.63554512399202	186.3411753749459
9.577499709651839	251.06451104491612
193.68301399810156	220.46192463892356
282.8865934345569	66.94381458293606
206.61915314683557	159.7693072472377
328.42462356792777	2.0707706576540796
160.8944936152014	67.60245149284381
273.6613181621043	84.51119442049587
44.31400918491841	76.32666321689521
137.7477580315035	411.979227989498
33.87447091339143	63.02990344639546
60.87738698892731	320.4868144930234
187.55342464900684	281.96635855047805
389.1744920169999	356.04772624482365
386.21182391321423	257.84651442225004
123.93058688993071	347.1449740060014
108.19670913707048	362.8183740840761
295.6711956451772	13.033561439325977
273.11668054876407	389.231443302009
310.3308616048048	300.76334680134806
124.00455546053477	394.3760645326413
11.419486365046968	1.8733507350055045
183.61562688808903	337.04002536859184
294.08504912734816	152.50565173283556
108.89587584658165	317.835891579344
342.0632871560216	229.28833177724619
236.5561647559543	380.6312912485791
4.096702081443263	167.19822591844493
92.36143657033155	199.56513373843703
99.67448442840639	279.53576896828537
207.28512346826636	401.13707393948204
106.40324184601972	193.12257514120446
24.130082805430813	408.3341983074963
323.77290069761705	255.5074770329305
142.02438071402358	57.93897572883014
334.4928977228441	69.77885588083078
353.74590386474836	335.09493874155766
14.267723206921918	44.75799628934048
404.3655819607279	60.51983405407673
45.47480589388124	339.0850711954867
93.33317464082445	174.06255984595342
47.836120881018545	199.04993720068612
410.42960873839996	112.84013951956909
9.733825194781334	394.60019147902807
167.46808126936307	417.7966081114639
286.12569384362087	398.49404967933333
263.09910261773484	398.568305076499
247.79292855816294	376.2837538466857
220.39884384226428	108.51666067921414
315.540294737737	66.85893382163789
202.61379043762304	411.10566566264464
212.41224727596068	419.3566699046345
210.89759861082152	206.38732526845362
262.3925366952844	123.49224476855295
390.7234999000611	155.2125599042106
400.41892321964013	131.38786977723402
307.83227422452586	222.12650740384615
316.9433784528802	400.8546728034812
311.38541069320786	115.27601793366776
172.051224411317	58.92089359821368
233.91680766307894	221.18731698317146
312.77553254841473	57.229261596527536
139.54639057688271	348.4265649367013
385.49824161583433	304.82648712448844
184.67255701001193	109.53704576987955
109.04771120163358	210.65537197489226
311.30205415314157	175.62771315844552
84.00367058008908	400.41621399151654
219.33979826241978	407.41096258517865
20.177779743891612	364.93103042953464
163.35061733547437	406.41842017112543
125.34587873527416	365.71621762226005
247.80723856675382	110.2091606414939
277.124240110043	306.2060813267849
247.17122965654187	258.90726007215966
369.70508699819067	378.6623734742947
304.2502356203391	33.85623864184063
387.27240464586686	18.642676591709854
136.60250569576388	17.442708190825996
150.00900132276018	365.04217028832795
295.23794852603436	187.07014519696838
60.49910351570522	390.2225789001532
37.813693712608234	291.56177375364996
37.311433618533954	205.1006934093381
305.4993965211217	14.195905952378295
317.4641457111756	84.63478467518479
145.06993287351082	302.15792638916014
365.5204711579302	332.5381389943759
277.61360332077174	356.07920434442036
311.0345798323139	211.9879473168795
405.3252973713745	183.01285907045863
401.40002249454153	11.885247842832852
389.8300193436573	386.9686203882174
62.532236721286615	156.75907219076538
354.93046819586465	134.98885502226753
419.2904813738354	124.48492854419376
221.1351218789375	381.61653054860625
371.2264679683828	340.1579738311425
336.41245972150915	183.63398999877313
215.8745638721097	188.235456273297
333.61312521357314	100.51114386437482
199.73921664396667	131.28030838184276
364.2023374043183	245.31523893191687
317.96470871472553	132.124577120113
188.3387104155379	412.8775787389761
129.25812734811686	198.70697742100876
355.74272744186516	93.32808086449417
196.68247618566681	113.5606621437231
388.11483107998924	145.43121548116918
289.0783993018178	161.87546944080077
252.9251766134295	310.7930774548842
202.59543337729363	121.96290473261399
173.81582384192083	359.79763400639507
281.2590605933497	380.3018811860964
144.87591461930975	172.44623254384575
411.76552189341413	228.7553381899103
67.87241970012589	291.3026782919072
63.38076699021687	362.9500431775589
233.1403118914953	196.73114215489235
76.52598852981622	58.17585287571502
284.5574288263859	320.3080360545521
103.80448158661208	78.62828334798976
198.69674344574395	84.26349973905543
9.593580789207483	176.8002918461714
408.8968577556523	260.7728160929744
188.4882112349213	242.45039151325534
186.03625882613986	19.49182343292111
209.17932257991887	256.2950751441494
172.19452195819952	243.84539913117533
51.77604585255985	268.68457706528227
316.44589127491594	189.84314498169326
261.1668994992189	156.9626727126087
397.1130589349311	43.35870257232762
414.2083935486213	2.569615167929057
210.90628414442043	329.01546813922414
314.16055337818693	155.35804545689388
71.70077086870823	304.00687193019365
399.92116361976883	2.242536236513812
156.4489778050907	49.94170730293373
77.42732860025701	409.8495336684314
146.61972979127503	252.0191856789795
7.107354555590908	209.6094964865479
174.3113714799736	159.47123495117864
260.6368135657515	258.09661167941437
0.9290179736596001	201.62762290108762
281.3453457820759	94.6270558821033
44.838243291759305	217.05851312333746
18.48615883211019	336.6161568513871
344.1733698291002	29.45761294466484
409.87589945382695	157.0934226020858
325.39690051163916	89.94082809493615
224.8231543946416	71.22174535162875
320.92516490527817	282.0849075947953
57.30630444991202	334.13516927305255
161.31001246809902	80.27403124555916
147.73874865786354	386.46688600911295
149.29444204493223	119.60841248358088
147.5825182099989	65.44158171851366
400.6197904864807	236.85669300109788
301.54036368015215	283.735358330429
33.549694283168655	398.43897607359395
134.09927071973024	250.53160811872706
29.438407323317723	47.802324189214815
91.217619106	25.193818502579088
221.18734782377842	335.6129389695195
49.63031985208957	400.11822262354707
135.7085123488551	188.0348274098135
12.320026733529716	223.454794935687
130.01904436370975	66.30856373635191
95.29136689642034	221.113348862482
375.2881624550535	18.865869675022783
135.35341655506463	240.79424252905818
355.185029479111	292.9905822663089
256.5290098586933	371.7252948490359
226.10981247617892	285.6295153654499
308.3646099157855	396.6701972190051
47.93351115698513	172.71878868043845
118.07922713343505	198.26416773718665
147.2135735894747	49.43583268450756
323.91192115245855	108.80463371223269
289.6512647144102	331.89876018633294
303.9661947614741	181.7342084948471
266.78731620822555	380.5463245251102
231.1753230514159	371.20488063047594
187.26507541954743	192.19242329212733
358.44131579094983	375.4506810255483
386.63257896267396	345.3835725565548
57.36158469205186	76.78916127922676
167.9712784397052	330.66065639758625
167.21800742788037	12.996924972741681
2.7260236326429226	312.3005131405304
67.25447839818109	312.26186056309103
145.84054165328874	109.17118395525348
142.9996579607773	76.1192220594587
27.16265192799955	127.49892245389059
184.8866889186798	134.05104394509118
42.2170573513767	316.9725722556948
16.200328857471348	13.060597496219348
127.35666647321565	167.67032108283934
152.61617119758705	277.4383597389685
413.9567529080465	294.9598794633362
133.29161721332684	271.00788714380553
401.62898999151565	396.0130212752978
96.64552931166966	321.15325248262786
6.256609922674267	107.65030824248724
153.02848739746295	216.79646821263185
24.779072906195616	277.95133749342034
26.59099711249294	98.31861172468122
297.5654687122357	386.83597182480315
72.58946502558129	386.7650049767641
234.26718078045326	344.2244246179304
399.8833665121254	263.35855294032723
182.75988934539095	86.88554632768502
331.7111808572743	366.4313828008176
75.8787429404949	18.351689543695727
402.8064828311423	286.7672670486508
21.201521654661953	239.14722330890095
269.0127792350105	241.45028340589687
17.827405277545385	204.30343679993166
386.6740440974865	230.52884776385636
399.19659011845323	207.6584441072029
271.88953864314476	109.47057396072144
157.73607450306395	23.664418963443406
103.72025286069874	403.74073015329066
63.10581211825357	406.639935419299
162.694701410402	375.18557095078575
350.933320446931	154.0592141626427
66.48831137884557	275.48823442445484
21.71799123324692	5.531770706651531
336.90825876045017	56.68633343054421
254.25709149157214	343.95342459179284
319.32412653490593	369.37416662317196
254.4897896238498	182.85104933548726
101.80262801022883	32.352024510437595
353.5975977598878	344.46337465585356
150.71776616431063	406.8723767097525
326.4683068427575	14.627389407146929
249.98600096912125	54.00165229612011
36.94142151927708	239.79526263175964
298.73772069925064	303.811948187371
241.38789291566238	312.77467066292894
21.038900448213695	119.62564229451235
147.20637245098712	268.8757907569012
263.09367510226366	83.78080847331144
267.4418166639779	325.16652583134805
161.82336524273157	164.28521832586407
286.58044714687105	76.03924760176277
124.15494600025183	307.93605175433066
32.05948254326111	178.53356721251583
37.653588408799735	91.9092663296918
