365.04403822935603	305.84392154835115
264.8028533577077	122.46562454260355
247.17017871981054	167.4325508540987
285.5390342721699	263.61212121157615
274.0119986213075	338.36759637474427
84.3434499351556	417.1670834172532
272.40842488264826	0.3432277372036148
255.68232362321774	407.17376718216116
125.89481335256197	223.9150285417627
289.4262938656852	14.626291802253006
324.2863474842282	28.80562625303446
37.57770678624928	251.00367258282768
75.16359881579456	224.25520058165054
125.97102746640857	303.01964710234216
6.995052626549772	342.69896201981174
338.64800271529964	241.22183172765028
6.005731522809888	322.7542512077868
373.40724158404186	173.82254047279068
285.8229233756122	358.8740249768241
104.44319240282756	99.99877933791139
178.4502746697242	255.62685591112387
385.9088847638232	36.38339188693812
146.18565636397642	407.88160528398845
79.69913729214663	243.8754963452014
309.0659141805364	10.49975698053793
32.46255502572648	229.92797130110034
351.1225051341757	9.245205090594178
184.4817403979459	390.76935466030307
346.58510610252796	372.1556202698568
340.2052097172789	149.47944496809185
3.3221144740563417	302.74323347834275
408.0490250121524	182.89082905175943
267.8742747744832	19.956043845916064
120.39297747573231	113.23578726987316
391.3554458323786	56.82488495043229
404.4007363210243	282.0187864974598
175.16811944399655	145.56589086579135
141.70434487586064	276.9348632159709
153.40482783245722	123.05698549361048
219.98140394811207	308.87081076668136
333.94020888948484	351.59638152450685
87.29124570112319	144.10032703257144
123.27857717638479	353.27885165657347
119.79489144338528	30.47073475355555
232.16071823474482	187.67822909519063
274.3869773054585	157.00562327764575
323.3206623167868	334.3157160768673
299.4033149117603	144.8408603034305
38.016381943016924	182.61067279809723
254.79649224957367	345.0569995974177
193.1463544135024	270.19261205804423
311.6381965991188	351.9339088873411
60.88429303245626	120.59638303339399
388.67276335873663	191.31614854457501
59.574587950724464	254.78681554157015
347.4330018522273	336.4940505303531
417.5164014841412	136.58343706915764
91.21296132333723	84.00665526458101
100.27828077649774	20.34604259131026
150.5293458106147	322.3266160292525
199.46437442423195	72.13487280159349
370.2401543724473	58.00912165330977
278.9568851780072	176.69603635957503
236.14190920168812	412.84832365794375
303.03080872571445	371.4721874342416
283.67629791493715	115.79586390883095
395.96507607258377	231.75480559612
253.63997091664336	63.352876849288165
232.53611628683743	351.4529352490329
181.29888796775492	40.274696935907485
39.16922647341723	271.3593263047622
417.26302779966784	402.7347930137218
230.5863314565	233.7305251085312
356.8616645148295	76.65905148577892
37.76871924232466	26.176531429814563
199.84157891026447	306.47724935927187
241.59567722758086	26.870349717770146
162.89206569906727	188.49846442895145
405.69754608130404	323.9651330345588
303.59664440275895	186.6243702193962
360.71376172227855	117.92866358523179
199.81705875855263	11.375981931044267
384.9442987804195	274.9048935257407
132.9318384596156	334.4522426648428
380.2811226633227	79.94498100978196
218.99627761348242	44.23207974329494
274.9569886138068	197.8245563911407
111.59767263493964	241.13700976718258
215.37876189844965	85.12074658446886
171.49721310188755	276.88739750618817
172.78134990565061	224.62236920918278
96.26467360782057	125.36511196816066
249.41464167352294	225.82380577000941
316.2530517101861	388.9172201289557
401.55694203077496	124.21216934940168
258.75865996988597	39.50538353712151
21.002922319733727	262.2197734294564
67.08149033906183	141.3589971439655
59.37890939928143	173.53650322272208
33.711333037699106	291.4970045543662
292.9962835778811	244.53581290299647
373.47094657204144	226.624575787144
222.9718002194708	273.54354762907644
158.06516527077807	207.92262976953575
365.5803876896063	38.344529021344314
336.971064950812	278.99219353165296
99.57511934667306	60.92292774038717
54.0225415960827	39.53467702104554
354.29265280009446	187.15151133403742
104.98691273490138	413.03009227519436
418.8336809207769	362.35332665556314
316.8611227877912	286.9358691109235
244.58981003529428	127.6277003701723
236.6205561141013	89.75365086751806
260.2707449851416	183.8412515336775
94.65969485999372	230.472655525928
74.21954154810388	41.30099340742337
202.559348897014	31.82923533130026
331.29670786459496	47.73010582921761
415.0644511507199	158.73891923257335
234.5357670571021	291.8602874483021
56.05180861659548	295.6697199427822
4.708598156755421	77.31582030829945
329.183811417361	223.4021895405252
121.42318222430092	283.083283004812
64.34929607217809	100.08413441756188
272.015801139349	279.1768599470625
342.506582687005	206.65573849623573
305.9597886383254	322.02024372142876
10.15393065461165	97.92406010119022
346.4898054159648	316.41675261263697
308.3300357729192	267.39721271338783
29.061354200550017	329.239393191258
81.09828213349768	111.92418770290638
235.61490158987644	149.78646476618786
214.04514806559652	328.3688209478284
204.82358684213588	252.48087789297006
180.48293845454006	203.43503509519363
267.28836534152896	216.25045224184007
281.9570437430741	34.85449310035368
78.65837772826451	61.59695488653088
137.18699510126356	207.38455805270436
313.5816167429663	245.79588231037354
249.7767124174432	274.87578467661757
364.4649161319359	207.6064521706918
209.14835991136	198.9341726063729
357.16775547160773	97.81598903549248
209.93631309598788	230.83564077447957
170.61266355962167	168.31681040809693
411.9949893708047	246.89936834547908
196.32545059951272	215.9276708479834
271.8374620019792	54.620281967636515
214.25263368857833	151.16611187768967
342.45004245895245	411.03073050055417
159.00546889257623	69.58392348821148
274.8017183627581	75.01694702250806
38.58700564012016	67.64172548021796
117.64964424570104	10.093611388055063
17.85359295588375	61.29558084636701
74.99676852489144	340.7829196634056
186.47792256140488	290.9158353220467
398.1972498684371	367.2557964140872
365.7458339381038	283.1400773926784
103.61240352933041	348.66568565321836
99.80045871079048	375.90689595799984
304.0967925928526	29.850081573538592
274.04920696309966	398.1262444786818
326.34168775727545	309.02953204700935
125.50951745499961	410.5793915984336
19.156849440038762	2.0176690085205244
189.77549437027574	345.72354131731424
279.8189636050234	136.62512283698226
94.01775548209163	330.1114554721435
351.63450789842057	224.91774164488686
220.40342769287614	395.9964495173389
36.13754427678377	142.39521339935825
79.03139258045191	181.914741501843
94.7786442670465	280.0849973829376
204.43770512527792	383.5705957693552
98.70432001593987	177.21133334782252
30.633139891484866	405.082036941485
327.7816807842946	260.2307660318275
119.70776378730262	54.21861206668023
337.97923480173756	68.8495931831729
356.88647922488155	354.2966179241068
6.045114767535682	43.67855206975813
411.13863374055524	61.40824149771701
47.09841696237837	346.86431713498445
108.5066217359428	155.20270741247026
74.81843216296494	202.69512740492706
403.7813986892222	82.21930580062899
11.092447949160483	388.1919674924203
159.72302512630665	5.105598068886422
292.9525288548114	414.4259528260068
249.6513288848506	8.465758275912469
240.54222718470865	390.74292951698845
211.08091865511867	106.17058825178093
290.5362386721847	61.89303361567551
198.5681654307699	405.54016552333417
218.87531683319946	20.077438445677345
208.04976246414444	178.7929390046629
252.21625532912472	103.57876260109302
378.0832602967636	153.1449668120836
398.89194531525567	103.61958470247767
307.2814432730397	222.69710080780376
362.8780395623907	405.93160860607077
312.11923487993	127.99317811121877
198.8510812900033	51.49556788495451
227.86995841305657	211.601357677204
316.7722605186374	67.31784089887205
149.01402843333946	349.2258365504758
386.1003054789408	316.05989846165915
181.781738369376	106.47800821155006
107.4003277400087	214.79732631711153
318.5242951705614	169.8486061394795
92.48103576675183	394.69013410781713
217.19732586616138	419.37032078178885
18.268779320984606	367.9663528501906
163.48969030583513	395.9569767897066
120.29077106736206	373.029857484189
232.96126062058335	109.60294481941735
279.4234710146693	298.44833044271314
245.4140132206806	251.95954971777016
381.5390774552312	378.50129360178096
307.4740946265086	49.643058061356854
394.1379229898681	16.184685393813528
142.88826747840923	26.315634570650474
142.79596607512914	371.7072583667436
286.5144469207488	224.827673837426
54.218357433902185	383.92190251119996
42.891288717639135	313.8935222209198
56.48829885170249	193.33403327032542
330.6897245832929	9.12044343155581
314.23698386307314	88.51811988647623
146.13709514165598	300.5982182847169
365.99614090118195	326.474177223309
265.62331446825226	362.66351366875136
314.713824150401	203.57628148535997
394.79683030609453	166.88532728973587
414.6396115367261	23.337200645784865
392.2231642092757	395.7510035474611
75.0020629130143	160.61235166752033
361.2884108359806	138.44724056234833
16.82812726663681	125.53942594091161
220.28838446524725	370.0929811255989
386.3290407554007	337.1279847347908
339.9132626769082	170.09410796134497
193.2514683669926	162.9237977593049
334.7662332073283	90.43334110986092
195.35314216193603	142.6395888050882
360.14048856101147	242.99900019053553
333.1903320708976	129.85363430226002
179.06956696820527	417.1115969735276
140.52611224497213	186.68561606212688
376.5299752194143	104.03576532004294
197.24356884115338	120.89732968762897
380.50026100442926	130.51662741064436
295.78064955967534	164.7582445301044
257.7205879279538	296.73792242451003
218.9178862818132	127.36741981173701
170.89907947063372	354.05631126166116
279.7645895978427	378.7304704510687
132.82326203714968	151.3023205133284
417.1738856044655	225.3596931912164
76.00842281643428	292.18101883058984
38.22502009729775	365.4895637162403
250.19221480868399	203.54106738049265
58.511044773394964	59.12769433405053
283.4588778222524	319.90910035606487
114.38245613807173	75.33157755482715
195.60369543019888	91.82718656610804
14.150765061499225	151.86337036282706
0.32716030710837546	268.8205854623424
188.34236140752813	237.34371082220454
180.00543589703503	17.6711404938253
225.2061465966199	253.31730821857076
162.5423643627807	242.87907203355653
63.83184633908469	275.7670463536117
331.0763479705338	188.9767584380781
259.0813384558328	143.57233385989613
405.7188688531196	42.192016411916654
416.7731543548758	2.7057717750393238
173.7814278859628	315.8363768592249
319.72979322994894	146.94747676643735
89.62324034149839	309.28887833293425
397.09297915689996	416.0077560736238
180.06432038449535	64.11906383230411
64.60241758126786	0.9731036205902355
140.73461527111735	248.75996926415445
6.748947559019783	193.05419066383124
153.15707088809674	144.89144924376004
264.9049508264468	259.9574685054323
17.375700022475275	175.6919906758531
299.0630931963841	101.51949749024362
56.044436964428414	215.83535104383694
25.96326375505786	349.3290072358762
373.0559614531152	19.648320320671935
399.5374155027483	145.7562198357068
318.16929115095263	108.25380127532253
231.45719725527601	70.10498910198454
351.6268775359263	265.37923949452426
62.20105754012569	361.5666510653705
161.3151738351947	99.80372412516405
134.37878534890262	389.8356773616922
133.34202679271874	131.0381090560119
138.44835732564465	67.02996825325575
390.643985420179	252.3759609434648
293.563400567515	282.42035202350274
32.07217090410659	384.7493449428252
101.11285139093788	259.94920154984413
33.39028529321767	47.63007535851395
78.60262196898911	20.947930988678905
192.16716570573618	325.4819191423919
50.77776446354564	406.1935712583505
122.40045046206434	174.59065121842093
16.990253375790374	217.13930701317489
123.34269894539774	93.38862640127824
93.9468018387037	196.62568994981262
377.29438632948074	0.04995106438704024
121.64547377625004	258.80453779032007
347.48775964719596	295.97228289915853
245.8653357226705	366.78661164383607
206.77059165302384	286.7538744942025
315.15718948686134	409.8404947487974
51.98335252281022	154.72030993101146
120.93136111419547	195.17377807225813
140.5517637370842	46.919838455893206
339.6558130736381	110.12849750387447
294.3905663129264	338.43775902570167
293.99766150466843	204.26230941832034
259.40493362051745	382.83623844562186
193.34769404510544	365.9927780314904
188.69851499038072	183.93883926363034
362.5095683668797	385.02090492374174
406.59435842168256	344.29131166181963
64.70761654901868	78.10582333851488
166.23659882482832	334.6295328956991
163.1311185524991	28.98012489744915
22.70025351800504	310.0563044801812
68.3035832798939	311.73125600821965
139.702074053756	107.99348976097578
143.02993302256314	88.00874397193415
37.918295226771995	122.4188180255735
173.42145122866262	125.59793812778214
56.66692640650402	329.30631313735677
14.983387765730082	23.21557821601698
113.64282739694731	135.79875870819217
165.96873948950397	296.2147990287091
402.46140909972723	303.9668111425044
106.05877125732435	297.05534846254443
409.5209853429302	384.3129131488976
83.59053571200441	360.1761063308137
419.5885074436927	115.11429506875074
148.32948007931878	227.28582550389487
13.868079254104586	283.5097664305804
26.116663904986627	84.01514078882185
296.3749723249424	391.15414274330146
75.89331223272626	380.4993067498003
209.48276106820654	351.44070080788833
370.9297874410468	259.88069725984667
176.29267113829783	86.04874376426517
337.2516589090848	389.8373135530035
56.844900680745056	19.355500449092947
384.46827220267033	295.3136350034201
15.1041728668926	242.7961515293558
271.82286639633656	240.59893983150434
26.038564702348356	198.83637637617844
387.8240677329459	211.676022147547
408.485827448912	207.29616575221175
278.1631361632091	94.74700102918332
160.65332039561747	49.24392112776751
113.61617783551841	392.913401553098
72.09171976600702	401.3175254062149
163.31611488482852	375.59729591507994
357.89462534407465	159.67394528121588
80.9037304352635	265.15504731568586
41.347080089381336	4.808485592002555
350.8773033335998	52.6677081275864
234.46421199190766	331.4332524573109
324.088850105891	369.6057182035604
225.4031749604052	168.1316589713058
95.88222396595599	40.935891619765144
376.9448254492475	358.86353702716076
138.3730402589701	6.44970306331115
345.0815460655737	30.82698519508076
240.00478313767326	48.681839668117
52.45221033707952	235.93820726436735
303.19048484957864	302.08264117636827
242.95745907081368	310.7028432730226
31.277957143160968	103.36040982865028
157.5901073074391	262.51575289023646
256.02930364677206	83.60283325372059
262.9239677332966	321.24033263612125
149.69345211492035	164.6762607261077
293.85914907066973	81.89664229202901
115.8653646933903	320.55630457151506
32.78310544802062	162.38001575750872
46.78525128888522	89.52798688059445
