363.31220839557255	311.87720060595086
270.1008922883382	133.1585934044394
256.66466581542	171.11356060662183
276.52215702266426	262.935312650608
275.47635143201245	339.49843328136075
89.6044838251513	4.256037819118993
274.5544236696425	411.4863020116951
258.38358318484563	389.19097203774504
134.1286478718197	224.56441708105413
289.1653113960783	1.720168218421108
313.55124822470907	30.941830041768497
31.35844401645442	250.5216638861206
56.74200627002172	227.4333334671507
135.57613312942624	296.9518338290252
6.776310811409659	333.86825759747944
333.3626665013225	245.24907524680165
412.7768541090572	328.8730468543617
384.8052957543696	178.30260205013772
288.9473268493897	350.489636412405
98.97623890765469	94.91014705190526
179.8711941700003	259.7758521843812
365.4560696903421	38.29988207592554
144.02469504636778	394.363055157622
68.78859696170431	253.9244025087871
303.7609328871998	411.97176253228315
28.03779796850409	229.06022007144074
344.41887698659315	12.025057500369506
180.51522916551693	396.9923080498692
345.1937078607663	362.19670577662066
336.51142672972577	152.23518821804495
9.105166166027368	295.33592408468377
405.2689261849304	194.64921656737468
272.34578548842165	9.48342715850137
113.28953775832073	85.89236316721517
382.3699509599549	37.30215858701665
418.5775756532525	282.3254805494008
188.9471026943713	151.57067014579422
146.76393917689717	284.3204735423202
168.66646853613483	120.21939804709653
225.62793791978478	309.2395874388846
315.65725136982786	342.7240306515884
67.4231357531147	137.20919923537613
135.10868576647798	354.43613823010935
125.51600481557422	38.509741662113406
227.08025281114897	193.61232933051272
279.94691097814916	154.70930445239028
301.56561586625	343.9046495394872
306.2762066326374	145.07613767459821
25.67965982584098	191.05044111372274
260.97210089530796	351.0416909752704
204.22431827001898	281.834710125599
304.3467769223298	359.1448095847256
43.41502686470453	125.16829153460668
385.02923856359706	198.6172560897191
45.16836939574951	253.5884827664205
330.0767854609918	338.40195629883203
8.290707757886233	139.5568019305071
89.10220334492267	71.59608960669532
122.1945739809813	23.869153278533023
151.31601866347856	324.36127402067814
188.0460076098075	71.40151414810873
372.7920477741155	59.4850094874052
281.2286700332153	169.17688785088978
245.47786017411156	410.6362207043095
286.6426152092443	366.11079851768125
296.82042852023443	123.7131067210678
400.80772962866956	226.29497012280117
266.09590368435096	63.89248066643457
241.1399133784093	358.7154952378482
174.193251861143	36.22869845869165
40.695317243124464	276.8684245744006
413.7395982287423	404.5178276712445
238.81469496814742	251.50341813376494
341.06711421240055	71.08341935811346
30.480872319426453	27.25367817726144
199.7992102195097	305.7996020278293
268.7427496961828	34.35915363103658
168.6239968282592	195.6942606069853
395.0265828222425	322.97605259253777
303.0147074488599	173.69280583665463
344.3015848470258	125.8982134488431
199.40360198526034	3.495216579860169
400.8673359355796	275.4125997469765
130.99345234269305	333.6693435652507
364.146824141995	83.1134782050157
219.56596844799247	59.93812472356596
287.3225598136674	189.32214167523546
98.68400605826359	247.30465886838869
213.50600769098105	73.62066364546435
179.0294716051436	276.54542194617727
184.66727299712983	230.50691504366912
112.63322381692953	148.78076181290078
254.59511169013342	223.59897666957974
322.61737760700606	384.71345026723236
413.0623378168464	135.53902573186195
271.26737521427964	48.96157181648372
16.690950958747216	258.2975877052514
53.109269361393416	147.94406957198584
41.76570949777484	189.75103414050986
29.52659855821189	291.26455496374774
286.3135674776326	249.02846952846846
370.5819045571674	239.91470760802943
226.80010546490715	274.4317945233334
153.16753103472425	203.02851971122067
349.391018410987	43.44370165138372
330.29620244503593	301.5509477018889
102.29692455630959	57.097677890739895
66.96109476261562	33.7628760480692
365.6696965052073	193.22920923632074
110.52121773557214	419.5332663593537
409.9592360048228	351.5909662691748
310.2877299413759	270.8366180108827
238.60062514320686	119.7430928698608
249.74771252140516	92.08574971990775
272.0054049476244	183.38217141145725
66.69060297826697	239.67319924446414
83.00780397133153	40.46939708643764
194.8298914482426	32.817003133373184
324.7668204578459	47.63054556513416
414.85804917268877	171.29454267821234
238.8848387937807	282.06170358165093
51.12901046233373	288.54040895144544
7.364514673520514	68.13216959334171
322.7529655308387	219.55635791672321
132.7369649011659	268.2232974808167
60.95244812895731	111.2797690409027
276.90807591155556	288.82198971847015
348.035706823559	189.5875923872299
303.4942347136821	326.0019417690045
8.61337778483383	85.68951404605083
341.79395004407803	319.37738171903584
298.9273760078574	257.86899875893323
25.15043307490282	304.8995169841147
85.80450606636428	101.9257748157284
247.36763074182184	143.18796797532514
234.66395925495942	329.2422122400769
200.02794004929083	266.0672162348711
181.41734759516248	210.3232442555801
259.1273683511123	208.79208038996742
285.7618820331709	34.253165137444746
72.70871966878485	71.55796260658364
138.96736960338518	208.82743530243295
303.7597748112356	242.75095727321602
255.37312758082973	279.5928051867141
362.5938930447943	221.56315424165953
217.6553286028001	221.8002476578173
342.6044220635566	85.20533324580832
219.16874952654658	239.72216767422367
193.49337369151206	175.85686740207575
3.9678232414566486	251.89545492328304
198.1742730993204	218.9875357027409
282.83292605787705	61.99235999301059
214.03508850172113	162.55483632100777
325.3549975968581	408.5172187113256
169.46343938418053	74.7195554483905
276.5371027708437	87.33941012517133
42.72674429634405	73.32559782975936
132.1292321608406	0.0007476273648854234
30.978459321070375	62.73389936974337
56.70670662402852	332.01938487401145
184.36028458516083	291.5147404970006
387.94689881298785	360.5363944737977
379.49333130519653	262.02310160549683
117.98362874560554	351.80475377840156
107.89494519662868	366.7754435493229
295.35156855709073	19.059712982984465
271.5493689713713	395.1295278058034
312.69445796739734	301.46943935659124
121.17568931032064	392.08755597643216
10.997608379958395	416.95066128891335
186.40569033490112	340.32317884067834
284.07668415623505	139.04021150681916
107.57700110879995	318.72433148916645
348.15767733854034	224.80725107983147
235.55548021055134	387.90248694366534
14.128824211549334	161.35206625842088
88.93187050539815	191.6465379952323
96.97890908289081	282.55161226483983
210.83078744275713	394.976069206172
106.99402583561525	192.51366882682973
21.00302936467359	407.0001313427108
322.1386610515259	260.965313871082
133.64616440986188	53.99368659189473
326.28372230969956	64.77757125030386
346.8668643625103	335.57703514498957
4.7514758055381074	43.538221396133395
405.54660260480165	57.93172512241623
42.18148304660534	335.20421364706016
94.22252204679987	173.1888321555497
58.33129634498186	200.07551066227234
408.67294097096715	106.60256595915477
9.643060183575791	390.1982301443731
164.23121169135447	415.85653060840235
290.4971515930673	396.4798957759483
260.4848173635304	417.6898633243222
247.42089465067457	377.54101909262323
222.94352164773676	112.95873238966452
306.3609901765694	69.50139004287944
209.28861630688735	409.9845821937644
217.27136907342333	8.231422939226075
212.2330577439796	207.50351898194995
263.44601013773587	119.2615064585426
392.5722277636016	163.09802001875858
404.2641626563052	124.36043018316595
305.0560038489817	224.40313356751255
335.9037642368015	397.9033276225307
309.81780443728	118.16970020566606
190.10140525070153	47.80179632296335
231.66739033383772	219.07664765622556
312.47437629213846	54.912683143237466
146.73326807781726	342.4545534940454
387.94773638334084	307.9405430242728
179.51061261815562	105.9978137794283
106.41635320392716	211.40289836667066
322.1288266139734	171.71976309602707
90.88145634504804	406.4732154816036
224.84340154939116	405.06637798586615
17.714037132164382	366.0172936874719
161.3389709686386	397.4395933652399
121.77132704026019	373.494988606617
245.83285746145424	107.25601355051253
280.9052586280987	302.74054165913924
250.5874433842991	262.1068372055843
376.2980154705302	378.8155287718942
302.1872579911784	42.28981514762322
390.8613642718468	21.90435071154539
133.8069328905116	14.666138291849938
147.28230226599447	364.47434885492123
296.15465336471544	204.66912926087787
58.66757458973954	387.447342684143
42.37124139505144	300.2419999264976
35.87045458148619	203.83142058787936
311.9215898172623	9.3448159742126
310.9456266101827	86.04921121996892
154.11803836963574	303.2717368442847
366.93664572647225	328.4317180099555
274.98424173227	354.36540701269774
312.99647923848664	207.98271469527174
398.8442592961632	176.24010012884852
403.758377489688	14.281882108534527
386.4512819946916	391.1131892313056
63.570659403684076	167.8526750570546
353.9840961528212	136.1720501004238
5.794985294429076	125.26185946066656
218.82426396085182	383.1585125392961
371.59393640321576	347.25040748470803
334.3445759222568	179.97327112962785
213.8693123182506	181.7507135625005
336.9565196713002	99.93444722364521
196.34371967214446	137.60411924981358
355.0309013239288	242.57633556176302
320.18195538244964	129.7617390096919
179.3924535950797	413.03250684506315
134.5864425554598	194.29900211385007
360.3160723794661	96.86419021637424
193.97054387096512	108.08586668396029
381.8518512001518	148.80503203580562
294.7675200745353	158.33846881838693
258.3912556740934	305.3754280696174
210.26069034395266	125.31292371397367
172.6203441407759	358.1427048902563
281.89378944721284	379.714730247568
147.75862673476408	164.77152212741217
416.39314690906826	228.32886983328515
78.051367365915	286.4287146010504
61.5797774458741	363.17822838777215
245.72573896934307	202.46588478378087
73.41453112392237	55.156466258662455
280.7878497376771	318.8084002981859
103.82102923518175	74.17064956296763
199.81964186336435	83.97182486240881
15.383873993384244	179.58166530422204
411.07337982595095	263.2212263018555
180.82291252441942	244.66453028182013
185.83522465785938	8.077404136342187
217.53286471233656	255.25148208241785
165.2518251621779	242.00251457113023
50.98285831413351	267.0939039104345
324.37956764361803	192.11026005700222
263.7495493106625	152.14766026285076
399.3354873739494	44.316424898849014
411.548109421421	1.1677272242454306
200.7668448311535	320.3695336101069
316.22800747279956	155.10112572029337
87.77182687552404	307.0596009799017
390.0101945733768	415.7766455347157
171.76421138390248	54.780609992561985
76.51302364541807	410.6007003466425
150.64479664545158	249.71057378812364
2.78037712579716	213.57029764006012
175.53922576138345	156.33658154556704
262.994907604498	254.77977013563572
8.740177657913726	196.32964926255187
286.1916164730958	98.25887502453568
45.2542499189501	217.26127787809813
21.192982018790396	339.9992042325952
348.5321915203745	26.195192644247385
406.83758466480253	151.76083221407885
319.1721571821114	99.69211229208514
231.47860253094612	72.64659400087007
332.34555785978927	277.3593543697497
60.828360127805155	345.6992497857947
163.1642328199132	90.65873119814044
149.83147317374457	379.9284639192707
141.34756665037116	125.53425252228189
137.07791551840958	70.06512719662679
403.1541516522326	241.42053285697563
291.4532213733103	286.59752273643244
34.52430460017417	399.26078924944767
118.76657404572973	254.37044454847063
39.22306615727779	48.46505430669417
92.25552169917658	22.199262199436102
218.2049475889222	330.9793173850782
49.55544924995868	399.3725382189279
132.32676528622062	178.56429501882576
12.954570479363346	223.57820297121367
126.39950817483212	79.8602797243415
89.41489736417948	216.2067533371525
368.01897444763335	10.864933545437486
134.05377963685083	241.02319763472133
357.5113112348645	296.2517555717479
256.42014412051293	365.25116649863025
217.37506950608125	289.4534124014593
308.37323291941874	396.155352593137
46.2157026416904	168.51486500071326
119.4843196207532	200.75288091862467
140.416233375565	37.978421982725905
329.53810119637217	112.61085160449394
290.27966193097564	333.51099483584045
303.05914819122063	189.70722892444385
269.32685923484723	373.20186368869696
223.4566567221299	369.40826826037176
185.08957903373286	189.754170109743
357.72677883683093	373.77456119422624
388.75086659022884	338.3074004023481
56.20023561737353	79.34141814930297
169.54681718039419	333.38328417416164
171.2875858456553	18.057178296706066
6.642665832323874	311.5991041763248
65.15861805873605	311.9384643599807
142.04587738434	102.86730385608915
139.90638963149243	83.99805327409318
29.586220770069342	129.5077493351346
184.04166615987026	128.35257090485507
47.34277583311491	316.3552264000621
16.158043802263578	21.46082530382846
125.35182854481495	164.74680712658133
164.22416164525313	291.92137470039756
414.1287436547715	298.1567296293736
118.977943999408	282.7432486174312
405.8280278761842	392.1226000606582
88.90694793652891	326.6481033878856
3.203814920359397	109.22279266332347
154.16897777223087	221.9326791965008
17.438934007706933	281.2154846085439
25.971682666649436	96.12588391691973
300.4427818637836	382.8491101743021
73.92974387280559	376.31365070217817
228.0132465293694	343.4617028219934
395.06974534353225	261.44983162974233
179.4376100163543	84.8490544160129
329.4770910955537	369.95397344699205
72.58405875142061	14.593674009413682
393.30223952155814	294.1431556690466
16.292267888326887	238.0635722906675
270.12733789648587	234.45160289903785
20.806562622327416	206.14275220569675
384.68777832191176	226.1951289621224
396.02560592105897	207.59492618474576
271.81552966620626	105.05288422931476
156.63922216331963	31.502763240453298
104.94361027613006	400.81077348853347
64.5291503145665	402.4282661599159
164.10000250479567	376.2180333946508
354.3205611906957	151.3047783858982
75.66024181319014	267.16601255166273
28.64523359626332	5.028869540066305
343.03355191010013	56.540509203225376
248.87774883518378	336.31810080024326
315.20769695921666	369.8272579427681
245.03293089817942	181.35091099873435
97.11136168771137	43.63595276369297
353.4117734195411	349.2693031642828
145.6877292390248	410.3541671956663
330.8687399053689	24.41517714210481
249.06732084947893	55.37735351731449
44.06888817470341	234.72452502548305
295.712837645225	301.47804959418755
241.94786220855076	312.1174467699647
18.31350845122175	114.36647052447643
161.75429278666175	263.82450561610824
262.80915679115236	84.05819196328092
262.84892904620574	324.75378964686723
162.4440635489914	167.34048824304944
293.666074224272	84.95468250306025
122.07522825335536	316.0711795395324
34.1608852211946	176.44165205906225
41.48971966190979	89.32699494478905
