362.4184055295619	308.01297683965294
261.40145974494664	124.75249804662359
250.5875030109053	164.46143635031743
286.0613548925928	260.32832260446145
268.70195125952995	338.907515949852
85.38070556794341	419.2320158842138
271.7299686707131	417.9034130365301
254.6270013651504	403.84425035571536
126.38949966573132	221.31845939113708
288.2152971296368	9.166738930652988
321.2946734757639	29.286438968774466
38.7307703497723	252.703920658676
69.004563803022	228.8347340894803
131.27760944550016	299.8951383819469
4.1167751917128905	345.1439702554023
334.85689223012287	242.18006387023962
7.335488087199849	325.4486721034251
375.2039240708837	175.56982530087126
281.3970942422772	355.5820860703052
96.56163488015918	99.01202826769996
186.59507615577436	259.73079946122596
379.3922396003648	33.09483426726967
146.9282017224588	403.84570290629887
78.72797932093233	246.5306765544901
308.1847984981545	8.03954152157257
33.13128006253779	228.29602806689462
349.9940309989762	7.710276743696024
185.31839512081822	382.3300768797686
348.2290925555104	367.11869114381926
340.40503074415443	151.93599990286233
419.6477889743367	304.81667710969185
402.20486919885224	191.67947961803821
269.4338247428963	19.60808308297265
117.75586467329855	116.88012950768301
387.3689010803468	50.74988806809972
410.82341127277937	285.66753039851494
180.74683563322859	143.79196063753233
155.0358453743876	282.54801555664125
158.90631277166705	125.39582719286096
221.80195426693066	306.19823909702677
332.6977795065456	353.39405666668034
84.2951350671576	139.29747976815236
125.42750448996159	353.31500823816253
116.88602629330785	31.602270013523388
231.79933701381964	194.93766544803879
279.52010835265946	155.84772122931773
322.5306159890847	335.5442853303502
299.4922163513508	141.228869612427
33.95627352831518	185.0082294920632
248.78885576877568	347.5023373978077
198.1403599083107	277.1589284457284
306.62471974448755	347.29556460939386
60.36727321008056	119.24503922092994
382.1812812987396	195.39399998060586
60.674651416987246	254.90030844859984
342.1218208469436	333.1850248158783
2.535356829865284	136.72266044291604
92.76396112809415	75.88661427309037
100.55660362814032	15.37125551008995
152.3539540130092	323.08491347644855
197.87631934503378	74.31415021923571
369.13773745814785	59.602515651762296
280.97973501030856	175.29031911764454
237.0044885554581	415.57427159089605
299.8850549927507	368.0225633567423
280.684488386041	114.37829776321018
393.97456017483137	234.45020975404762
255.09909803171027	65.77341072496216
229.23988139879967	351.4283128484465
184.13706871389564	41.6362095673989
35.068775758406105	274.86766371847546
410.1559949122611	401.29212252237267
233.86907102875122	234.69951100043906
356.66685776057824	74.69841384310809
36.31493970187739	27.023747568957933
202.630025119521	308.1489337580774
240.51891782772967	30.674415922836776
167.59604497921873	189.81082536799576
406.15051717517224	321.39063135416353
299.40519531957517	182.70674337018025
355.57241675917203	122.54147455411893
202.63899112987224	12.175117780496617
390.06780726759877	274.15793300590934
129.44291941516877	333.0942089421149
386.4780527305625	84.84445513537466
222.1213700299524	46.12252259598812
276.7847173653219	196.94504863903077
116.08393861783841	237.86484341941704
216.63532278473434	82.94969282367703
174.73321164713903	276.9810205068383
175.44080983809036	226.75353828150435
97.42056245052119	124.61663917826488
251.20515359490625	225.67907941612407
320.51495669093373	390.300963165007
404.98346219747935	123.41721902082847
258.54047172645346	37.92557283255726
18.706320385128244	264.4683458873462
62.17406314128665	139.84218610578387
49.64435750215964	173.21369583315808
30.50919552416986	294.30090013153347
292.6679911167613	241.29714944896403
374.217409432514	233.20960136675512
227.04053397347488	271.1449403815338
157.45968089644649	210.0248804673322
360.19799323337776	36.05215103606788
333.0441170789266	277.5367631914801
104.16808134812653	59.9246956356382
57.34013669119356	36.712464617014824
357.3248006190116	185.15480514775513
108.16309627373353	414.70598465884393
413.28535785685114	362.7255687550001
313.81955705962616	283.4688795815503
242.1044729367536	127.07537688446655
235.4315241878382	87.67034259323812
257.33350702176966	182.5297632822488
93.50397668414492	234.0364690693127
75.86839708709472	44.13400789354605
205.142870474295	32.54278803574983
331.7713140726992	47.71771979003918
413.54474024806143	160.43277606855665
237.10239450011454	291.5022021050935
50.1195437612501	288.96152364872205
3.458712069878559	73.89521151458771
329.34298448930366	222.75898052747172
136.1143039707168	279.1340528866825
56.6206682891485	98.83906318526924
272.48827940692547	279.77097618441576
341.96021210914375	200.11776049685776
314.162231121993	317.89210634061214
6.9448445256170395	94.81593701796807
342.6851216590217	313.5454708804749
305.56824824672856	265.7522756221328
28.83765768554052	329.1724174309882
79.41124564466811	113.22516178631777
238.64897982311112	146.29026934660627
216.21140787758316	325.09874541978024
206.05066063721142	259.4522758260512
176.7622258025814	206.66604332894775
269.31669506985605	216.18626082504989
282.5070996350405	37.27244670598818
75.33354216095931	67.61902635766275
135.19643422682276	202.70569821660325
312.5686053508357	244.86123352948044
253.00988112028202	276.9586576808292
363.78323906916694	206.94543792880037
212.2757912431177	212.5617632063276
352.4870982646495	95.6538633110633
214.5688682820539	231.9258512069242
178.0733768353329	168.8369707708933
411.40183734004125	246.1118417598286
193.6712185486618	220.31903218559307
272.29696830825196	53.95772833493851
215.8783509111901	158.8307030097808
333.67149330861537	407.8884278796951
161.00705118106606	65.52026640763746
272.82728441379487	73.83983154749924
41.21473508300714	68.05622796091053
119.9000797444256	12.410660947960322
18.693503710326933	59.536446354647815
70.08141784054979	339.1967368609712
188.85614262895004	294.0350176358555
394.0097580724686	365.9327722482664
361.10023120308813	270.75518310802727
106.26217111534767	349.89108844914836
99.02266407875764	377.5115576975436
298.99372045856853	26.869896920339535
279.3712503380622	396.197321314614
325.33572210002285	301.8353549654583
127.74582201804894	403.80255866885284
12.773278216790356	1.5720279641445671
190.26541939245433	346.34904607048475
280.2517860517719	136.35167439594412
96.73663953865126	332.448310867452
349.0750157421047	220.9105508252705
220.21407524258134	400.27176455909387
28.4482503996811	140.6367450412566
77.67885058138808	184.33334174956332
96.99790967053143	285.31251841924626
204.9233825448419	388.37061539508824
98.80547348684912	181.14661481399966
26.94312310388954	407.5438171401411
324.52144036988716	260.3670842534354
122.70046175830764	54.21001847285586
337.92195839220835	70.16892037765892
356.59662866519113	348.70958710316773
5.689479484386454	43.02870388259195
405.2858193096991	65.33506720727252
47.263395311974996	343.7368866935134
101.45040103481661	158.5031202188639
74.66579892098162	208.94077822885626
406.06757844590777	85.6545323686679
13.763207197279794	391.0768630754296
159.27855975722116	5.811636932323758
295.0309749223185	408.5060993742839
248.23606531478066	11.103786710782515
241.4262562593293	388.3316085086165
212.86611240744978	105.24683570573745
297.2478726291174	64.9712153697616
201.68071870069113	408.0902077846389
221.30472032126482	21.121648338419597
211.65940708053898	184.74477757969052
254.7692785887953	106.09425521469697
378.21138065075195	153.22019685555307
392.81071608245935	107.46897635858434
308.48751621068885	224.47915137497418
354.17009540091163	408.0718574024322
308.1150045134666	121.0721429710549
203.69234993282942	54.80305021123431
232.61692603379137	214.12027634987362
318.7809419678784	65.39577064556396
148.0295932379775	342.3814551637582
381.19888667421134	313.41685043762897
180.1993082276358	102.44617872094537
107.26880362573401	219.4285533585756
318.79155513461944	170.25614980670454
92.20601856547877	396.64799483755166
217.48558331209435	419.6095199231446
19.870196566747076	368.7173921244954
166.53179644266066	396.78997208117926
123.4344846248606	377.2466026538743
232.41866542474713	108.97826823087264
283.30758279296407	300.9164357133389
244.0918542678268	258.76238194604736
379.5980125917676	380.0108148181392
305.7515949126608	46.07246761465243
392.44761799041083	14.767703148112908
145.0386239932853	21.580421470919237
143.72667153609652	361.70939510470197
289.0462628131756	222.2510246287565
54.213641830124836	385.3125000441379
45.1755125514543	308.5255634592984
51.8242077218856	193.35693854971169
330.7351507770757	11.35555874914085
311.36902388785836	85.8746868045179
150.00342810458298	304.0648606079309
367.7856246263957	329.31036780420845
262.52275072413335	362.3006800373456
315.517515045704	206.2721434301991
396.90234096290163	171.64432108900868
411.6558725243396	22.541858673836312
391.3580123256914	395.3698437613323
68.07441502889428	167.62047762913514
357.68207116234504	142.54832730221688
17.358499918725737	124.056120785454
221.9760562816408	372.39527643568306
385.0501031365298	340.4291873629135
340.4619317732605	173.48747307303725
197.61175405307145	167.0289680853021
333.04221005218005	90.05316923761137
198.33592687544066	135.67123286112837
355.6214095651206	242.50745749986666
328.00312289448	132.3415907313017
182.2034871107556	408.15661094077694
147.9365572229863	186.00245577489528
373.12673038713785	108.12191768799303
196.17903073852165	115.87810589609181
383.5208125618603	132.36946793963696
300.0684192123049	162.3557208701867
262.15998201706884	297.6505736126928
219.80414000783836	133.66472862138082
175.18931667301467	359.0278585091795
280.9659224764564	376.12787458102287
138.4104257257496	146.546236557867
415.46889339610004	227.38704085115165
75.79936067131788	292.88787226204647
44.9117403012804	363.18855888289966
254.29630325644584	202.33506903028263
57.87630666875504	57.029179417719334
277.50016153546363	320.98870896466485
109.80057181305511	84.69059675683167
197.42309090442973	93.53652340880579
13.291677711999347	154.12000942005642
418.5277289723599	267.1708159085086
194.41477882255114	241.59600140657258
182.9244869972625	10.172864571131505
224.30174497209381	251.80358847581118
162.14263766773954	241.19156623330662
62.94774973292263	274.7215889299175
324.9857531358241	189.55118770481718
262.3694557957316	144.23845463645074
405.8756400960586	42.70053611968567
413.35354667784964	0.965632765574684
177.5260137009614	314.0838192387271
320.66356820527767	150.9769811972992
91.05362570944621	311.9957805463397
395.11926504540634	415.01467750751505
181.96124865007764	61.37945558253601
64.66331852781973	418.63069358894256
144.39394729737685	249.90476377390067
419.75375804120483	199.6044818679407
158.9853244791934	148.19327369252318
265.0750036347677	259.02117166138754
8.56728536525698	181.04029017990183
298.5312060166042	101.43945009006515
52.10433197741703	216.0388677066121
26.368841172838618	349.5745901062243
367.43000835793873	17.69881304758983
398.01486007114494	148.31525779508948
319.2359009147611	104.76715750121024
230.14621485551567	68.8122771564148
343.69909201889186	261.50862673112493
70.00751892908038	359.77840668410386
160.03620773454676	103.78030275693101
143.23796582988098	382.20626007874984
134.11822394984782	127.49476186758133
141.83748861891527	61.82919810899326
393.6155899462288	255.1256382717877
294.55352533212647	283.669499312397
33.53577535465684	382.7557488911447
105.06568804869688	264.4885720440707
37.30935503735617	49.197089158299164
80.45944583814962	21.453280393734936
193.69430042660912	325.7716699068436
48.1856563618006	404.69425581955954
137.7454281485063	169.7037066298326
13.964394821960804	220.63160495671173
125.12369027760427	96.77500887912214
93.39965423852551	201.0451155854276
375.8521201259164	419.3603284728381
125.44485040935723	255.2077488808035
345.6196720215176	293.6766661077134
244.28248398366023	368.7276632603771
215.10089016613247	287.41580032933564
314.1934254183532	409.7992811060573
48.27720046040307	154.01762654531842
115.70881648941311	200.30805592888535
135.98674081899546	40.02337575774723
337.89980721685686	111.21380059870039
293.97671605104824	332.289286483385
295.30224563671817	201.93209214782962
262.2075387176275	381.4825394035284
199.464441278996	364.90326461463974
189.84871773126142	186.73142513391267
360.4303865469131	382.41611002490947
404.7109366640724	341.0118964569207
59.18187087407944	78.57607471950004
167.83217161942565	338.02853622945145
168.52443781560518	23.258869131198853
18.645403483735702	309.674267536933
69.80542264536611	312.0437438176381
140.86152077204187	108.74742095487737
145.6871788386805	83.473855863229
42.04933191000665	126.86820430160975
178.10129749262805	122.47949857655207
55.60613409811434	325.9893664063778
12.198338217471528	24.72471353833274
118.84798555981685	139.67277381781375
168.8441521458098	296.6801120457371
398.17700351324976	302.2735257177732
111.3275335033104	298.971110558538
416.16962513032564	382.83742980219154
89.64360947542188	359.8062289800653
1.5608061207986543	113.21333294836874
144.49746613405378	230.72203752836526
11.187919583496214	286.7256624628054
23.081627050632033	80.26824829901183
297.32711865159735	387.57360192602965
78.16507817382546	378.8453046650441
209.73948493563037	347.8340549399112
371.68516598498303	254.73240907798908
179.6783200708555	82.7203896649253
339.16539587018343	385.862725472568
61.33824506087264	17.737082513479894
379.4624502555758	293.25543251232375
13.89084715803153	244.0794250948603
268.75403921896987	235.9119723623223
21.606350598493847	201.66684416436522
383.314688885012	215.74554958469446
403.8705158488808	210.8043014583204
274.0608893914055	94.95165028785567
162.087248069633	42.875670106786544
111.80283030748105	392.5545914517833
68.44962378869641	398.5565871794018
161.56003472351503	372.7222825393396
359.1649379357528	163.67615137215796
82.2540340634968	270.9603693983625
39.107523905705996	5.799098328885399
350.0414584206036	55.24197707454106
234.35776404488132	332.78565364493437
322.56327158432816	370.7847511405636
233.4006041231475	174.9002657645084
99.1664854288962	41.11176164972815
375.6978750171163	359.73335384861537
138.57021157541743	2.776082278626647
340.90799784248804	29.02791177538871
241.0642661956205	51.92635098336496
50.976379222943734	235.31007767719916
304.8532194934241	300.79795732399185
239.3650708634845	314.27710072284367
28.840663422129758	104.62878915247725
162.97442508299497	261.77838999485954
256.63608746862263	84.8732036415693
257.2510132697447	321.25328729428514
157.77367021841596	169.28185853246916
290.9218313326598	83.46964769728113
114.27503779465783	317.96110380429616
32.09497971162478	165.02883494576793
40.79448420805038	87.57495123843796
