365.02393819162523	305.98739064764646
264.57741603926956	122.11251610496106
247.00097658188844	167.41281122774376
285.37840805776915	263.66652685527845
273.94832834664476	338.2610716540569
84.4614774957748	417.06412536540034
272.39702226890086	419.9028396136617
255.63375130891177	407.1008186337763
125.80016144578958	224.06797484048593
289.36850782464086	14.863420187835136
324.4621613962055	28.8220459752791
37.62313594541931	250.7382827876022
75.17803083300632	224.2029156206552
126.2593535965752	303.2629398590315
6.989454843846322	342.6956654520173
338.6520410977454	241.06753972050143
6.034556551968363	322.42444596061057
373.2099900265585	173.97028829676833
285.98224872272976	358.73424752746695
104.2480085050002	99.91578310555133
178.51033240335948	255.76613779729658
385.8230103799967	36.72365265730108
145.96112895821005	407.56325277658624
79.73936091501942	244.09025539981363
308.90747500410646	10.283669743355192
32.295842025233185	230.04187538566478
351.1366582867823	9.314531340920347
184.21822897372274	390.65206681832575
346.6990100232314	372.0512783631874
340.108702210762	149.4380358643716
3.4391343297241543	302.55047282832663
408.2785841346443	182.65619608279064
267.87412768036285	19.83584921530809
120.43077571241302	113.64946676817351
391.55135134443697	57.07994342205988
404.59626937168656	281.95743669898616
175.0019622721107	145.94452088790678
141.18066508208878	276.87859423936845
153.34226617179706	122.99603337981075
219.934903035068	308.9590948593695
334.0557608918516	351.5164831351018
87.36277625591948	144.0604853152438
123.30313908405053	353.2029781288222
119.87561869151548	30.39640001353421
232.2900898274004	187.80913116584742
274.4770209536694	157.22016415621857
323.2038206747947	334.07994801434313
299.4545679699734	144.87078545324886
37.833019881924955	182.56370411552695
254.85754515188427	345.0744422592399
193.03395695235704	270.12383521295885
311.66110778829926	352.1430833129911
61.04037116042262	120.87202964746432
388.7993884136075	191.3506583469709
59.797676562546414	255.05342401585568
347.6629101516828	336.62634081681125
417.3414191318351	136.37471609990016
90.83854789949605	83.74821501276827
100.37988379812346	20.311141461375872
150.35675006145345	322.10278197327904
199.41677205260066	72.05576157433217
370.2081022074764	58.28412370772301
279.2774763585373	177.17095158016397
236.33473331939723	412.8868924978029
303.1860711595216	371.69603504129384
283.82224631683897	116.0064352251732
396.2449373274329	231.47872908066782
253.61170971188594	63.4329940146982
232.34389052690162	351.2856177094284
181.23051487333706	40.13317801455919
39.147341082888836	271.10000992828367
417.3157847546701	402.75946597417123
230.3727122125805	233.85807761704447
356.6321377687737	76.59783907109582
37.679115693780076	25.997011920030516
199.89760002325377	306.1399749990009
241.691163629622	26.836650981016057
162.5972922907893	188.49922714456656
405.56680537598004	324.2680910524822
303.5562168360622	186.3105566545549
360.8015980861183	117.76937101729388
199.7852298982315	11.330940678779175
385.31366586179246	274.8198643482709
133.29428576861326	334.59623721251705
380.58068904793004	79.65185046096298
218.4068065182063	44.150003271094235
274.91368460881523	197.83223337828068
111.4590649716551	241.238940450773
215.26098277528575	85.42458723344846
171.38938768672918	276.706717869741
172.8048924886422	224.5847661215579
96.2096336386875	125.72548174984003
249.45026442023837	226.0193261229252
316.4196011965823	388.9238178485233
401.3765173955534	124.30111050306851
258.8631666683056	39.27394512273454
20.87746604074813	262.1085472600501
67.23544563221436	141.10776491472393
59.85727162139506	173.5357472308733
33.97556279822618	291.51328677702503
293.0896636893798	244.57538744558997
373.31076035621277	226.24390273213317
222.7824488450767	273.5974538502668
158.15995920179583	208.03254174656132
365.6171193427769	38.46369897363145
336.76233634361967	279.12353080062024
99.18310089091845	60.9868614497325
54.028797922996546	39.44384137304707
354.0312697306829	187.30012816021974
104.73504563424929	412.75059048947935
419.0357025202653	362.26341195609524
316.80337011961666	286.89225259434727
244.75507026169532	127.82766935179457
236.81822490811703	89.70352374045999
260.1771470930211	184.1436325564262
94.56527771416044	230.27694426544014
74.02213668747274	41.045460913146606
202.46660652706942	31.56176858368454
331.2448822287398	47.90551452438447
415.2167334470812	159.08894708544082
234.63420599795992	292.1128640382424
56.14274945872034	295.23874146622
4.180394041124217	77.68578563707656
329.16718941963643	223.29246785786717
121.14997724318631	283.42042856811406
64.64189476606299	100.28060598993116
272.1193617442263	279.1234769922817
342.85021011542204	206.69814532261225
305.7784971988427	322.18921144769257
9.895096375356315	97.89852072653932
346.40599289723093	316.6521987191712
308.30163245286525	267.45670607331004
29.079326520951117	329.06949613433187
81.14802370413187	111.95735406003017
235.72413556203142	149.62034376550923
214.19890145283676	328.5020531263863
204.8516278559062	252.252690479754
180.57603516403543	203.56183579846265
267.07355951490615	216.2422097070908
281.95856575113976	34.56989981073256
78.7879410629878	61.70138130420068
137.17853090515752	207.5546164825468
313.4052466597418	245.74039826950835
249.53732628536298	274.41928717749437
364.5536155203887	207.58492023852347
209.28342110028586	198.85020897062049
357.56405795325776	97.80007613762601
210.01091505323672	230.78203063715492
170.54713087713012	168.01631198890144
412.0174937659443	246.99797052426672
196.28638083710783	216.0839687039792
271.8172285054552	54.71464592587519
214.1228318975891	151.23327272924806
342.3763874631319	411.13167069994216
158.83522082719935	69.77072344809702
274.8380823968415	75.0297160435098
38.492144072463375	68.0332623611928
117.62392452975887	10.097889836582665
18.082645468968767	61.32914368220928
74.87399506290424	340.9240721394331
186.8668986944386	290.83581411338264
398.02162748729745	367.2977488461239
365.79042046857415	283.32094252511035
103.78132041738573	348.4365915817827
99.98321446529842	375.82747037984865
304.11627168734367	29.92099076455942
274.13679655751304	398.0564411741725
326.0080115056159	309.0889627470707
125.49653292019974	410.4031259394151
19.065097916412594	1.8094603981525617
189.8637893567225	345.71005660512515
279.6202727518827	136.50415547894949
94.0662294603448	330.1756861528386
351.49620167538563	224.8428868319283
220.22624640367283	396.25625394035393
36.26232306041685	142.12620735622696
78.8463311382817	181.8600029184472
94.59482900728257	279.77595340057593
204.46457130027352	383.5087946018493
99.08947202718412	177.03822797293074
30.29935256509263	405.22597730430414
327.5128159150961	260.2461623836153
119.71660504642617	54.30085136066436
337.90240272019315	68.82372874160538
356.8477310548479	354.4046816833116
6.1721159747323835	44.14128900649634
411.44391415497637	61.28744025104798
47.23324591656929	346.9487683574237
108.7391468411849	155.5573318948398
74.82604717335674	202.2923594186389
403.60400595945754	82.17439681515636
11.312445968664957	388.11344085812436
159.37170608138058	5.170243129171863
292.92596234642014	414.4857841741092
249.7614942061566	8.525801286689981
240.50146999550572	390.57948123582963
211.2691823356447	106.11807653493806
290.57341236238295	62.06363401690055
198.67775689575592	405.5600220532387
218.95728117054236	19.996854657107026
208.09076789648037	178.47501894538416
251.88776475080564	103.60072438850203
378.2394179601884	153.12968723027217
399.02513461410956	103.5515110958329
307.08439143487936	223.11643849965807
362.9593904138995	405.6929995267501
312.18246042000806	128.15050725716077
198.90218288154603	51.24457105361417
227.61780077365339	211.52552275202052
316.7797811447955	67.44794425526949
149.03733219309782	349.37369658464576
386.2040314810033	315.75626641246356
181.69005989213	106.37956607818725
107.35178124062095	214.63240948130058
318.5087951697349	169.76936365258456
92.57518864068243	394.54503840472483
217.30237336259586	419.44539090423956
18.56145968161545	367.9029831379099
163.8103854258864	395.90020902952693
120.30232945040609	373.2415399115053
232.86372295859826	109.82352839843037
279.6713293031305	298.4543350202832
245.49020068607098	251.7897259596518
381.3918927875303	378.54108548121104
307.22383270888747	49.82342009095068
394.3392076607369	16.28308907318039
142.91090390728266	26.65119442826487
142.69953083682663	371.5982928492533
286.4845271330532	224.9711788364443
54.10949504416447	383.4393138896614
42.98503401892218	314.46677844885437
56.62844237270155	193.27993367802813
330.72411785101787	8.748470695641414
314.49100998141336	88.61852867086624
146.12730456464774	300.5724547728752
366.04228082820583	326.6946288596972
265.92330431831	362.73924294619815
314.7319206691848	203.4660041644943
394.52993282834007	166.90614275249553
414.7021675345245	23.48275930596447
392.06357522940317	395.7719611951562
75.30651998519731	160.69736072116612
361.0999837850296	138.57621176116194
16.983672208084275	125.7158516903783
220.3031828324079	369.84240851596115
386.05097992847374	337.23135634959135
339.72429170591494	169.85922114713827
192.89928480328282	162.91404507257693
335.0347092299957	90.36047312403274
195.1864661167929	142.29698218777952
360.30157181702026	242.95061644049827
333.17265491576615	129.61771319869152
179.08756632206368	417.3732186005469
140.17120537377193	186.83389013332274
376.77685260352206	104.13167707552697
197.24181479698692	121.00779039352065
380.3212754733022	130.481048169334
295.9489606112175	164.90800568691222
257.56515507351287	296.55608231468074
218.88676587941245	127.46690973016436
170.98196141996848	354.1328984065322
279.7937766857785	378.5066121970847
132.477861284585	151.31084162392972
417.2276267020404	225.27057758217595
76.07647393770965	291.8574019330368
38.658145433618756	365.87508418278406
250.239149033323	203.5173555958555
58.47808109065249	59.07312356328447
283.5486767755856	319.83158712673156
114.02911044469172	75.17677957320154
195.46037568741468	91.73300807914335
14.226288037838591	151.52550093398372
0.41441178558055275	268.69694892628235
188.19531283651006	237.36764711948396
179.76638486379238	17.938879410465958
225.2624093962406	253.37512679747243
162.50142758901015	242.83778174939383
63.97491371483112	275.92776115838836
330.74055244962267	188.88757365866422
258.73517874987215	143.78273366214736
405.66327122327715	42.13594275743303
417.0798603643718	2.902064242301761
173.7142830255815	315.84527404969947
319.63814023986794	147.09477812582924
89.78031392513405	309.5705496309988
397.16111285426786	415.8087858061798
179.7466819162559	63.8652578520124
64.33336985272246	0.8979276069628161
140.48246481319802	248.5175566528424
6.800218018553408	193.02651628519234
152.7951860573194	144.84367814342153
264.72983076522735	259.86588637883415
17.690305268095926	175.666799965631
298.8704601528934	101.71351871418845
56.19022890712857	215.94033856304273
25.944308324134706	349.13326885733085
373.2653871221633	19.805631794292616
399.4728280270043	145.47466855296605
318.0983116675335	108.72607297724669
231.4567199733419	70.12109641299408
351.70833142366166	265.451609072091
62.012981311304486	361.4656493268872
161.58261620484654	99.92357767823175
134.21580890967226	390.02526548974225
133.23975458085377	131.240778419104
138.76490743374495	67.30819331610999
390.61974366696256	252.59722667246086
293.6297088522034	282.4924546744
31.949832655689008	384.9382140548286
101.02971027507913	259.68450829069934
33.40039818604725	47.600967931077875
78.6700350382799	20.832057184973944
192.11348574582777	325.6906317479821
50.782351098673864	406.1644268300227
122.03101561357987	174.73789727967227
17.05255201081182	216.93690350646497
123.35468761276522	93.4548200227805
94.06568763644476	196.71007460815366
377.36752245613826	419.6993656694802
121.60173470525058	258.4932314775275
347.45992411681783	296.045334997615
245.91272003865222	366.83106648271536
206.62415456997155	286.88407293551984
315.2860769791709	409.64121802726555
52.32916175256993	154.5947663642285
120.80706718853911	194.8682883129695
140.48781924868365	47.192115078653444
339.6726949568087	110.37458368454851
294.4006830779474	338.6760706171007
294.09635654712713	204.54489440382642
259.26287820475864	382.7887542357232
193.18487716117156	366.06349074607965
188.83910254413138	183.98539330115094
362.36592056285554	384.88898596883723
406.219586683268	344.2799209667091
64.65851794390666	78.1749138412252
166.2599191484762	334.48778639030917
163.10985032545975	29.032599362434997
22.7360214604332	310.0985999142338
68.25337307384511	311.89037292837287
139.72991784567523	108.0071845251227
143.14556798059044	88.24483367141092
37.96268390910081	122.18789076159865
173.84609519434676	125.65271634270964
56.835829694649654	329.2702030173683
14.860667875438006	23.32047482533049
113.70730026153944	135.73904326647653
165.7351118766172	296.10375033800716
402.4581620162442	304.1009972885608
106.094753610282	296.81838845264
409.6129517469238	384.2188322919605
83.56966273914064	360.2665219563484
419.55179291535705	115.23918964208815
148.63042982176273	227.04706298350257
13.992270023314447	283.56358755849124
26.183887982809225	83.9132586946069
296.12379341526974	391.3196276625634
76.05895769586279	380.6616365418877
209.43181336539274	351.5978091230917
371.0627858586399	260.3323590152307
176.18965774337724	85.94859395746445
337.1446209465823	389.886522897553
56.86680488757655	19.59785050488162
384.2229146586973	295.3336216060338
15.269090905459764	242.72274674774053
271.7951413656562	240.76600831438182
26.104114645808927	198.79490256105197
387.9476204638813	211.54519517737356
408.5236011614451	207.19149520578856
278.291970633419	94.74697736927648
160.89581382340313	49.32903989509003
113.87641931218523	392.8800086266858
72.06304569322765	401.30129005796545
163.4178582977745	375.8429275721952
358.0652670255015	159.88893610300107
80.87192730547504	265.15943514184636
41.68980792778024	4.945494156242792
351.0551880095664	52.49669716599871
234.34204845696485	331.3461051127801
324.16341726933945	369.5569933357636
225.32863917714496	167.950163266786
95.7552507237607	40.72303092882715
376.92772616756645	358.6352926006477
138.208773877792	6.280070409254238
345.3799423328034	30.929148843504272
239.84222359190917	48.36787009496396
52.529572371235425	236.07616311638245
303.3024634759175	302.07637341680305
243.05560740869063	310.63463048914906
31.58738366235995	103.19097486886568
157.44244904009818	262.35118212930826
256.2211094718331	83.64860746329258
262.9962912695259	320.8748571827137
149.64066250255047	164.65789042881588
294.0578301186406	81.91717786709675
115.57859094696423	320.73371748150714
32.821210089703456	162.58209645420393
46.83812844817519	89.26273433288522
