354.0926144276061	311.09793785132666
263.6718689717459	126.91817104343829
254.71963904851654	168.2737802241498
279.69049559173897	260.5895971051377
271.1558730867234	336.31794585570566
88.1259474363847	3.1111564338471798
267.1102083234578	416.97116938306056
256.1432126436424	399.8009545308646
123.45613348407339	224.7754218138198
291.6712493811869	7.625181462614329
315.0302984877963	29.198153209827584
38.9645490468698	251.52974870438803
65.27790915640045	226.65146763920308
136.21021630443568	294.10337623319
10.688473016638676	337.247196511978
328.31913365486236	242.6127276548896
415.3331100450371	325.52504692222897
371.78148079040125	168.34714950188874
287.53255367809294	352.2777800203563
95.45761473325483	98.64863553673362
185.33235623899824	258.71471608039394
373.3183782506794	32.02993269286167
145.09448378830876	398.3574308096354
78.09894374593779	254.68775900235408
313.51513819175835	0.6693412072705246
30.242891892687688	221.6353725424397
344.2453915328094	0.05334749911306984
185.71960324525824	390.31040771728755
344.1569705516145	361.91447874742914
338.66473970915143	155.06662306757133
6.774733655188244	296.24457509065076
405.4905133689942	196.10026308014648
275.02980475006746	13.273660066250534
118.29990797960329	105.33440042724386
386.8585548651015	43.80581988551538
408.52861487822065	284.8957031932338
185.43890833762347	144.37002804829933
154.80017971791548	283.27405063745135
163.57072881964024	119.0107594711647
222.27576286775584	306.203444300679
323.08811269868977	350.9942954507932
74.24124381891359	135.03909674147278
131.97106427937464	351.20121894218977
114.21048440997015	42.53605775667242
231.6406599285673	199.9080906926287
283.63288986103686	160.88015375074684
316.67465469930175	335.00261326213655
296.3092368507763	137.52537203574892
29.82348920793094	188.2007443282357
245.69977867844648	346.57390629272857
199.89545765972753	287.72909519257826
305.8296213148521	353.4453848232514
48.221156746146036	121.45970899152965
380.7499283108462	186.7939527555745
56.12182338508596	253.61753160633936
340.81629256771197	328.2071291849062
0.797904049855599	143.60997039830042
90.19313712743923	68.84034411216157
109.68406363848275	18.449018479109938
150.1750330018005	321.9719277158218
197.30455425656467	68.475754524324
368.30961934304264	61.63712308338683
283.4036905897047	178.55649806253462
244.25947775668067	412.61191122473235
295.6733730081713	369.9099419224321
285.39842544040994	118.52293372731961
398.8639788391915	232.46070773995083
262.19302970236123	61.35014583559835
230.22461431897273	356.1426114119133
179.45472570860807	39.33760540555227
32.39210184191036	268.43646006980043
414.6986193699301	400.47373695868623
238.09475163699548	243.5566353536816
350.6628465942352	71.48631090927667
34.37870654680393	31.190122586434295
203.92362773492303	307.7337239909159
250.69594417327863	31.327733406252793
172.33537803096542	191.26821742250078
392.8531330711235	328.10826766890534
302.95284703045013	177.8345958321088
346.9929852120968	123.01925156968584
202.6232960245541	11.392025980326537
391.68318301617023	272.62938965840647
134.32568573281057	330.98926679917923
373.6339944833932	81.26603024870502
222.2676162803126	51.998067351570285
282.8457304046329	195.80133655324775
98.84319750538046	249.3702469429755
216.4967560772581	78.84234008565193
174.9660763887579	281.80002161161707
183.32007100923965	226.70664454172953
100.39753870530325	137.01122876714064
252.85300357869897	225.2762180634937
322.5661484677211	389.38262517456997
406.79143373317027	129.35889684639614
264.77706721875046	41.749342975965604
17.15975536963147	258.49006100384594
53.96209917551678	145.2740557275961
49.01238250455884	181.44752973658038
27.262093114743358	293.4823389093775
286.17120709032406	243.53632724782292
371.2145033875762	242.4095287753791
229.83341214756487	272.47454702864076
160.13727563322567	204.45909363054156
355.44656091150745	39.037894028192675
333.36594794639916	290.48769869132195
100.23306316056583	54.45333096121089
61.48469549504734	32.796890127622895
362.675656034122	185.75019787144882
104.86743881803339	414.4872434427638
413.32665269889225	357.24609228038446
312.61038300810634	277.39702747916436
236.98138519809308	127.30641964082348
240.7560261597215	89.41692319248978
259.9983110835945	187.3757219220017
83.55912891640219	237.9539887302641
78.86978797922944	42.6392424424245
200.20687849933805	32.31815315978497
329.0656119164447	41.4402274795495
414.81772145458837	172.0752778135592
238.6648801589652	288.735901788948
56.882011591832494	287.2033727730746
5.417478138761444	65.38866423830848
319.88770917918146	225.68452247818976
128.94178781765493	272.4078697819046
58.05100565427711	104.73724955986576
271.728211297897	282.84877442711456
348.02621583496	195.80845334594932
312.7275479851823	317.89322270346133
8.1201069368992	89.78641892093533
336.51504504163336	307.89054104235385
303.2302741025794	260.65734492887276
26.479828998912364	326.4504918313743
77.49773047559782	110.51261953230004
239.0590140967679	146.3789081998738
221.30847552165747	323.66145128033827
205.41559221332818	270.31182928672644
176.95967482696906	210.56326686085393
270.88475368253904	209.26507977659517
282.35837942216017	29.879693266523404
72.43678689366456	73.08872098446263
135.30739647064559	208.37002542027062
306.0554899300124	242.53775653568323
253.90849101058382	280.68895434768746
362.2982838383573	209.6897104903387
216.29072930523273	218.34262885722143
354.4189859255516	88.3939736767353
215.6723469003221	236.10005608997065
188.83595031254995	161.4083078361245
415.20684692800444	248.8723967514357
199.35926272146713	215.43066866564916
280.8759394681731	55.56587468773491
221.3914917912853	156.72838334011635
329.9628543000756	406.73815630780496
164.96732533714317	72.50062176276852
276.6763021377486	81.69663015081723
40.422264882243866	69.7943362997066
123.09441593581128	2.646162069890521
23.47556864060156	62.51733169645411
60.8032952206287	339.6358639442833
184.5657212373624	300.04812258332583
392.72739364403293	363.28103470322264
363.0799791895986	274.8868893017985
114.27819693526197	354.70817024423263
102.30319145038823	367.0450114122059
298.45273365218753	23.495675933409878
274.5372333326762	400.0264818177395
318.3503340004346	298.75342304294344
127.19766520543699	390.86118678525423
7.522609133800182	8.47356676847028
192.52443733139623	344.208506238044
278.0185653286677	137.91653597175582
99.55145336055247	322.37776062243677
346.2887447485495	222.692748164274
225.99409101455316	396.96002468958704
24.20304215859228	150.48643025147607
83.39261270166367	187.15543775126852
100.66999521164682	287.2691326629889
204.15009677542565	387.7749081905555
103.23814500429178	187.56097836462158
19.48987094318803	404.4636712126851
326.421740478745	263.1878187516773
128.68979546867345	51.99998243800462
327.82320709839416	73.19430319226007
357.7888231082045	336.4732578818073
2.4541175374520225	43.30359166480462
407.7762549512491	61.43190859828851
40.137923568812724	338.4772687083822
92.84607598984263	169.48446351810853
68.1755508321735	204.31572410643952
399.3004712521236	95.30503476682335
9.586506303150697	387.45545523971026
163.8772300594587	418.9762804290184
290.24772694408625	409.40667307223003
249.7756496547071	9.715897607452828
244.7106617908855	377.72524061321405
221.80148473372347	109.7107014810897
295.02829137043875	69.91960373863814
207.76987117300772	409.3471670460906
221.50930517652665	15.371673778607061
213.37823644628156	196.06571346300032
258.60508465615226	110.5075917249703
386.35435204716293	157.75982611299057
394.58432860218016	115.53321724915638
301.19249528849224	225.11595079068425
347.89396544233585	396.43543123026745
308.0569327309737	121.23002356856617
198.63040074069346	50.894688486317854
236.75236020967526	218.52575126825673
311.86889275215094	60.38813046503008
150.41629311099825	340.1505421711069
383.2103500830162	307.9403956038048
176.47469752382622	106.27446000944781
102.0327810434662	216.2356785251188
323.91136779828685	169.25359022937687
90.23680508935182	401.93982298296316
225.02299848764585	414.90579599038296
16.178927917598244	366.6941228045908
163.9890221277545	395.90690391848005
123.89857035075313	371.88122592505005
240.28740938793217	106.80838475239337
279.09292018011075	302.0835930098551
246.18960643952633	262.70344852827975
379.0545165022741	378.520290453331
295.7946613387297	44.28337747128161
389.827190299498	18.73725501377063
143.97820026514228	13.89860476130205
146.69646820693177	361.908623647002
288.4021364101956	212.8190744435237
61.75293040458909	384.4302180543935
44.983473459878795	305.2372347484498
46.99329161581655	199.11974343294756
328.1260453801088	11.476564354155693
314.7343283730525	87.04351055542328
150.55149171784078	304.61692146636153
373.7964944902632	326.53412990897
270.39169395964564	354.58733635833374
312.77786324506957	209.38266902586682
396.25267789419325	178.00632195847692
410.9654172012945	22.916523658058708
390.1839679604354	395.6219834622907
70.90649067445253	170.77922248252378
358.33363648803976	138.89669367688722
13.8710494612253	129.40636432374845
220.87429029104274	378.80941142052035
379.89960622326447	345.8452641004017
339.915904181328	177.34384377112124
207.37133069444215	175.96219309323885
341.77164911893715	102.5087682909484
200.78259944723553	132.105465266889
349.8357511381689	242.20834956928203
319.16547488757215	134.28753697548234
180.24271248804826	408.1554582353009
143.4625085766417	191.18062038941508
363.63269181192385	106.4264356135232
195.48063157965439	106.47589789454702
376.791638675914	142.75093198521202
305.062954468487	159.82683100217116
260.7955904202211	296.8910295543444
219.63256618498937	134.11894387895083
174.88669883782524	351.91400126152104
279.23256184180667	382.15140737438946
144.06451525122642	152.78499890028837
416.6835704404761	230.77756490709152
74.94414689082797	290.01156263704377
54.89893869034284	367.10458148511225
252.02634365544463	203.86732516535452
65.39681713188432	54.40019403037336
280.81241556957843	319.1712777259362
106.25655406022744	79.3844652476528
198.55291422849186	89.60386912273532
10.676016638042926	164.86373841742767
413.76416760281523	266.4200627837982
195.28906478032414	239.71829485912312
183.1189151437322	6.763839240960522
223.16108066324648	252.43257686590934
166.63891026228535	239.21298240543646
63.21226897583582	269.28750689905144
329.5853828016323	192.0551606673207
261.0867679927389	150.0219893045509
404.11960515453006	39.641096555434906
407.2529315163776	0.7544351827853892
180.96194129483328	320.00379282176146
320.9155981838214	152.07769014282442
96.20131936684747	305.2766827074357
382.749797180643	411.93551468356236
181.3068300317108	57.79563439968952
71.8759298475477	414.8888693315589
141.14421848281856	259.0920965259328
414.9816524109413	210.9992727889689
170.05215903347002	154.03523364455938
260.84622492226185	253.33443155596748
8.01872262177266	185.8654088761721
296.19066110778766	105.16869117372056
51.2381776970793	216.12927104949765
23.544039180949415	349.8128599520539
357.97234837063434	19.11354432726226
401.2136236254626	149.0779324487474
318.3862492689305	106.20652645678094
233.90580120190572	68.65661750587151
340.50455965005455	274.88201686548456
70.36593489470347	355.1679167074494
162.15646423139458	95.7542576579515
146.15843877259763	380.18516894475164
136.61782254545173	130.2511012212731
139.50621875105554	66.8512300785838
397.6035419571696	252.51201130537606
290.3363245115273	280.79726559289935
31.333571181946052	386.52207758990943
111.7313817101447	263.32763762805894
47.33636788805388	43.567232551636316
88.44600198872281	22.125987963332616
203.77734969860654	331.2248381262414
52.3078372658231	406.34694854797215
136.9777481847221	173.70114442814986
11.318600293466378	220.7568480550684
125.96333440485517	85.04235625205477
83.92034737623696	213.28214390654588
365.33164853175737	2.412006378592851
125.80868941983044	250.13047375427786
355.18154277186056	290.5307381590555
254.00202834480262	363.22082652126113
217.21895979047056	289.4185252470603
307.88991739610935	403.9364209798346
47.41264552407853	161.49496360404135
114.27961180418602	203.506864024531
137.72139680088435	37.34241391163655
330.20087792738457	119.16340806608365
294.1410405330407	331.1985153534582
302.62250451340606	195.03281819585956
261.5850112283205	381.7438221284771
207.58869208163563	360.02745600978494
190.4382926507304	197.77487232667644
358.4434947072397	380.37777915035286
398.9861978311117	344.7148681591014
58.06087645983773	86.93918506691465
167.13773862031502	332.79552952020657
171.16278613974313	22.159768142761525
11.996148940094452	316.2239270549334
65.99806759542268	310.77705809385463
138.554255652819	109.27355224357679
147.25111158332783	83.78853641971511
32.75901658620513	131.36336417602462
185.60517019241962	123.32778208745911
52.66151985669198	321.8365417600991
12.252784011381863	24.983697502543528
123.65167123330515	151.21088244080144
165.96766466893226	296.70757731593665
403.89654959339305	309.89538501887046
118.37095038634202	293.30526699948973
402.32531920164104	378.92906117895785
88.29478714025318	343.2516421683046
2.929291734721266	108.87019209639624
149.75314532124528	219.62999241570964
17.964583236020335	277.77406087981893
25.52669726466361	84.24786207080179
300.7951312705246	386.99710125983654
80.99380485977264	370.96826527611285
218.67251760538682	340.7413901017704
380.81621870301467	257.452406001192
179.61588467820593	87.40515060545142
340.36813066058295	380.57969483544997
69.3197760899706	17.41126939835932
387.80482839509745	289.74327263920924
19.714901152247382	237.23912307496036
272.1080793854594	230.82068353659423
22.255102703192225	203.73300657863751
381.43502466200164	226.13202015832303
396.41434952297027	214.60791438763022
272.0451207618726	99.82833303617193
155.1364575215764	28.863960777277892
107.59247711457908	396.84623772719726
73.63360339696715	397.13535805666174
170.37255475140745	379.9587818331714
355.7970211971457	158.57637467654456
93.36461595857406	269.78534221338305
32.99270105527918	4.672776242786464
340.7611264121977	56.6491360268466
240.28682670861974	328.5549119672675
316.3134666095497	371.33515387616063
241.43682606395726	181.45059105042736
96.87152416943471	37.63422011772442
362.8918365142857	354.0358641814421
142.36779565510446	416.0008545059423
337.79054391660287	26.29573247926715
245.04498077553555	55.452701516427716
49.05271207894025	235.07802453963822
299.7926309876137	299.4582783022033
246.91089492947955	307.29414030465176
29.825971849388264	111.5789595181036
163.9131060919657	264.9335869056169
257.8671176438859	88.19147537305206
259.7355942715351	320.096622254369
165.51133262095033	171.979827289333
297.0303134361212	87.83115706731826
118.53045837625487	316.94423829810336
31.076928702682412	170.78037313051522
40.8028329677507	94.44593076834809
