359.9765826827537	310.3783725611817
260.4245038796408	125.05385885603604
251.97027042075254	165.0491268326831
284.8914429387983	259.78862923622813
268.5591647000649	338.46406842171024
84.53360059562783	1.2029838381366917
269.22318974748725	417.18320116847104
253.82366391464933	404.39419787539947
124.65752204309247	220.79805625782717
286.68536314854424	6.327820636184333
322.58828291014123	32.379907192090116
37.4832682212683	256.2062530630071
69.5842629384096	227.7040959714242
132.37753506477546	297.8842257683243
7.467652501485904	346.0462508297229
330.19316065918775	243.4984816188965
4.8953552604250925	327.1565679840834
376.82838367172866	174.8516693319185
285.5007244352168	351.88550417661077
93.90547708176518	100.32400600848901
185.1962825869665	259.1342046225537
378.42962496193223	32.04741577408493
148.4332794700664	403.0684976621018
81.00090177639314	251.98712887735454
308.0310046571789	12.021551249988796
30.86392502150897	227.0990528944058
347.01215307366493	2.6070016575670296
185.68576264772284	379.2046742404318
349.980004291955	365.4819997800777
341.21638031441597	154.88191841093698
418.95216221091465	301.8265857783625
401.6920693778703	191.53484779989648
272.23520970775013	21.33139875034931
117.52943536366476	116.38328158669447
388.2984807506318	48.983354933157685
410.7138373966498	284.58177710999496
179.98677741639293	142.82094312615817
157.0326918264869	280.1735744190186
159.13110692691563	121.77768746595046
223.10024478799062	304.037250123649
331.5220380273894	354.0448688701392
78.98723864376431	136.25399934513652
128.0881089004796	351.9166231553029
117.00170846639055	30.354445058903913
231.25521271064596	199.1765950069759
279.9759688195541	157.55308182002256
319.97964112111003	336.56261165064655
297.67342132621053	139.6165312999782
30.34251541678215	185.14918048012885
247.45030838598382	345.7964320495861
197.17053771278688	278.41733170087036
304.2900983616691	347.86168940774303
60.162013041317294	119.91563971694518
379.8957735255135	193.71743877990934
61.04946021701536	252.42198756398645
338.2176365003033	330.72202332237634
2.7589187937069566	138.5985528801913
90.73217538354984	73.80412167724337
102.6813232496657	15.851080295697836
156.1125154302469	320.91218004020027
199.81826283047823	73.00185716069628
367.3957504812061	55.43395648596805
279.0411154244553	177.3708514574299
236.90341134903724	412.63484203833946
299.9203351618054	366.6245106748358
278.5207919885059	113.2983541111096
397.7693949264489	235.79985196602135
255.72923234998908	65.15165513990397
228.99945642494689	355.5716939088988
183.94332032723486	41.08668894968103
35.847130016007085	275.19072318889255
410.6632202538765	399.9529691025812
237.53125151644483	237.34778608763062
354.8554846419634	74.97965653447422
34.072432801605366	27.610231490676725
203.17592692407115	308.13302073459516
241.72580079978908	31.807546907975823
168.76740952585874	187.99470799422625
401.0048481685303	322.37025892437964
302.15880604824963	183.03276738710386
356.0118528540114	126.14243755327081
201.98360764457672	11.732699227937038
393.86350289618775	273.4859309887827
127.60996383665928	331.49883956985695
383.7137793980662	85.25044944712435
222.09205022065856	43.487244803551306
276.0242112623467	197.73950258545017
113.28068221470011	238.873280374191
216.36688089676096	83.52515863024365
178.05294512351557	278.4496126910268
177.22994904906696	226.51134733125903
96.83129256683932	127.28539798161107
250.97193869598848	224.23809630860453
319.9953817797871	390.79797049446495
406.0561189106102	124.80705020343781
259.6297682855657	37.820151741426585
18.19309912378258	261.1652982463819
59.7828911556369	140.00109574869305
48.22307905731637	174.163623524886
32.020768446761686	293.93113083918075
290.63684977740786	239.93875261625246
367.385847611147	230.32969891747223
229.72165338909684	271.9856598873609
157.85130055076337	207.82351770098722
359.53944869868224	36.39527309709843
332.6179777238705	280.11962381006504
102.7145741862992	59.11161629634986
60.062400463001616	34.92687533077001
358.5358387130995	186.29172629505402
108.22530691024114	415.70252256848295
416.0689689846511	362.87467929974133
312.6912695171012	281.49920051284585
238.69350312914392	125.89210939111801
235.94393074514835	86.17565515290411
257.35318824136846	183.33065640904917
91.79669044400647	235.38406087616696
75.9352726090543	46.0934650507016
202.8823680161073	34.111025511103314
330.13981758906687	49.65753708460483
414.1227827877485	162.99569043282244
239.88921390885164	290.3740076041456
50.68383059925944	286.85539479442934
3.8758367832059033	70.49470531074077
330.45164085900103	223.89435575961537
134.8795611187974	278.16583981932905
56.25950568554105	100.9599946359843
271.9735000208134	279.4941779515572
344.52538922508484	199.72132086016347
315.25649340053826	317.7186203356212
7.764601462518108	91.06468640086344
338.5810139310728	311.2403967196482
303.564272257434	263.7255567289998
28.433149146885267	328.5518461982881
78.1532525973785	113.60248840573037
239.02312334189688	149.66549827707627
217.32269661192123	323.93052216348826
208.32212420460735	261.06354420101525
177.76358752317032	204.52071192904498
270.11595405857497	216.58045468316777
282.37520465226225	39.24657616262347
71.78403435408995	67.34461268471586
133.8971852698809	201.97289718860597
309.95897522840903	245.3674887426319
252.97429478107796	274.09503745515605
363.55373407113876	207.0981968265637
214.21602901554243	212.3213678668637
356.86748120592137	93.75874061136577
215.64179602426412	235.48089715041925
181.04341292944085	171.48005044650657
413.42464776206225	247.36310462969863
195.69264379106883	220.96613931915655
273.3786364509171	57.569828491752276
218.20948250049224	158.58433273174978
333.8403035638824	407.94043771796197
164.8730037612477	66.06550088465602
272.47489609169094	76.66580620876367
40.21636490064838	68.22002135054232
121.10387468973143	10.082282763610738
22.274463418921517	60.41538319493206
65.55201073028577	340.3016136258709
188.83447595683197	295.95905682099266
393.79266547132374	366.76805955742924
359.4352578531274	276.8871256750492
107.56156823324639	348.4423117186769
101.99174857137675	374.0863762816909
298.6357914771735	29.194018777766775
277.0754599573808	395.1042571346466
323.7485966017455	296.86471590948713
129.79266898740642	400.57188972756865
13.526115329597577	3.8304385761577397
188.25714684696015	347.60716986306795
278.77294316216	133.4677500871349
100.11734878671682	330.5697838533528
349.81470536686476	220.9712077709712
221.16758636992	401.80147677847043
27.01224078116029	142.94404469207967
80.44200954113998	184.7631579470797
97.63175411725184	287.4378842873928
203.49740263740034	388.0012672225568
100.17323698004392	185.56015097859913
26.86647486006609	405.1768345248845
323.5577777368183	263.1622685022419
123.89214753642054	54.501544800939556
334.38397957202335	68.54886625893008
355.8802451722958	346.1401337137634
6.05472853018416	47.75014213951144
404.5254886247207	65.36644347308795
44.967884278756394	341.87203028585213
103.19816935108915	157.32949237083525
70.87494272957603	206.5508585279385
405.2940698734074	86.02242260221472
12.962554740599407	391.81518595948955
159.6545977990268	2.9967586367738517
292.50051649250065	406.9570979865399
246.11089173941505	13.499357470981307
244.42365151240264	388.153228075118
215.9709024232292	103.32080679830489
297.5311475642362	66.33037291194752
201.93218098774707	408.9388296088334
222.91687001944217	22.413529352922964
214.29069101391508	188.47799115427003
253.81385702402872	103.92189974555345
376.80347772909715	153.09578412239608
391.27451122291177	112.90713185244313
309.0230049225944	224.67516803378535
353.7265088015664	404.7477608463188
305.11507810726135	121.67864327425038
204.7632207612237	53.41236234040109
233.15778455113696	218.0558838403496
315.79889320207735	61.95763219514587
151.06887997264383	342.74339167005365
380.9110037780931	313.3514642399861
181.78560541177572	101.82850508714611
104.76365058173232	221.67150977386976
316.546700194786	169.80599339038602
91.81224705420082	394.1933120996577
217.17050953283575	0.6559049040483311
17.546405139247298	367.6476775951874
166.85294402160088	397.56819791176827
123.04434806065315	374.01288429571406
235.2926860730751	107.40046852459096
283.4962884977622	300.63598684459794
243.77794009263198	257.42377845480155
378.28613001332246	378.4383280651324
304.04421443929726	47.33118023486311
390.98364092231367	16.42786129056823
146.25429842141452	18.612129618314697
144.89883136621398	361.55843449888994
288.4032961761876	220.81167437511138
52.488342749607284	381.57455383837373
44.4912182734749	308.01862262751473
51.20486825359879	193.57007263031645
329.76862065061124	12.080382784307552
313.06916850897306	83.23980010012464
150.76546174124056	301.6898345013753
369.2060733772058	329.5347792507426
266.67411496091785	361.7603949153648
317.03922856770413	206.8748232313987
395.5675252132302	172.2145529441423
413.40207212252056	22.126047660157298
391.93122697599915	394.27403652510026
69.55820537524028	168.23969577516888
358.22668252463166	144.80127114972544
17.423738759910574	125.33630941954577
220.02584800743173	372.8207115281939
383.78149918497934	342.6126980045247
338.93505423587436	175.04586881385822
201.79575662533685	170.61852993874888
332.7137583594508	90.62708550178529
201.6684221541188	133.73014254131965
353.1181906049165	243.07408961713662
323.55151811137534	131.9981023412465
182.81741290395453	407.591507408066
147.16825140671267	187.85710155976804
371.07241633237703	112.6848883813871
197.86011173049332	114.05344600893312
380.58224446132124	128.86429990117347
301.8211355528495	158.14496808954078
264.50013138140486	296.94159267242753
221.35789072016436	133.98743188583663
174.67105806979774	361.87490506935865
282.0232519199752	374.408593077348
138.6717661898616	148.56377319813677
415.62435228422015	228.28818749149318
79.02219072596331	293.0278703721876
44.486878716613546	362.96949932115484
254.2110118252667	203.48130801072628
56.672105557455744	53.811068449530104
278.2964930289061	320.81092809756586
106.4883919083065	85.43912619646551
199.57540722368688	93.33387863961421
11.765074990607856	156.56006298498374
416.78981848971677	266.51919437904195
197.83043793988415	245.21128357656502
182.58572440802413	6.3784713602057215
225.44933170119043	251.74048119262463
164.5794463484586	242.3736252020054
67.46309426055106	273.1215891891401
326.62287793328244	190.3771765183746
263.7954723261755	145.3925244285916
406.48706082891994	44.250981099878594
413.32052939834125	419.74106232650314
175.1426794236485	319.1456883362213
321.2871699035443	151.45003726844357
92.81948491824303	312.6030770999199
391.80555004015133	414.9691196436283
183.07369537591939	61.109171746629684
65.94657933769263	415.5241978783507
147.3591126031123	254.50089592308765
417.5505750173093	204.70815383243072
161.5557955975972	150.58886129274833
263.76121939894864	255.46637670399613
10.448733591563146	184.28954688771313
298.8011936905795	102.54201007430646
50.405545856180076	213.17993477001286
28.70757112133444	351.91265968880094
364.11091306634586	15.545386959054095
396.2554580632827	149.046908361992
319.1699011701177	105.08547152614857
231.8631079345003	67.2610048820085
342.6405170370238	259.67630217252474
71.96654384784428	360.613404864024
161.31488650122196	103.10798454841724
143.92206905575458	381.39036700226467
134.15832619829644	129.39987744337844
143.26572044747212	64.08034396042729
393.9876414784579	254.37696490593774
290.8777085313043	281.34390769881225
32.46097110667416	382.2936222631141
104.34114829587065	266.00308095033813
38.6531985222811	47.544965058458544
84.40484217292384	20.469291042820014
193.35524454096767	325.7213019855876
45.59913018349089	407.99992473085416
139.3942555311477	168.37273274438613
12.906843061440362	220.44796607174746
125.07133017298365	92.964995022792
89.44060865380688	203.7515617241355
372.28064990058385	417.54643485824977
125.63743938197969	255.37075082566963
347.33369788183256	293.10590284900485
245.08118692816842	368.70992834453864
214.50570988849063	287.0821652881437
311.4120904766953	411.5840913549406
48.76917778616644	155.37085669718974
114.49507581423954	202.3504283863974
136.17066153412046	37.15309990360904
337.39106343407775	116.1067469692382
294.50365248196806	330.7538453071236
298.41870862133015	202.2454674812452
262.4658055198762	382.1060075261302
199.51537068731784	362.7878308761202
190.56750220938676	190.1524905827155
359.3075684276711	382.92167118501607
405.74168241468504	343.23451625434825
57.45268884590722	80.07362314187003
169.7916825433743	340.3271416930127
172.80841695071373	23.664419074871198
16.908958364056918	311.65369471674774
70.88707181549609	311.13602259467734
140.8232332935583	110.92900154856822
144.54194444500087	83.92766706526906
43.320025629855635	128.42791596491125
180.341143561255	121.75290921707489
54.752570981418025	324.01130240795953
13.769980424636778	25.757977225158438
119.58494676325438	144.9227401706455
169.01919706951955	295.88972593469765
399.8033551735976	302.46465665077073
113.52599611506324	297.39195017455546
416.70979414432975	381.80861764173636
90.28281061987757	356.133070103914
2.4217436737660076	109.91858228415362
145.5393034857067	228.1570653405212
13.512736962442728	285.37842025381127
22.823315842645805	79.33198276532404
300.5619929539165	386.46361763884147
78.43717256096437	379.16483716460607
210.5057088869628	346.53490420964056
373.9904632290594	255.4214411632889
179.5385159071732	83.0827571478179
336.94641422773697	379.9813834061602
63.648285563110186	15.11376010753097
376.4490654042812	291.26660872403926
16.03955570780219	242.20938059730253
271.4387243068978	237.67895637809582
21.313265272162763	203.67555508991757
382.1083660635694	218.27320234384067
401.06712221113384	215.48404740926966
272.11562693068714	95.56300364905776
159.98493459736082	38.97445734384226
111.87284737893653	394.14215503581175
72.87309347371092	398.0484760820576
163.66648188316552	378.53175890215954
359.37274147002955	164.07913967663487
86.07659401348334	270.40387683451837
31.740464534022752	8.765363671451702
348.07629348813714	55.523106348346786
235.3721611212566	329.98803814960837
318.8892687725344	371.2355314287401
232.44632151816657	178.41650814525923
98.25940724031592	40.40372160580223
374.8604773708666	359.9046604628086
136.7590731893043	419.581238490961
342.3970641654013	28.44700115357515
243.75524976023186	50.655035854714725
48.232480739286856	236.9880505856177
302.11290823636574	298.0094851382666
241.09479978751477	310.9731242932811
28.56092786845085	108.28195647558216
165.66364191311445	262.9182202852697
255.2392056364437	84.07709499577615
258.384914669406	319.47962377704243
159.76430669540244	169.7537620179213
291.027332438776	84.18424109863294
113.1001729001406	316.8048590124088
30.12872758601819	165.5066944101695
39.931951776244716	88.25439447344402
