353.9629787431902	313.4470682821842
261.3905407634411	124.5512140575919
251.28853676926957	166.16889482795244
280.19427921306504	259.67247326649243
268.2120470405249	335.5263708678316
85.41420799201745	2.009929719365171
268.50005518483755	419.5014844349897
253.85280329285442	403.72962606882464
122.98212541243116	220.05490983708552
291.0158248149928	6.990944381978892
320.60474087523914	30.86032431146666
36.779837785482265	252.6312720840495
70.031656821225	228.14081788409138
135.55951928772805	293.8107378557128
11.248680814111182	343.1190038301721
329.85204265619603	243.56918491795315
419.9331014981731	328.0591338400134
373.4720866186832	171.25384464723317
286.4827305350583	352.75957813852364
94.47698455872019	99.70712338190057
185.86685654092028	256.0973180345633
377.2966910158103	31.204026558825984
149.77560762344407	400.85097144073137
80.11979074230872	252.27966691241474
309.3451584847494	8.882544292902613
31.492467683224948	224.84421099136526
349.19721478151683	418.6613484006143
184.89474733122998	387.3215004923112
351.7264996500052	365.088991106757
339.6613709113591	155.50323325258898
2.8042375502802854	300.90610039082765
403.5103265315083	193.04732884013504
273.66332441179935	17.948308131284143
119.06028503599444	112.4385593956222
387.87241602313355	49.362461965812024
409.8984600229072	286.08338107106687
181.17275542981858	140.86179031435537
157.13323618866198	281.6234992155786
159.40067893226757	120.1231443181325
224.76990775784554	303.7947490089443
327.25864216976487	353.0844000449699
76.53579697984357	134.30877456281658
130.73175623509894	350.6613848079265
115.93813782846176	35.012112209000236
231.99848772996745	200.7419153739158
282.866817332606	157.97877913128838
323.41483623059423	334.6833586561852
293.9838785955897	141.13063212859146
32.601172161186575	184.99724586051767
244.9521545878569	346.4124762096885
196.49260406688816	281.2195115043646
304.57903122342714	347.2860413771619
55.01623401171071	121.21229348027245
377.9039002489503	190.04121841204454
60.35965007786189	251.69146083311523
340.7162698710851	327.9402823586283
0.6701376670456726	141.04585724929478
88.97678475353739	71.8912686280157
105.20043466217587	16.82234582668469
152.22755506349247	323.6901764902612
199.30491529338644	70.49903040878354
368.85155906903464	55.69242952279859
279.1523094313637	176.86871698885693
236.52293386889465	411.9832837613632
296.89715685217425	367.69776688956983
280.5366701887004	114.98453799275589
397.8936757919887	235.50170038302545
259.71152320501693	65.01069168695938
227.79593237208465	357.330641873199
182.62093848110726	40.74973821346227
34.5873578712962	270.8262956579085
410.2870846972363	398.27837435749615
239.18360836789276	237.9798081483189
352.5233162044695	73.99198174787571
34.00749463394663	30.82606016550735
205.7054856150596	308.34898841361957
238.76811524179703	29.575323514598455
169.66935138155543	189.36812930809447
395.7913005520193	324.9745041929437
305.7643867964022	181.35057419241525
353.18743525846025	124.52498696645162
204.6759461629312	13.353750199060821
393.2723932967198	272.8336669127954
130.1914379047129	330.5809366039636
379.62704479236623	85.85067627130982
221.59508192025885	46.83645029911352
277.8718278282304	197.24303809222212
109.11390008539333	241.33315831726597
214.8738174329563	82.92172757828985
175.39079602572656	279.3867611983839
179.24674869580915	225.6604906318321
94.83833573043849	131.5294900106947
253.83590396973636	225.5249329274587
323.53398330291776	391.5031050082478
406.21700419865715	126.39670705422061
263.67001937944593	44.10736569201275
18.880371795500707	257.8021557349032
56.26548783489857	140.12127630560002
48.691701435489385	175.7235382281624
31.61964540769451	294.4359441495632
287.0753820804699	241.9094334967317
366.051255718179	237.12446149588848
231.68851351344793	271.7538152114583
157.8105625917494	204.683427155351
357.07846663907145	37.011273656541185
334.2582931877236	281.6362621447366
100.48232101094042	56.84992678969634
61.05622384616023	32.80664985295432
360.09426362832676	185.83130331483838
106.42019642784487	414.7227153465694
417.3108869563871	361.6247633820207
314.3476028928245	278.79229166387387
241.1777312023992	125.28491050152812
237.6020232688134	88.28746622266206
258.8708307932521	183.4914067967693
89.2702343189743	234.91943088082343
79.034496613806	44.162670283512355
201.29953720908625	31.2597841504823
329.17400944180696	47.44247197048766
413.47534802440475	166.71600800192448
237.9429749767235	289.94061846062
53.90241667121324	287.30687873609327
5.380613504687456	66.87317375226179
323.6071045869643	226.49570654924378
131.4169668784697	274.04336162123747
56.08887454507855	102.77098197961166
270.9946090529928	279.07603237354743
345.5861000709789	199.5110665434193
313.71796653296764	315.2996725943935
7.954102501005817	91.16518351955615
331.6611806638133	312.10836439976777
305.4397964107165	262.6698115851783
28.65896873420661	328.8484901613799
77.7422764186578	114.5654154161817
238.6448993670641	149.55266509585192
218.21746531961722	322.93549448944157
208.39320765730056	267.2905678734101
176.74405098437984	206.27577801255194
269.9962855346244	214.4861381935136
280.70555645102496	37.48798902204061
70.02348679976515	71.64290616099264
132.80496121734708	204.52342502750804
309.76639655977976	243.98830173066227
251.99176039793375	276.9769551814932
364.81778844513093	207.5574643694515
216.71837795232673	214.06485803809144
361.090561932947	90.36303514192774
219.81197686233594	233.23905228300282
187.97750062781483	167.29711945062752
413.6326011447345	249.7874719482011
198.24232034251045	221.4800756008005
277.5189963429636	55.86506350407888
220.01050421899683	158.4673402932117
334.2473684211564	408.02115706739033
168.94024907950157	68.549501673875
274.36258619362036	76.31910317633428
41.72920610897054	70.01845632007507
123.04364859652775	6.618148116086349
24.68448514867189	59.78333352923086
61.97234152579597	340.9288344668132
187.9917807303894	300.67104788029445
391.577895941966	367.57093727330505
362.9623520830863	276.4303306293212
112.34119385165572	351.6540433790457
102.59430880522287	370.56036561646164
298.84743923297015	26.735981270683446
272.8952873098836	397.2540563790711
320.01993122594865	296.3001641463438
128.86416417150696	392.83802376471834
8.898251347970303	6.477458920107519
190.47439560605005	345.9349419767079
275.2696765032496	136.82437719551265
98.31031923193078	330.8212652859838
348.381157913778	219.61982801749798
222.93026173990722	399.52597793173135
27.39596931893721	148.2060467590761
81.52844138315348	185.64401139055516
96.73925656592196	287.6748442277559
203.48345319721412	386.64315524665403
103.04461426744591	188.8046165852007
24.10834157612284	404.4906763424051
325.0175004631721	263.332911092695
125.6553272022881	53.66758219394717
334.2454170620757	70.28280656914804
354.45806288186327	340.31165076503885
6.306732424019272	47.59816413953567
402.37001393982536	61.204791344341906
42.99675909554899	342.17883113742414
97.64985205804183	162.0514006233781
67.36382468885176	203.6702491372902
397.7426004459553	88.54548687263404
8.57019889906951	390.0608527844256
163.77593317863744	2.0077467894553944
291.16556044041243	405.56794087248954
246.16626295530642	9.658584327678241
241.3076402744049	383.561025298874
215.5213876666931	103.60763987422533
292.630585634691	66.7682063696665
204.2688667665366	406.7205996258312
223.02783384279988	18.51351515676569
215.297900796924	192.9464603900872
257.06067750845506	106.7777927301497
380.8729354554805	153.7061917687939
389.6517385464841	113.68419823112676
305.1190455298336	225.50419655999275
354.4860290170512	400.73138074848555
305.2609677139138	121.09176126835342
201.69217650699764	52.36768456652853
234.24305019888456	219.50905202821542
314.3588819364053	61.521223360678555
148.5684951263932	343.02215128765687
381.65562118827785	308.566137125402
179.56608253967326	103.30858850588683
102.87832904367495	221.6008025176818
321.71721178638114	171.46673420922107
90.8490036212154	394.8752475801195
218.72244943128558	0.0
14.355128898808962	369.08214311098465
169.35977634562158	396.9780041775663
124.11985020789041	367.635935828449
236.04766161152972	106.60411072531728
283.38864552465935	302.032334173165
242.6577589307555	257.231935709393
379.7575823120101	381.4265263148619
299.6450951196162	47.78255524168527
392.33516396626794	14.985759545831014
145.51298542703603	17.17470063990643
149.3985681797374	363.1302669430055
288.3991606527888	218.27936161055132
58.04975298333135	381.1106996344887
45.593515244959676	306.6523038214987
49.10686783502611	194.89662213916068
328.3426201176221	12.67243594632933
310.82714108410516	84.33761588480795
151.590206883737	304.0799011920133
369.6135045201351	328.1646770951375
267.9425631318148	357.8665118426988
316.02254118891426	209.8190100856272
396.5931561494014	174.68867321570903
413.797859394636	21.210468321674508
392.479112337732	394.41133921569855
71.79126024708263	168.92840003238615
359.271266944026	142.99201583626123
16.59247801785489	126.93351006388336
222.1066375345401	378.45485425820294
383.8104209700594	341.78732881482324
339.9966329324495	174.32282033034195
205.80469561838657	174.19879010627022
336.4866395221215	94.66236732241181
201.51163221609238	130.95613207168415
348.6849696634158	244.30707716145247
320.7260304854583	133.77388552828705
185.63830904448926	407.3496191435676
145.13313067255257	190.67241253895358
367.396500450446	110.47988673642013
198.7127436887561	111.02604533742952
378.793643013651	134.81622388113476
302.85987836527823	157.20367353441276
261.03774707150166	295.61336956547945
224.00573497666676	138.35633599408428
167.86544404365893	357.4609616263184
279.59061700160544	378.9174329952301
142.8213059768094	148.75107710058546
415.7735702048257	228.96139363023235
76.03431000521651	291.7234177301624
48.559875028088335	365.0630194465217
252.5695801975072	207.33423364656582
59.720547337804554	55.493541818203155
279.92853920051016	320.894050059246
106.91202054525382	82.46467737835137
197.69297806991136	91.98278351659856
11.89288707252583	158.54545463159224
417.4674642036798	268.0957679318795
196.19715511522583	240.92624292598555
184.78821116594906	6.2549753928489675
223.7060523633747	254.32088854893678
167.1420660862817	242.51716439890322
67.84669734298953	275.2652290332159
325.9816106869677	193.48588155448584
260.7266065497508	148.72919180131774
405.4829078611903	42.91558818749575
404.50899993903073	0.9160658161091714
175.68170730251703	322.1234644243003
321.3744117975237	152.13549619445246
95.33660663570598	309.21477784609385
387.6165970917963	413.3722855229291
184.55881270015837	59.18124012143693
68.25075388711757	413.4142388118974
144.30039918713658	258.4880771391874
416.0261648604482	209.6780983484252
163.24869308582382	152.75811451853065
262.32439713373407	251.7548048511964
10.279592762583546	184.87831400889135
298.2575711155268	103.63349257836336
47.46826563114583	214.5615446959287
27.36495871694371	352.4405581848162
359.6419224429561	16.080385785422706
399.8199791687349	148.39542121432044
319.07232636185546	105.55607077040652
233.43511551063747	64.76660123715907
345.01761389646896	264.3686971236959
72.29070108853485	357.59388973278067
161.85626411978424	99.24575233149818
142.5542935826544	379.99614797916604
135.03258111449205	131.8313202342989
141.64749324191365	65.87148033160933
395.3718685104238	254.12709007588197
293.05149914303774	280.3810486197349
29.66605341714286	381.8379616110128
109.03962119734098	266.86550991251994
40.34139749550295	50.47048620117858
85.79543589649032	22.56173662155945
199.89019314864152	328.58871931698144
47.01997803320726	410.63910812269364
139.3242260551712	172.10057763963067
14.01513866169828	219.8192086499994
124.94606705926373	88.33407214816314
86.53585873802446	207.70766645349798
369.54572956704897	416.1016979641776
124.74914839269258	256.2559434296115
349.4947315551962	294.7093843289259
249.6994369454701	364.0137415931365
218.88242901994437	285.004119799181
309.4710269932649	410.5683509812429
48.40555790062776	156.93255417657056
113.23272185608747	203.88022393864085
134.7083911310767	36.03126596165311
334.49940878172407	119.4383442849216
299.6777525736298	326.86207001763864
299.0788425485738	198.99084606428832
259.38058600913587	379.80799282571826
201.94767742486084	366.9166886348705
193.5948498061611	194.52261043111645
358.63168182706653	382.5549456179583
406.26640452373954	343.9498770695206
56.223576141654625	83.8397341670529
166.9071659031075	338.43093781955946
175.39482971526465	24.089477500708995
15.320770778226699	314.4535448720762
68.60456325015815	309.593694966075
139.49025842924192	113.1879873945252
145.196642333861	85.45381028011795
36.508531021170434	131.5825272083415
183.7309968042967	122.54274608924567
55.85464224270812	322.6890539917034
13.659913415018611	26.8348767371698
122.83667904778368	145.29943498963328
168.90040443786626	297.02713276458405
399.8696080290163	304.97567163445
117.12677799427365	297.48908406887324
411.48111768414253	379.73955933226273
89.87886253225243	348.8522008814168
2.83690422233872	108.75152857015392
147.07977249497645	224.3247932299482
12.052779096740224	279.95479205755083
25.37852022484413	79.1626776653104
300.0365619031502	388.89141194219343
81.0899939174718	376.1549806494899
215.42394105243196	342.2167044915668
374.5643617095169	256.62556200910336
178.53853807717482	84.79967206969103
338.3353154195853	379.9590470488943
67.52224301953558	15.032488134832098
376.3692008081826	290.0373537445623
19.411608280438585	239.00434737238825
269.9429647203088	234.40871889897124
22.219862207994822	203.478136524045
379.7388892780319	222.74060604235277
397.3725394703655	216.1459552495379
274.4861222839989	96.3058627756559
156.8768493301909	33.2068579479742
109.99799423672275	394.86151393419743
71.8626382997797	394.429926389282
167.2987361703255	376.88404648986614
356.16748643716244	165.28367832847408
88.32851319698179	269.88798508001173
34.455789510882305	4.552937279693753
346.6066537016141	55.39156653116505
235.1949236099175	329.84542893613695
317.6164713653555	369.829725948267
237.1681665130192	180.42667157042524
96.7973783760544	38.70084921107591
369.3870679899308	358.2245351111583
139.8590757642429	417.5590907701623
341.0895868459059	27.309623546004786
245.50862758216266	51.10310119685133
45.93728871893571	236.71261386299273
301.82534406489833	296.9022319680863
244.36459461930778	308.0402610365546
29.269849286504304	112.28061778626834
167.72532295554737	262.6533965704605
257.8222187383529	88.44910383996782
258.329235238659	319.8697887346485
163.1340787110389	171.148185714697
292.17518153739076	85.54554245719778
117.22635791800134	317.5777963618598
31.80569727281614	166.3432265936974
39.99114281709282	93.10644317071416
