365.8449016666222	305.35809293444976
264.47754494510787	123.55102037065814
247.02167766063027	164.81273734633066
286.85989667929005	263.3432571071685
274.6167336647598	340.4613094966404
86.33062537005374	417.5577619535755
272.1004134900321	0.5391772617089565
255.2157644813824	408.65039729514456
126.03565319520106	223.76390546477575
289.6767545580632	12.153416706064766
321.8421333965626	28.534030531440244
38.638893333840684	252.15731240561806
73.98024430818731	225.46233908542035
126.74934334695881	301.3825686601818
6.4386883985194325	343.38290142987853
338.3885734555825	241.9415014228643
7.531052713603511	323.63995087186277
375.6185377207262	172.91371463236194
284.2070687270706	358.6973052127917
105.29391729529114	102.04564385576118
179.03643031692033	254.99645658492827
385.7446439058682	35.57365376859633
146.5032135649278	408.54114836168077
79.60341399624937	244.544638603059
311.37164459433274	11.682294682348218
32.01714057151418	228.68216532621966
351.15026626698216	8.784426559610997
184.55327193506074	389.74804509716466
346.7081905184724	370.6079956999481
339.81563084862853	150.52627852636303
3.4127086458054117	301.9420262283652
406.187836697924	185.36458333583974
269.15119373258347	21.05508300048891
120.20895398631606	115.09547297234838
389.3717991023201	55.246370499566474
403.27872845588485	282.04087955450353
177.21647985467783	145.2025343933363
146.68004485100136	278.97687716377766
153.99615444059498	124.36198364119441
222.33716420150765	307.98746488113807
334.3335427401575	352.3753922186283
86.4439092971222	144.57228391289632
123.9357154260665	353.5991722320531
118.8752867946513	32.564806534385525
231.93874947257626	190.3363888277749
275.7864502233297	156.2882200818393
324.098827483437	334.3048197691811
300.4660963825089	143.03401842637933
37.853416512637004	183.92791089756432
253.8850164304918	344.547023779804
193.90242930813145	271.88080448201373
310.79216224298443	350.20240245805525
58.70312447302566	118.93374055334742
386.3146663498181	191.21301259001723
59.38942130210552	254.56891546675513
346.18130163313793	335.2584254592106
419.58920684108	139.05590322063347
92.24477522128475	82.9105902233012
99.24839828603902	19.678430194594203
149.3210462731025	322.3607264820003
200.1245533742432	73.10244377656444
370.17290231519513	61.10189428105638
278.7756177732959	176.39435472398145
235.36795400887667	411.9497768537784
301.3856301721643	368.93691583237677
283.99098717061435	114.35016227451135
395.52584923267307	230.80725963882412
255.00337370177633	64.12857852185937
231.7597825785178	351.9071814373254
182.45829134683422	40.94497575773448
39.73296391786145	273.636258930149
415.98037158201595	403.54090749498374
231.5377259751865	232.9203140105581
357.97272989277974	76.79503090034771
36.988689255794526	24.077645061180828
200.76785322800052	306.67928066233605
240.25774814906956	27.739563138976106
166.12715967683562	188.2667520287169
405.78518638249363	323.4606884570649
304.0931819517738	184.1303717679948
359.52650472234075	117.34971479064252
200.854104892297	12.561295836727652
385.13992137398066	274.03892991062366
132.36726710578873	332.6493085086553
378.3509188329287	83.70422066723725
220.00036486768073	43.842989098054794
274.3687014051235	197.194377259607
114.23129496005359	240.54240254943366
216.91102590506398	83.83672525134608
172.6550277755799	278.0366590139317
172.14140291185328	224.76892489628148
97.09348702916921	121.57570548058331
249.4583434776352	223.59395218532163
317.42440766264247	391.0491761739093
401.0388362481099	124.56487954347905
257.7032774428227	41.8168357694089
19.830073017626667	265.28649495741354
65.44909094420345	140.7031690147959
56.730659037093616	174.74294216848145
31.38695555627454	292.564209454367
292.52622253119404	244.14190424395977
374.1815733639069	230.76328539994296
224.23886340993803	272.40652366115506
159.39209779805492	209.57361974477973
361.30154475219865	37.01865092835406
335.2865915380484	278.7235176896794
98.52643472653939	62.03834331318024
52.87323522620445	39.550109029566286
357.3889434794045	185.3910266372547
106.67743787551426	413.76764175916344
418.5672113805586	363.27492915828384
317.52018460416497	287.4648675609164
243.77884502556017	127.08532014632374
236.70516011367712	89.23603199018002
257.88002899674643	183.12629153955632
95.10088906559467	231.98164267770778
76.1885410167181	42.065784435560836
202.5677314597326	33.241710031710994
331.6822451963759	48.39544048052124
415.47663356946396	159.24678454095115
234.30621497940237	290.488045595834
53.70574010463078	295.3899078744719
5.280795492633306	76.72983136735186
328.2232268255327	223.04340559863658
124.51386374589218	279.64521392642195
64.53552391574091	98.88877996869768
272.2135715422354	280.06865240380256
338.7910410264473	206.17090882056132
308.53792358659024	321.10903702660084
10.060346949237436	98.25964892247251
348.36387536811515	315.46478229662847
308.6664957255175	266.69246647169996
29.407333821716303	328.86592064622397
80.11662323213943	111.27283674880042
236.26820951920706	147.8619422830498
212.26313043579916	326.7921267571099
205.0028729650473	254.31098184000282
179.03094681024328	203.59946853683044
269.1623698971633	216.30594859513803
282.7834261722569	36.666074663915005
78.33318712339836	63.55714919449253
138.15651437928722	206.02904404315117
314.548378434593	245.40561681399828
251.0735838360897	279.8067391918455
363.6276986069301	207.5207901982921
210.53862861338675	201.66262543534913
354.83221135729445	96.47517657464978
209.29655422648923	231.39386981554992
171.34428648371178	167.9270734943864
411.52892777342964	246.45319559398746
194.07540199704675	217.5149556965944
273.3036232948255	54.06902524096097
216.4395292669345	149.48705350573746
340.98883547312454	411.33567991546255
160.90570688051525	68.46324727285415
274.23013322500697	74.30519385025785
39.88410575800284	66.72370474082402
118.4928590865051	11.58022813683367
16.263395281031432	57.7885615935516
76.13171932525601	339.2898154807937
186.2220129111252	292.6121320518533
396.0889242670868	363.85504549280495
363.2180136728388	281.53598528960447
101.53948718881335	350.28504983195154
97.63557121234845	376.8477552029471
301.1765359851529	28.91103551409413
274.01392253440815	399.3377785866312
328.95547031187255	307.8566442152441
126.54342578982785	409.0204434225033
17.898535687834435	2.037127709925694
189.8165545735922	346.7595269592098
281.8089023691089	134.4897391858265
93.89690572865788	329.7965130565073
352.8793311684817	224.37597019572476
221.3597523243777	393.80555918235893
31.814054201349375	142.30209333182367
76.62683772481607	183.69849821928702
95.61682412126645	281.7653913763975
203.62094587655955	384.3232024281332
99.19555587279842	175.85769174200115
30.649536680473986	405.2442252859507
328.94921072844306	259.80245342805597
118.7991003213687	53.80444978820132
338.9561207012778	70.32266755560065
356.33450658260205	353.0022341403632
5.373792599733043	40.57821290475879
407.6411460361161	63.03271934317903
46.81622527408403	346.7328199955802
104.66593460341653	155.4084315689552
74.41029861647299	203.97553322564326
405.88275688730386	82.7512885088019
10.074811655872265	389.07544325586895
162.29105379326143	5.12586241901601
293.50778073996867	412.33882379497805
248.5531494747048	7.284475942608997
241.49240948371707	393.00916572270285
212.61363069394434	107.35620883200535
293.4314948017968	61.12956043301701
199.30692654624835	407.27705541149044
219.58556347619393	19.83574088985696
209.41335475023195	179.89623062177068
254.3648428597275	104.12366201835309
377.9628145323795	152.7580309372603
397.3142119695043	104.42597080176078
307.433938713243	223.3498410474743
361.502856641819	406.71737089530546
311.370277991183	126.12948904650344
198.11718359715405	53.20713187648856
230.85696652478637	212.49968277737446
319.57490811594505	64.35674876070381
148.73797683483676	347.47431665795114
384.6500585769821	316.42550690528566
182.66031574280152	106.3370051900977
107.67038950893784	216.2562185969363
319.49517210773405	170.00610338348676
91.3581477763517	396.3427828625873
216.51422338961572	418.32412375834525
18.75823590904276	368.38241218322275
165.28904014489706	396.37049743691614
119.61358730437101	374.1075460423775
232.60171283149987	110.50098606163294
279.57760284052273	299.0294405284131
244.5115120009211	253.97124741713256
381.5792902721771	378.6950205316973
308.7782328386713	47.358316516297975
392.1771970210236	16.06495334048516
144.75454570443443	26.42267869295589
142.67936381126043	369.03142615855154
287.42031701373617	224.19929643272906
55.572822725621464	384.97446545458166
42.78162469636669	311.9812099863093
55.842007782516966	194.93342901983738
331.4249104278832	10.392562034019328
312.85115321237646	83.92192331931204
146.59087417850586	301.2405672203699
365.7583343790657	325.6120050052601
264.6428476979231	361.5615625515346
316.4662287119308	203.61036252594454
395.55323156581824	167.6385608084457
414.52261871859713	23.43660490918234
393.5613602487388	394.70568607131537
72.3938876333854	162.17429380738824
363.23882863885655	138.60913748344132
18.051303476749673	125.275490346867
220.5332718855164	372.76399355840874
383.8376970313281	336.66273866009914
341.96690171983505	170.46890683412158
195.5543327967961	164.73031474841284
333.78698222971104	89.99471643737486
197.13552118887907	142.42373427510176
358.70941818216875	243.6774893999512
332.4730941953704	129.415680873741
180.05921410194188	413.35342404450233
144.73026685909835	184.92919157120073
373.57217812914706	103.03980600602628
195.5465075604197	121.42250152609677
381.69260500574967	131.2429744188348
295.10304115148506	163.91133977076996
257.3230743230167	298.6765432700605
219.28653223928484	126.18888247262893
171.28518747840897	354.52287100697333
279.7762660215366	379.8747083266631
136.45871714864066	150.77147061935884
416.8728830288351	226.91925744363556
75.66240591993999	290.7225118045952
42.95261165489483	367.0096409418359
249.63733410499316	203.49392344177488
59.017739729915846	58.952548425271694
282.19721273195023	320.5645228852362
116.39382248098205	74.41864637331153
198.60140047397135	93.01581679067799
14.570598593962012	152.6727926092246
418.3148038488081	268.97120540276364
190.2013744731593	237.435874896218
180.56684049469862	15.13139522015452
224.63579106493356	251.504019449349
161.7297057139101	242.34868277219147
62.42817178015965	275.31819419439046
330.7378905074125	187.78412795123043
256.01766713663204	144.8224233732013
405.19126042508344	43.082354112412084
417.9352454136733	3.242501794077677
174.34469187567666	315.3658716639362
320.42747330897527	145.82998822150506
89.48881225769696	309.9766677078963
397.4526666429336	415.69896785245544
180.54546400028153	64.77504841717474
66.00752725451669	1.7391924918738462
140.71290658473282	249.50550541160058
5.688773830758281	194.19238240181033
156.64946415036562	145.47815836712405
266.77595357168946	260.36756845246504
14.10178456046828	175.18002802864834
299.1666103185916	101.49478894659177
54.898822723883576	214.92410958793684
27.28913526548709	349.9202394598367
371.35986489096075	19.56261632060592
397.94195718848323	144.3064808260397
318.6032049130567	105.88214051100897
230.62389866702094	68.80385546056041
351.01350954768606	262.6707798265952
62.73926935827989	361.7789234822094
158.36269218400147	99.60702644170642
134.97876202884925	390.43976030394106
134.49905302954608	130.28800921002787
136.69731769002448	65.32169306618754
391.61810070412366	253.9998943229088
293.02856802127644	282.28352601424376
32.152371783763634	384.45659281838135
102.16585102408042	262.8838133981551
34.61067786890029	47.667276187497244
78.05036508489192	20.62406233459952
192.46680474793598	326.00855008782224
50.58041259037147	406.53690542281487
126.77670054035246	172.8464043242181
15.014433012741339	218.07770871571608
123.14450283846598	93.23221371201151
93.87302331215572	198.44218599962755
376.79361724878703	419.43959456472476
121.95471291286913	259.456401624503
347.7665687714804	295.3497333512106
245.44101933910596	369.7328845285131
208.51246079251405	285.2181664899093
313.76317438857575	411.9758840659454
49.42404277092348	153.42461619769796
119.27687776152959	196.5229186459521
138.11104838856545	45.366542371851615
339.09837350334146	110.7377204223271
294.9631237761213	336.11472645738803
294.01854958599773	204.76643153989482
260.3114573556267	383.51994128904687
195.40241470127788	366.0496618517109
185.53233761747725	183.82901819087004
362.9092726179005	386.023870788956
405.52988970518413	344.77457467734246
65.22537261836351	78.79297943503256
167.5263169055596	334.90298085961746
165.5380255165893	28.1060014267666
22.138898662343582	310.09791115046784
68.84585333212468	314.23336996583424
139.7472650535955	107.77213081102718
144.5182594798573	83.75829239567486
38.8841667335884	122.61108733447325
174.26576868210734	124.71898025703395
54.85045749654387	328.27600123709414
17.03974852955315	21.848161898537235
111.89090947715013	135.01789362982743
166.81691188334	296.9934725238835
402.3735157282308	303.28995564404585
106.21604718827567	299.0003900990963
410.1175950455306	383.773653472696
83.40641881230327	359.70642015026954
417.8832515429987	114.11703152109386
145.20613562906215	229.98449828362791
12.368180253039453	283.6789657929479
25.028934003151917	80.88049616466307
296.0990917961536	391.4544963846061
75.43230760782613	379.4425425574192
210.08627719382972	349.57962765918955
371.8946629001088	258.7724158798049
176.54422771696088	85.11476050291134
337.815918313083	390.7683485001705
57.59667229790499	20.22316953873732
382.8959354338518	294.91522472189706
13.150587323592287	243.66568964306583
272.1512914709691	238.61988056226994
25.262073403874787	199.32766675508657
386.11650961007297	212.65874204590506
407.5342490645251	207.48844372080995
276.6369892318748	94.74728129962733
163.20304698530833	48.82468062862972
111.04175686377447	393.2350068245819
71.93061256316676	401.64993201683166
162.92955028672628	374.1415479203152
358.3238675780878	158.42651713563706
81.81034865427655	266.0676014560333
39.378132568703	4.001518932753405
350.7526766325321	53.80156693859345
236.01481784874835	330.95959889569605
322.55461315004356	369.8114938377101
226.54898800173987	169.97493394058355
96.29080647475564	40.33825086859713
376.27853797162373	359.61310970420453
138.60558307749056	7.376493625595128
341.8045494634671	29.63375214145854
239.43556929814324	49.88111389131376
52.96160524333996	234.65792816082495
301.64010653977215	300.76730287591494
241.917492891305	311.7773728904286
29.641495037347728	104.01709441941836
160.51996942118998	262.3392627116045
256.05880583515284	84.11065007919382
261.51556311089854	324.79989720564987
150.774879081194	165.3237820824519
292.7713875184142	82.11792263685724
115.285094179637	318.2366730562551
32.04657412135933	164.07520234656334
44.73551578477697	91.06603229640511
