363.09095098343636	310.549691175891
264.3145267539876	130.0084700295786
256.10511333561476	165.790671760895
276.60007068304776	266.5614310878365
272.7409207498395	338.3673866921765
90.78642623594104	4.41729842476827
269.3898579030846	413.62751544991625
257.0496143800978	392.3181204861611
128.38806007499457	228.69920009843355
290.89225149926983	8.362644211265842
312.8117001895751	29.332445504370025
34.480100953004715	246.88391616845607
64.17818496181056	226.4113208702034
136.0249217766943	295.01596648501913
7.266925237502527	334.55560749023743
331.45290511196634	244.8473354688703
412.21371797453054	325.1837553124548
376.7303052287922	172.10345470046337
289.83313588978206	349.3982088696773
96.55827268886748	97.46059023896875
184.83022885104697	260.7985446420168
370.63339097077613	35.59794358957937
141.87124220672868	396.04955506322756
72.00013351168784	256.8306972011417
313.1876885453609	416.11685441769987
31.56964358333175	225.98629044763365
340.44989385567754	1.3844409372165876
185.36513738577312	393.811978183914
342.82610103474735	361.62335947015674
337.0819477996356	153.8578914215333
6.622576032824592	293.10896793786617
403.58102191503906	195.71244747373402
272.9800252029878	9.304072858996848
114.93946729121822	97.11234622008826
384.5754488981216	43.66239271430813
409.9446675407916	284.8949136123068
189.1658427285994	148.55249388993008
152.01478316452872	282.5516974425412
167.57037875140554	118.67679405493867
223.25428678960046	307.67769534580924
322.0908912313053	349.82677844562613
71.6658405152651	135.85880934768534
133.60156831621558	350.54624020517247
114.68772750791877	41.49083646202816
227.48731634149138	200.98341963476398
282.3234967754506	158.92453490572584
306.7992831587485	338.126714153461
303.96058687699843	141.3283976762517
27.84771728089824	187.8234732161667
253.7185901076193	343.7543294067656
199.7559340068494	284.92215623456786
306.2654626143735	358.49000897323543
46.277733199836526	122.90840034979036
381.71408613673475	194.04761588969535
57.07071835730347	250.58302276485927
338.8854148725314	330.937647549995
6.077327847482987	144.0853556295959
87.88132791739805	70.07633799421487
114.71648261858424	20.274793621017267
150.3528591272578	324.40651992035663
194.14451273011596	70.33179934862001
372.6056376221499	59.145296144738005
282.84465114097424	175.79007909601947
244.75028868215892	412.056847985399
291.91187358967403	367.0013939565404
291.59741905435595	120.71939166515705
398.9360496591098	228.1082437537332
264.5510313984429	58.55589544408712
235.6321612240089	361.303075849458
176.00671012532467	37.70495029929398
34.69960334890586	272.5014624784987
418.3924287612669	402.8005752489351
240.66410875579797	250.65815146291607
345.86466981650176	72.512051024257
33.287053266637606	30.08520701518241
205.97075597459255	302.2600388963591
258.3539454873328	29.284464175014612
171.95332164559863	190.40980747544037
396.15104273617305	323.3038040156761
303.85385027410405	175.0313722560366
344.52054868403366	123.52844097206727
202.1645211613928	9.77107275082785
395.8485563869656	276.46932096627467
131.94127401748298	332.6460347344066
367.4384710460215	81.05809577966436
221.24712310456587	54.997264458693415
284.9423211475651	193.22618716564008
95.41529376033321	251.70656057375317
213.4081878367015	78.16134535859298
179.32373834702656	277.4359959333105
183.74997703650112	229.01825948367966
106.63718045817383	143.16392478808066
253.33257702132687	224.56319155292002
322.7175683062537	388.5032175659717
407.583683763016	132.94732717644015
271.11140043623124	43.46022995828585
14.706067545921337	259.91136005257744
52.76189065209745	148.84278654580095
48.40674812768091	182.09254802680434
29.470258820048702	294.0476071374214
286.61371460699513	245.90154724602866
367.8851264052945	239.4602689343399
223.98315288891376	275.7174256320882
155.78391538165192	201.92601353711083
353.6517539067427	39.37908671696908
331.1080956667911	297.12654925535645
100.84479577427891	55.33026936060034
65.02097070313833	33.82995392558621
364.7470263886328	189.7618994628999
109.54240005958464	418.15669728909944
410.64077618122724	353.9557027474806
307.888759082108	275.0886087196947
236.19041414321134	124.96713112034284
244.54044794019796	90.90363975613877
266.54726843363164	188.28865926151238
77.25981850819174	239.9861795919881
80.9675088005793	41.629729985388536
199.00357250155253	27.43303341433447
327.36177427012564	40.997640033576815
416.2302150645416	176.55015435924167
238.2988677125477	284.9439751068335
55.67443614234252	284.7532991615986
6.822560179068575	66.09919739349047
325.7380944840377	224.67318179432252
130.74867323758244	270.3976208508108
60.920253707491405	107.42979594006202
271.97902342395395	286.4241150870785
345.8870536905595	193.35125832757748
309.44480090653997	321.24398917758873
8.306430086826486	88.23889543675377
338.41142641283267	312.30885003467966
301.96238830262723	259.19165416783676
25.78495246213898	318.3609860128994
80.20136700302261	106.33532651284705
243.72520254011238	144.68640439225047
227.07250119634435	324.3972253761453
200.04527137996098	268.8809191895431
179.227629314154	212.90408828274906
265.7642932482598	209.42196579973418
283.83743815052844	33.34537477739223
72.07866785834788	73.07022707513583
133.62683356348887	208.85019760888184
304.79460265797803	241.76351109655585
256.61495321935183	280.59954042628794
365.9977950493667	217.52161073419362
217.08304870158673	217.56115694463372
351.2128345717491	87.80393457202717
217.95764831340747	239.26124710222987
192.29146687609162	168.86463562102233
2.315742555770615	247.16641523235393
201.09034186540893	216.87249705402115
282.8121179188097	60.072561372979784
218.09923226563438	160.3487147321667
326.21194099949037	404.29065702014174
165.07576656538717	74.26741692149014
279.11077309709475	86.47924755875538
41.31668530484763	71.82211598442639
126.04126945679936	419.579066843585
25.070308865590277	62.794889998267436
57.61196224225117	335.0823205893836
185.23332091275694	294.0734298058845
387.47093125714684	362.27675963624785
370.75018846616507	269.6277912277867
115.67784933644249	353.6114630219644
104.41536405491102	366.9431875692971
297.14885921557936	23.561886815050343
272.5755101561278	396.16792774935993
315.5305349591811	301.38088849266444
124.38437257673382	392.17521837252997
7.05261716859258	3.813018996204361
190.22997441570058	342.72154097896475
280.4598443674005	137.04274664789045
103.75193683904783	320.67722762313934
343.5872650045346	225.34928642747067
230.35077539620386	394.2436411922599
19.651455127345972	157.42707393184025
85.48495601887491	188.85186061428237
95.64058329055607	282.3094518019277
206.00932001545158	391.2829780418117
105.68634192737439	189.81677604974274
15.633126906723936	404.585585773989
326.01664397621306	260.0940736942932
130.1957398270452	52.60429955923612
326.95593296214054	69.38549511049389
354.63100435759316	334.4263372767623
1.061796682514303	43.065285188358885
407.50374641739484	60.23980127391013
39.055512690131046	334.9692085267581
94.56734353141854	172.85006681218331
64.45708153195136	202.7140686901719
402.4548180527621	101.77786843543946
9.607868394961987	388.4914833405361
161.99601784307993	416.5917170279788
293.04256846836813	401.41300181284964
254.12645788679075	8.068539621295066
246.5589119739403	379.2898517501526
223.9489051903609	114.65526579949291
297.13193747811863	69.31919650547195
210.45183979217362	411.8131085924373
219.90850998008025	12.674587516090256
208.9595594397882	198.01138114446061
260.42180149898036	114.17086295202822
389.72116698818735	159.3679224574539
399.7433341781176	118.65822500112317
303.80551452725234	225.57978464679672
343.255164073384	396.75901976254323
308.1488082262649	119.18829288004777
195.565847905537	49.1471245035754
236.74328476273485	217.19289262685865
310.77294124073023	58.01346533662256
149.4692222917624	343.6491480748456
383.9878633241717	312.8587233512937
176.58594471367377	104.40748254037264
103.91603611578012	214.17756137928777
320.69359656668337	169.55332710709695
91.7198880871992	407.9922705816109
226.8956214443147	409.8703811060367
16.75878457350643	366.4384642073068
158.89427802146727	394.11852065506224
123.03067056506465	375.4350534061903
242.4052285337437	107.18399475733065
277.9835942219641	301.4001321073872
248.65284866411872	264.77991358260334
378.0927684774109	375.92914832430046
298.6414876521699	43.709263815286384
390.2178287345639	19.933561766949737
139.79860135268416	14.166914704905594
147.27299150363055	361.7603750744692
290.7485506345453	209.21197708333074
59.074449251157624	384.8169255131314
42.92042310539254	306.08149106792354
42.31465664538889	198.86979643555375
320.1267021682645	10.988820984081173
312.83051374389566	87.95077929037218
152.5484693001759	302.2642553221116
370.7091535107585	325.27390468325797
273.36733236052066	355.1243607537424
315.4445496336496	204.49302188959433
399.7194390879244	173.52622561177438
408.22536914987126	19.818893213391096
388.07813302753016	395.70077668409374
63.97328097608652	172.15393301814024
360.07415687233987	138.6452177544639
11.481967433736747	127.19111831890943
218.85131502579407	381.2851339995028
373.37212892944024	350.5588701706607
337.4653824129691	179.5300715337576
207.1153567765557	177.21440314790533
340.7878754191889	103.2215168926005
199.98228592540772	134.87675473360062
350.61690493080965	240.67900042487082
317.982921159087	133.1411304644495
179.19007825256435	410.16666539554893
142.0988653369492	193.10747069739992
361.303750629588	101.15297057088242
193.09611979583465	105.30566304738201
376.599521412129	147.04347583115273
302.3503218393733	158.06223496433424
259.8731725602955	300.5723118239222
214.53479490562114	127.62715450643715
174.03062889618002	354.26676888387055
282.1108668609748	382.91966485908824
145.4598916264517	157.31266716551372
417.5262522985354	231.23527468024628
79.98644932448177	287.59226538549467
59.329790674335236	368.55049056478526
249.95606830671986	205.40615716211164
69.68478425273194	55.21037691622972
284.26907487959755	317.2128327666264
106.34399664945207	77.29632076567675
197.6951146570169	88.4188967236535
12.487456564249754	172.73638516091958
411.76849222228407	268.5430093271289
187.98489427631992	245.05543647449565
182.090387167049	8.42887678826104
221.7936853991043	258.31901279565244
164.22468007154214	237.58942133194245
60.09756490071339	268.73680968655617
328.8195694645194	194.59852777131223
260.27162556976003	148.61121909962958
401.45380874469316	41.471244558426655
410.66109607821426	0.19602773124925002
190.61425596062028	320.8212989624781
319.5166699988872	153.33147263381133
93.59771751073737	302.40011111451736
384.2325872175743	412.9590680557665
177.70229760807504	56.65676952049405
76.62816694607481	416.22978024288614
143.56708424097334	255.1905129956408
417.777752115783	211.72355318007288
173.95749712576924	154.47174606797546
262.1167185999881	254.3185314416569
7.743183124875363	188.92769076349234
290.7797865678705	102.9729247315502
49.24673879301614	220.49831677131687
24.707936235539957	342.30449010694156
354.4373104793808	19.85915746566485
402.5968210733286	148.55526068012173
318.15155489977053	104.69640324459931
234.2773956504763	73.19833401071361
336.77352023652037	275.5271431688668
64.74730340851035	350.7611792867119
163.56805519844696	94.44075076894103
148.9343652968896	379.3576493275223
138.40438833110196	128.46940641606332
137.7229439858964	67.17979535798011
403.30457611357826	246.69352958374904
293.16823911771843	281.52442821261405
33.20519082166112	391.7795229052472
115.46302611145806	255.63700227672322
44.21085293233115	44.798589716334014
92.10361859609658	21.064904580229225
207.61023032827651	326.30965262387423
52.79628060450021	399.7524171013468
133.57307074290256	173.26308246584964
12.228442302755218	221.86515726973633
123.96166575902078	82.56607562746387
82.09644013757143	217.0072297720887
365.20053456255727	7.762777227214298
128.702619831838	246.5884267327845
356.4714220665851	293.5325466893951
255.5487165423832	364.9933005532103
218.30518376884135	290.98536906212377
309.57094924131707	400.1574426449777
47.20003277363272	165.82373327019096
116.73673536844133	201.77649506586098
141.45186447077756	37.0120876646465
330.0626879468402	116.54895747660186
288.5925813739599	332.65919941203236
303.86893802662917	192.3158616279961
266.8749243276324	376.5200878088123
217.45831725940286	360.54391943576195
190.6052571626287	190.70683925918877
359.88691988984823	377.9110273003638
396.04086268941774	341.9730698919738
58.453823180501914	82.66286238567204
167.4151825832879	333.31350858432995
170.55582635462574	20.193080586948845
7.089401816837875	316.99503678568647
63.84986464333066	312.40958480993135
140.01068195615392	105.12835160579506
146.2266885650347	84.20031053331203
31.259040632059595	128.96061515312644
185.9244097015664	124.39642448535092
49.57579959354839	321.0453625594874
13.727917416423358	23.653003325897437
124.55912434888201	157.85394207223624
167.13276878690917	295.6908267358912
409.0235551106345	303.66992024567537
114.56911401109838	288.2202183325523
403.4239162055847	383.5075735606307
88.52601857892762	336.9799890623872
3.0329873512174435	109.00337987461407
153.31142395740645	223.1770368618805
17.584075838204264	275.6897578793014
25.254843200307096	91.3877531493717
299.9395906301651	382.92288462134593
76.97539247595276	372.37813884435053
221.80850498348332	341.5301156751786
386.52925862088364	261.7105616548776
181.28912424550663	87.69199283371225
333.76433902694794	376.4865678652616
71.30663005955864	13.136600556402838
391.2614413376369	293.17965317571014
18.4058367676398	239.09287998915644
270.0011663760621	227.2583404581067
17.657389572542588	201.9612003992103
381.18437031350396	224.9218389221856
394.5387079614057	210.17667751783657
271.66934089254886	101.94730711684473
156.12468207289996	30.47395810123655
107.85157487771134	398.2753135299013
69.2262123717313	399.09019670818753
168.0032241948465	378.54578928542736
355.512796598585	154.54227922098235
86.46595878090599	268.7349767594244
31.350532590303132	4.807283329704295
337.0284194100801	56.22715824125735
242.6271743122903	329.8962817151219
313.8101112306178	373.98986266222875
243.16601068453804	181.05384367047452
97.64958774292775	37.37613517003312
357.40362911184843	354.14654530382194
142.3332903204931	414.775745375199
334.6791874876935	26.743558726840455
248.71112636280677	55.910746131153104
47.30048708996427	236.5616716975062
296.1983771078279	304.40370795676273
245.19234164813125	312.29372950203555
25.68534026647408	112.28240031095721
159.9762853457634	263.93515722279375
260.3121964409558	87.50785147221467
262.11777821215395	319.3307779512246
165.98758696408782	172.51497085083156
295.7532329076402	86.23000884968022
119.85770837588754	318.3996290759616
30.120291936423488	170.713161825325
44.2801781710817	90.12243559418643
