364.71618442766663	304.86220161719024
264.13713797062434	124.29994341480827
247.5602338292429	164.08537301749743
287.04359561502844	262.88813809974346
273.9799610286532	340.4004899592211
88.01934274978825	417.7611803844326
272.03399587731775	419.68591879762346
256.45307853803524	407.67299559076173
127.0362899369886	222.37158508180522
288.6860306905838	11.392985909877291
320.56774132612605	29.855477433427534
37.64856811750763	252.7291604642563
72.58565561637765	225.63722990487054
127.75638899199083	301.05953762330756
4.99284152184884	344.64472176148575
335.7791025007894	241.32544879526935
7.154407186112126	324.9545389399452
375.36598203966537	173.4026815308616
283.23330309301576	358.27376947933385
103.63009327992658	101.04979855827712
180.16218050793753	256.34957451200114
384.66149485735053	35.818862213937116
146.85256487936954	407.92158627099224
79.45977523071868	245.13703711004413
312.42657536360605	10.536685596042272
31.914131082456596	228.15741860921864
352.22550954634517	9.6136008586759
183.3501107290035	388.7900127492604
345.7203688737849	371.6643918063444
341.8293676198338	148.50352798878953
1.6596454828868845	302.72536267932617
405.5997177879399	186.90771813965594
269.8936513184098	19.72373820762361
119.74416564962497	116.86546247165107
389.4544173591665	55.113565527888184
405.08096485785046	284.01111787999895
177.30383851170055	145.42990910465662
149.7489488050268	281.1481745858358
155.1051688209105	124.49452297091135
221.45082080922674	307.519942717327
335.4810253610934	352.45846722469673
85.2846574735184	144.60383349355604
123.90711396147955	355.1079364936456
118.2966985865892	34.495897181458936
231.93234539086055	192.78147883516976
276.6291373932879	156.10346968710775
324.126480487785	333.97671957682235
300.9517797759588	142.65424222999164
35.80915754638098	183.6010780897866
252.37898450456973	345.12672247682616
194.00175816426153	272.93514803314764
309.8011293076099	349.4050269807714
59.133326635468684	119.70353168995892
384.2847226869238	192.38668550531463
61.14627318911053	253.58055387004094
344.7230572180487	334.88861681949214
418.63212605628155	138.57139477854653
92.33419160977643	81.28427196466014
98.73261558589233	17.676016033151175
150.66948500931272	321.7435361988683
199.33696927673316	72.87226596586886
370.2322024137958	61.627620345761294
278.5624336921649	177.06952127335123
234.48557229308403	411.43551806161395
301.68130736197713	368.2667654380782
282.67344922434427	113.18039855960035
395.42589817460913	230.76380606582651
254.7987262680464	62.24769792503423
230.46133259773583	354.3136324408495
183.48245441926457	39.97012541333191
40.5264039479589	274.4170663737941
413.8352082018405	403.37775037464763
230.88667675060606	232.01104420210808
357.8662283000685	77.62504998979271
38.41990075249917	25.395887432642258
201.19622118474808	307.2342636655915
239.2723703224407	28.379734315177362
166.8337115339304	187.33391485244647
405.8113951701847	323.8045904069911
302.8549287961353	183.24991775122749
357.0007487050384	117.47301689093753
201.21127467788395	13.211744964005959
386.0182756034287	274.296585465781
131.4191512022304	332.40759169682934
380.1891839007059	83.95262984125748
219.45709680800462	43.66109929138348
274.8996783114881	196.53874001195948
114.02983970879883	239.75185429194633
217.17227997684742	85.71997582335308
174.08342410022985	277.63763210703155
173.8020201703455	226.90287950372687
98.63789085125511	121.02514508142782
249.88354196257677	222.8980007928681
317.92097812243964	390.6006537323654
400.6265957303105	124.1746477130314
257.986403170634	42.397475717047655
20.249490629656584	264.4775854722091
64.01660951728825	139.62774246568176
54.459429839392165	174.99488140474548
31.51416514384248	292.2970111038616
293.5883344042313	244.1479378117938
374.4632363991598	232.16180417396356
224.95789205337158	271.4010143965156
158.4325125615696	210.07748231148275
359.4403856255719	36.39186120186926
335.5570926881357	278.92901476319923
98.70024116003769	62.05612463833992
52.89255209702045	39.80097220330128
358.9723909294631	184.54463523852226
107.39328320978566	413.18940811168613
418.97841044783854	364.3981187388159
316.33931036945364	288.67389863304146
244.67664522157932	127.15902837679151
237.23869747037512	88.72161740366694
255.7712277939461	182.4499484698037
95.54917973583734	233.0419369679318
76.68963797846341	43.093486645882365
202.46118303482007	33.4838687848256
331.81003368063483	46.38311643280852
413.535281766558	160.29038888537804
233.48123705908645	291.03070507194377
52.3541729115053	294.2798156273288
3.974492801193854	74.19649593803067
327.8790482602785	223.31491955017594
126.80606441209602	278.3988839270367
63.50327238455225	100.12290635771082
273.10888702696	280.10467853761753
339.20523591032986	205.7891388814541
309.58120375354775	319.78763903332225
10.38705113614043	96.61650568402092
347.65063538187303	314.9200293104486
308.91429673542444	266.17342452014054
29.86577289645451	329.51278314808536
79.83391480724396	111.8326999230713
235.9611037886623	147.03730981608413
213.86601487847506	325.74562567466444
204.70716497151957	255.0187315067025
177.6831880232529	204.11443326541504
268.64420603618254	215.15623786007333
282.44376361573825	36.837686984045206
78.61155804528767	62.89188539530971
138.46769578993184	204.7455321484102
314.2686022105857	244.19223262771945
251.3750601006681	280.0815395073006
364.18748397089973	205.58026138358062
212.3702566988892	204.92200632014092
354.3073519512516	97.73519797197653
210.6516280707657	231.22989681395165
172.15997767296432	166.15287828138435
411.2962990441666	247.44299885033223
193.73051570808553	218.5786605271627
273.7976563127278	54.57606457767449
216.43109738578457	150.63361345548276
338.79318832243825	411.8667454807516
161.43532975202308	69.53529915316297
274.5579004211881	74.31204283626053
40.886464757333954	67.08925058620379
118.3425663475558	12.344232457979993
15.542395569890079	57.45865364818861
75.16539263179251	339.1999329474765
186.92831929496765	293.6759345233212
396.29505510545965	362.0227154194073
363.01159135844256	278.79190498775705
102.05064617531772	350.4053980834565
97.43099662503055	377.3506752711623
299.87450305310574	27.72165247270799
274.4608656719962	399.56070081547
329.79736251613974	306.5878442124014
127.04976339372978	409.3794809972651
17.42646550330997	0.7538176309849831
190.82195164201204	346.8098939200985
281.7797780661952	134.19958929552885
96.10550501074137	330.8655485206979
351.906907799228	222.95501340025706
222.35162689334138	393.69827893844626
31.37303963559258	141.9000258797881
74.67155032767468	185.05775649545762
95.81376168696795	283.2008525939823
204.0314539407618	385.4515054371047
98.82245706061614	177.71013962400275
29.8936978875721	405.12893832454034
327.98152194500705	260.18879270618163
117.15359875471236	54.332613945931826
339.0408909557886	70.7709392674182
355.6672577221847	351.9425178067945
5.016197871269198	40.73388027701169
407.04123287775553	63.96091700031476
47.6883613837075	347.28881383050935
102.2321543383602	155.75238031854082
75.59664253178286	205.65115419975146
406.1626376886702	84.67346511231057
10.43177582024859	389.8710530229551
162.77282418723937	5.103322567118017
293.55262794878274	410.52672807716004
248.1791774063481	8.167111670489668
241.92546334240868	391.80373607414174
212.46689047412514	106.99747197168162
296.03117401781344	62.36128358728076
201.37317621935463	405.86808774958627
220.10865644478594	19.657731893654553
209.33170413231184	180.99455875202784
253.62339700054105	105.74218678839514
378.55130334345546	153.4310632669014
395.83243480052363	103.20215132935573
307.37737581951006	224.26042010989462
359.86310483134434	407.80743895940003
310.81867512737995	124.756891717096
198.43997107128672	53.15490574657232
232.50352764205317	212.43232646281194
320.2948013603898	64.79306888450907
148.53466626438927	346.1843313420524
383.5274290697248	315.899417599865
182.03546461993685	106.14062018096394
106.07768528469414	216.18948231105148
320.96197201190995	167.42529115959215
90.50248166941373	397.31309246119457
215.93513344364666	419.0558189144143
19.182071662298107	367.2808660071963
163.69447715297463	397.76156578901646
119.1148449754077	374.90125807562794
233.23025322375466	110.82416675452095
281.42463280211405	300.5441333320511
243.84682453374558	255.45285233825226
380.7284062204111	377.9079683549733
309.77433306365936	47.55476816077662
390.94109006878483	16.794654273337727
147.5280448722039	25.897941479408974
141.91782664894623	366.9328270451585
286.9638991012645	223.99279640088722
55.36849568256054	384.1218344132399
41.57416377201843	313.3252515610591
56.958765814395534	194.9517363271544
332.13162579360574	10.536616653167284
312.5193437452693	83.63076973816865
148.1116944718052	301.6210135280354
364.4974711672483	325.29453354213234
263.66337149035934	361.2428673380048
316.21747370856406	205.47422870930356
395.18919187312304	168.86634307070133
413.7283376099305	23.161247660462262
394.49474094620274	393.8046893568722
71.122494738566	163.60158931054175
360.39551142017615	138.48608136914822
19.158331346817036	125.2038962773268
221.88800197045182	373.9004849537483
383.4665274462695	338.46481228096553
343.533067208786	172.16180234055784
196.1650899017248	165.14824370878154
332.996680884046	91.14530355823318
198.34824325129784	140.57685901225463
358.46486698048574	243.57658872424204
331.9534559579345	129.81721381175817
179.4085445085106	413.20026901954986
146.1537793847509	185.38359473353248
373.7248810271722	103.32611981608206
195.40162755715627	120.72040629623451
380.81772084037823	132.26023326079041
294.8811972053182	163.57602025038034
259.6847314795655	299.31441230624284
220.98915037447279	129.34312763330755
171.8420806971656	354.45667102307425
280.6221978438923	380.158093311652
137.78067706942988	149.91782865545682
416.55092896997945	227.52867744575303
76.62637562286658	288.41160141457846
43.810003476805996	368.0082519010513
249.7910026622954	201.81433652886167
59.07413150262721	59.044412673294154
280.7675185569445	320.3827489587456
114.72581516493557	74.98496326387482
198.4251410996961	92.9532591712412
15.135051577946237	154.39500013113488
418.56957101949695	267.56407734519865
190.74431891390117	238.23048203969546
181.15456647468923	13.17393395454093
224.25218824646652	251.24911824813674
160.9725488914593	242.03173997115218
63.15242039880017	273.3869513146246
328.4658945172143	187.28038395653357
257.8288347816412	146.29928580914532
405.3736516377506	43.30780865206398
417.3034092303372	2.8098547782026544
175.19680846447548	314.5277700004886
321.58132621322073	147.24552861769408
89.36095694162493	310.13867426226744
398.12283967617975	415.69731542901576
180.82412284014973	63.07497975546401
68.3667180311388	2.119058025845571
140.72508836942384	250.84816033793905
4.768482542504531	195.2802581622137
157.215988860613	145.9628350463764
267.2192216359478	260.1813310260025
11.830041640545465	174.55336674541707
299.2869998148458	101.40909356051853
54.39309774318864	214.72557039275134
27.811944017245008	349.2103514436309
370.69515993918384	18.908667284809468
400.2765852347798	145.6350643950511
319.13705943997337	105.08086780376392
230.80880671051995	68.01243460923637
348.7217266203721	262.02120082163054
63.83893726921001	358.66309784082006
159.59493658891748	99.10639890361328
136.66166473886202	388.1218996795329
134.3149790981353	130.35674711059343
137.8299266684747	63.41433140931444
393.1684805663273	255.2532947142594
293.2552146017119	282.93648814550636
31.982361056446443	385.05560535420585
101.64999881507269	264.3039212779596
33.4063071901825	48.849385593842705
78.37090404501916	19.23234011210551
192.01317791056888	324.9524998132185
49.696809580369795	404.4082614342682
129.9997860238714	171.56177553385942
14.6713564749966	218.37884250782335
122.4119416072594	93.56512213191571
95.51534630236861	199.27533954993902
377.00554457745056	419.47535187097213
122.275459339697	258.0503928730339
347.0762345907218	295.01549906377426
244.5709755680756	371.56056085797434
210.1493368934226	285.2240494703455
313.86746297093714	409.9830853091944
48.8611121609043	152.22862603568632
117.83405992933872	197.35374527428277
138.2569454833937	43.60884452282735
338.14337892738695	110.42628213154926
296.29536872982595	335.0320187792651
294.60424730887763	203.8751972650576
260.45807660968114	384.4423545902862
196.67773643603962	366.6186893436434
186.93742288991882	184.40339386173918
361.99861669276476	385.3136316823438
404.447480254012	343.49603490396936
63.46666588960446	79.37463999681658
166.93763145567263	335.0230290853042
167.58361480661142	27.702562630688124
21.044049868689033	310.68866837353465
69.28453344338823	314.8052926174264
142.03039213725532	109.77715602752858
146.8807604557239	83.09909099943552
38.969531495327885	122.62242178754616
175.4424528873917	124.74365618994308
55.70802697286839	329.25362662576083
14.962513236349253	21.739141084740844
112.05105936222381	136.32721051431608
167.1168332467627	296.1272497638823
401.2823863221756	304.05253509213657
107.17552067658761	299.59450823932804
411.377116943394	383.62903989179597
84.52190949943041	360.12472116058626
419.1435744323205	113.84268649247362
145.3607400663485	229.53630789981634
10.525154517439999	283.29805265710326
23.5110019527333	78.93635879857442
297.97722946985783	389.40472004045967
76.61404079056598	380.436614015347
210.53076368997736	348.2089569383606
372.3616843290073	257.883685868811
175.39791451105847	85.66705449334964
338.3547962290881	389.99811709796734
58.16174650395797	20.0205953210812
381.65347131301763	294.870897097958
11.711781703990496	244.3060999536121
272.38437485715326	237.17027195731805
24.15723619650434	199.777685067771
384.41528398769776	212.3514951227477
406.8334165201597	207.63005544735717
275.5129899329073	94.74748771735574
163.07496463868475	48.28594368862357
111.07571934476742	393.1868452769481
70.27648432055281	400.4719579052338
161.47647878675946	374.3872459100819
359.06415760181727	158.22684711554535
82.35396713219306	268.34967169449897
40.96531268316311	4.6880264925259665
351.37813858588436	54.47408111605963
236.08304578278697	333.3667294826326
321.8471452837651	369.91182462658065
228.7430986219112	170.6762601038489
96.83146098138775	40.56501352877733
375.7085134740107	358.44493061342115
138.70798758263993	5.832989440982566
340.2108639198981	28.593210917296407
238.1893103702761	49.68767437107183
52.88883636145359	235.2546926791328
301.46552582837944	301.79634966505876
242.87598583998226	310.9141305158094
28.488507903179006	104.28868365085408
161.25764242040216	261.7082998328854
256.6626065331315	84.79966966995882
260.44766837554283	325.3276250927557
151.59159331392527	165.3161214002708
292.9085309539032	81.99234766532484
112.06486751101951	318.8076004661677
32.38566600426444	164.14862499282418
43.109695209803206	90.19309304834789
