365.45316872540184	310.18539685220213
267.3300512388225	130.9921984079691
256.14412893380444	167.62808465089464
275.9092022725316	264.49540321337736
273.93156242762416	338.8212353391097
90.38703994877096	3.111686402998858
273.46150391021166	413.1389857288859
256.96439423230703	389.8340592909692
131.5200332356435	225.27157520186236
288.14405784165456	3.8769021837445448
312.5638180351087	30.686931800691692
31.27903783019541	248.38946163329047
61.45393521017452	227.72427555939385
136.69531660545735	295.04261576445515
6.20908478451367	333.75869138337083
334.26965463600806	244.6630977769965
412.65941786311697	326.80813379998614
380.36459362785297	174.86198787868767
290.3837713593881	351.7557594810332
97.66870723641827	96.42736262263145
180.688901527595	261.20954010103117
368.32544895468646	36.80241150257035
143.71457132918536	396.11239081256986
70.68340010161009	254.80547903868725
308.95673361676285	413.6163021515367
31.06560943257037	228.3110048702041
342.855728471297	7.962187831226376
183.00036401236787	395.9803948848114
342.0756235945407	363.31140913606686
336.8276213870013	153.13452412402214
6.946936423939175	292.4979806657099
403.3137441967665	193.22153856729545
272.68895286345554	9.341452812765043
112.47164674887156	91.07428271763233
383.824439534655	42.48191845750166
413.3682476036953	283.69135968915447
189.74408268919373	155.32172462866865
148.80361079428397	284.1765010661449
169.3800182481576	119.94631611991028
224.26247425955998	308.38488724045044
319.63391180116514	345.81419364484486
69.77453108089873	136.4607850395712
134.27340989185586	352.2802757428131
119.51474804741167	40.161926477501765
227.30585589621336	197.69754107013551
281.3570706600165	157.01472974128458
301.6518115439736	341.31840328766106
304.9928419444063	142.9990621258876
26.690392452166268	188.888842469097
259.4031733415204	346.1126262777002
201.61784704231843	284.0819665839738
305.1806526416836	358.03610216883106
44.90243425474332	123.95288087161532
380.66756628170333	196.60218847537013
51.06303531512387	250.56402188074787
334.5743164693169	334.98389333270825
6.395311605063346	141.83242160885797
88.88817052361114	71.15543598313636
118.41216068239127	21.615595563000106
150.48075601556044	326.35489741545973
191.82386013815278	71.69483056078965
373.8315079916415	57.68936204461167
280.6930824496826	173.14056113105042
243.99711032231204	411.24000428980537
288.7241339360629	367.29074885834234
294.25229455281436	122.0038412043392
399.41381116998963	225.5669503364917
265.4828512934643	60.34783954515956
238.40259353191482	363.2012465085074
173.47457685001723	36.50597070601697
36.57406793626957	275.9889568123595
415.3091240599373	403.84448149230195
240.3522995349682	251.69515104441817
341.8363344369475	71.19020152365347
32.03611623530157	28.82297042200356
199.75643283922483	301.6641229651277
264.27025625193653	31.604700945329995
172.46648657467054	192.0833627242146
395.5865144435389	323.0555526675283
304.19161771587983	175.15657643444692
344.06252285003256	124.90771359550102
201.7248536316881	5.6630323225979815
397.2244199109383	278.7354740853669
130.61762559974775	331.86407522752506
364.05685976565036	82.67116564158918
220.49769936644202	57.199797078027295
286.72732845880336	191.48316531223125
99.23516022896708	250.34854582058384
213.45179389077282	76.13720400444835
179.9310525955975	276.7403249152119
183.98643792547563	229.30989131445352
111.21941163631662	147.6823052742387
253.89538868610038	224.13336463640042
322.42044302441263	386.3071986627966
410.62622615372265	134.54029505320915
271.2683131083645	46.225385914480256
15.977805464916823	258.36530178143704
52.91674484700883	148.4421572334422
45.159545906168646	185.12839969178845
30.482126365186758	291.7235386850945
286.93868065789394	247.63850350861517
368.54900090628587	237.2524559901587
224.8111298094353	274.38961450450824
153.97584740234385	202.51618345339568
350.9444984642329	40.02454906184483
329.1660648433317	299.278890151431
101.42217995886891	56.76768425296869
65.88583760838839	33.800052004595386
365.21027536475	192.28908671496268
109.97873659698286	418.77034311542565
410.3369597627404	352.90155246789703
309.1599153922053	272.39537037038474
237.655295896662	121.92722180919291
247.47377782283772	92.2561153112498
270.4151792238451	184.48750401437658
71.50538016725275	239.62652658076473
81.72772933854976	42.2990580560887
196.95762582542642	30.516741406751798
326.20499789702166	43.95445119823987
415.1956651039433	174.1507923731974
238.56008141850455	283.65911848032107
53.64818002654935	286.4415138444624
7.0641522072243825	67.00545406628203
325.43421493962995	222.46328212671452
131.63501225771773	269.4283527698168
60.93460531017553	109.14603377792331
272.5424286396741	288.5804382040839
349.86641572120556	191.03629124934295
306.4440940237076	325.6807196715756
8.44326097882664	87.10243430020498
339.9192850111525	315.4598542669337
300.3662378636479	258.7020448235692
25.530624067378355	312.27146133084665
83.97745751997881	103.68948716882167
245.82591777329736	144.18693646325892
230.19436741983742	324.9225093267584
200.03754543364988	267.6266290039167
180.5302685551694	213.1513773174849
263.14781821995854	210.38352030087725
283.4219502362314	33.70352500071251
73.63131523045291	71.28658162208033
134.59867182316884	210.27135650837303
304.32683526020696	242.08337689475016
258.38326324877676	280.68225012292044
365.46300235045396	221.91871094702645
217.36110461578127	221.1785601577917
348.40827373297645	86.95709836118824
218.34680386608204	237.22234232028686
191.63520872290022	170.56773044111682
2.288184699077684	248.26797734902263
199.7967570006541	217.81561478921233
282.82139375390454	60.928367620574434
215.68148220201346	163.00739227118254
324.6953816072264	405.604766293878
167.031699740641	74.46897086160777
278.5906121141694	87.75666139672083
41.973524480740494	73.31126482689854
130.3705150043306	419.2383764952795
27.70403930938434	62.767701646118965
56.646874808972306	333.91862965085863
185.6076946154256	293.4828276797084
387.6831076821589	361.50094108758316
375.34721733662036	266.0474562189666
116.70571778230327	352.8060696634654
105.9664888703079	366.86841077823516
296.0053008443987	21.817611553748424
272.7613024069975	394.685383285457
313.1526144911533	301.56573665550263
120.56780894874065	391.5957902530798
8.389631533397507	0.6810812802873438
188.52518820803454	341.65240108037113
281.1148098200721	138.7242230554111
105.60389312740995	319.7888073409639
344.5978308687194	225.03658449057303
233.7246023288977	391.457923157495
17.510663674144535	159.57032550428914
87.02151871962512	190.09766959532539
96.39967089038247	283.1996711747457
208.50698025878793	394.1654819746795
106.37830387000453	191.13390931604124
18.59677662777317	405.3399801556204
323.83529365549003	260.8528244905473
131.73386725563003	53.22365936628567
326.8117753696525	66.78929239834908
350.9761995438019	335.3435647649742
2.706578802970568	43.27611030152658
406.63129246061936	59.21090898814474
41.14807480962153	334.3983685520071
94.41362929401753	173.001081347925
61.726334056808845	201.537854465744
405.2267277656809	103.92861812369779
9.623556161504528	389.2523155249879
160.9666546575902	415.93454327566633
292.1072788137001	395.9305499690436
256.9608821372671	3.4419418500302603
245.2462282694106	379.3292456820926
223.49033425121695	113.91326611948
301.16716239834	69.92910497681044
210.4434942849721	410.3367785827916
218.73292747879262	10.693917270629537
210.6112215203001	202.74645957955286
261.4375455269561	115.21071743745607
391.2131974473641	161.1263040902808
401.75862537354203	121.20014933055113
304.3694193197135	225.17557524294958
339.9780631092148	397.2691283778589
309.1869406866196	117.85679405665331
193.31531973348925	47.86375880972964
234.40959685172905	218.0453415241052
312.37341267734286	56.69057925523537
148.43148750215857	342.38511267284787
385.5395432969124	308.4147383810865
177.71506374884748	104.98097882891962
105.03062540794738	212.94067438687546
320.7249252053821	170.57342755716465
92.42085380663688	407.99701613399907
227.04903005956743	405.76620161679585
17.184616272310926	366.2507151598721
159.36988811777852	395.63449868060496
122.25211010036577	376.5048589857787
245.71259842168408	107.49899838619795
278.82094730212134	302.37590504258316
249.73096163583998	264.0034013989659
376.08706159588604	377.1965079051394
301.77299409529525	43.618160986153185
390.504703476326	20.812098439430706
136.7292122423261	14.363954573167325
147.3967049976362	361.7331709096555
293.15847865686237	207.18687012275558
58.896662264429665	385.8389024682987
42.02833643713164	303.84375943779867
37.25380494982825	203.14574995744996
316.4690339425781	10.255957784867169
310.439063869362	88.48781370355897
153.57767694379544	302.41783841378884
367.80488370965907	327.32868681544454
275.52708748365336	356.3418202504065
313.4148848030116	204.75918108955537
399.166750634824	175.22778742091074
406.46215766267204	16.908840574290263
387.3529167140676	393.6557257279576
63.793800663160305	170.23652178697967
355.57371540754406	136.14307457901091
9.727487515324382	125.56429906987836
218.54112125776112	382.4475729196211
372.17848725752805	349.1752398411031
336.5918052556977	180.9648744811249
210.2399640883278	177.32099278052826
339.89485046366934	100.55760152159685
197.75074329949092	135.48243135800354
350.61915494247467	241.8881178386408
320.39237262734474	129.6276091218629
179.7544634395453	411.60992380368424
138.70124847760798	192.98328364707504
360.88232542622285	99.17106317669659
193.4859198398266	106.54501993458035
380.4421713004405	149.36970387316723
299.061938794382	158.72280477399013
259.565833027486	304.21125751775895
212.49603403149612	126.65349603745072
173.4019533194974	355.9945804443815
284.8347971638407	382.2510278407622
146.48461986968132	160.63766938694076
415.11046304470096	229.4121105806148
81.2089176874014	286.58312514148764
61.150673124726325	365.09512522568235
248.07027557901603	204.0954449630554
72.34728896284744	55.06154151324097
281.5168240164195	317.56153812484774
104.03923557552883	75.06685299482503
198.00949067727498	85.54381002425072
15.3831898678565	178.0215600333859
410.7076695758427	267.64151329977085
184.42386084746755	244.96164785891744
183.48837254739274	7.355779759025819
220.14578824363716	258.183190179129
164.02023948268425	238.6186286660461
55.90522679442192	267.76547729493666
327.25204094566845	192.9548443245205
261.1178019947545	150.97839464273204
399.13457689246366	42.69215226751326
411.48179951393	419.49530000081506
196.07532041158393	320.7779447407796
318.07042281625115	154.49658266805943
91.0006567818686	304.4772146689183
386.8081242659161	414.2150854236341
175.05522242196997	55.820416671431836
77.98490925300239	413.2993114522804
146.17881657634763	252.3903158338879
0.042753525277408645	212.57540200924817
173.96480535057	156.2176194463978
263.0497362270066	255.0412288908396
9.787101415826264	193.1303453922173
287.5019276575545	100.13501478610544
45.39494084213627	218.05230184713847
23.141042839890396	341.2768416686247
351.1732370018819	23.698236326118643
404.0721626258244	150.19541193970494
318.5482211098472	103.14063789154861
233.029751958879	72.95237980356642
334.7996268153135	276.3439047688953
62.17251529767533	348.0897279101384
163.56267660553533	92.89024546105354
149.11250549112407	380.21487726720824
139.7163959381161	127.16097593083376
137.25169093894516	68.63942335642606
406.1186420495251	244.32094311442802
292.4390409174786	283.77028515891436
34.57965977459114	395.64045447719826
114.57293639589115	254.4681358524029
41.98740145193986	46.433023281540116
92.12458392975097	21.07343767524474
211.39148395708824	328.0188144041637
50.73977945139278	399.45712748908136
132.77793711844595	175.87262885985552
13.934741813356913	222.5746775510072
124.86066883176154	81.4435479053073
85.35885597219936	216.65039404623553
366.4569363731176	9.145653915659876
132.83562601233453	244.1497167001785
357.4186759882718	295.7369970702537
255.36685438949212	365.71690572443475
217.91194709212462	291.5791627234557
309.8255095578404	398.16141292514146
46.64286658025008	167.09949597816623
119.1273064778964	201.82274654317027
140.9902016941516	37.442859381038375
329.23494440515316	116.75561668207916
288.5883347982076	332.48062490178535
303.74086556180816	190.91249680213568
269.05825311775976	372.70283326313125
222.595740848229	364.58914365144517
187.15767240658886	187.19477761031507
360.1296173548016	376.0864055642924
393.1205635428593	338.6888221757971
57.44922077277859	81.18223170969192
168.36542089826438	333.3446130892941
170.88202949782294	19.240939823240964
6.362042214125402	314.91788023771085
64.43327966289493	312.1995691237911
141.08024368423543	102.08422369679099
143.140559693185	86.11386143530248
30.612496444687125	129.16744808731713
184.5174878539938	126.11599951945128
48.580256205665215	319.8494126712435
14.81121715512891	22.675776012807592
123.52036115365944	159.80118513921693
168.53050968401925	294.17509456709075
411.8514094009723	299.5109739195744
114.16491644614071	285.31032933772354
405.2729976989001	388.71808317384205
88.69582895420652	332.3742495762686
3.1091387242873676	109.10118952684549
154.3560240720076	223.56038586193887
17.68635973746528	279.99625160200287
25.162193300707067	95.9858461360098
301.05496582041854	380.68540723148874
74.83152441948964	373.7777418115578
224.57444955927144	342.39117700253314
391.4187398017377	263.83077566838205
180.69851772782286	86.43117012546185
329.53655841314657	372.80957243348047
71.87608116966238	13.786133560167048
391.96952721955375	293.803343262418
16.7209104115097	237.51902044985692
269.715283126671	229.22260276398856
20.091221542963417	204.4128578163171
383.791560496046	225.36792044854334
394.69638766548957	209.55672582496805
272.25878108329437	103.53972816312195
158.0777846745623	31.473475272509482
106.59509455834026	399.4813715817598
66.38787141231744	400.50020700619723
166.26324924474528	377.5081241816938
355.0391127949112	152.82702357531244
81.5921897673909	267.91519110354466
30.14456663296036	4.906061848049928
340.474898488967	54.9335806599817
245.16021769385503	332.659057005969
313.8482187267198	372.55952541000886
244.4358790511869	180.76248267792593
96.97397057110307	41.38760198702954
354.19828991655106	352.24641726216953
144.22795451093063	412.4968741319551
332.9805693029211	25.70561470176916
248.86991044769573	55.67297081108508
45.11606618922962	234.19791492992138
298.0853861780372	303.37899809456917
243.74602027587156	312.21514633092846
22.030674862599675	111.49229828278975
161.4777384367191	262.8863096558483
262.5024594751423	86.55261550095676
264.12102188226805	319.8445698489138
165.1057514783225	169.29372570070475
294.1226223268559	86.2540489431742
121.60053952391777	318.6176438861633
31.7546670974799	173.9793864104153
43.00798563516589	88.94891677286006
