358.3432026264063	311.2118738093617
260.55767317164714	125.1472555334501
251.36793060927144	165.25383541441832
283.16231941866147	259.3573631359063
268.43595857988515	337.49246054055544
84.77344071804889	1.7783573391770076
269.09187482505234	418.0733550674646
254.30476869501032	404.1305484225578
124.20246057404731	220.59620715788895
287.9287816003417	6.517786382695072
322.40492451080365	32.02133310117282
37.15201188495885	255.48628759753666
69.70578145756495	227.82271583224136
133.37693189382486	296.49089454721945
10.46709197225549	345.98458123216494
330.10697921770725	243.64279592755662
3.8625283091379488	327.0418181840327
376.1019324215189	173.69006014710558
285.7674512091801	352.1229150522703
94.06070661205906	100.15645194448622
185.3784199764092	258.3093431857074
377.67789440669804	31.92778440755328
148.58671503808262	402.3056553980641
80.73982635843487	251.53243928723973
307.63226872645436	11.886925075884662
31.727429676909914	227.06144099131853
347.5000198784561	1.069794818816935
185.47091167728834	381.409319284219
351.2368506006015	366.21287758901383
340.4336292897125	154.9928422425063
419.800411521709	301.1657637051279
402.18593378961253	191.94565908570053
272.5580072277517	20.1520280836767
117.94523583026998	115.31183913396853
388.380985971454	49.150377167844866
409.91506372952	285.09914109092017
179.36905144505485	142.52633583042922
157.0600011001945	280.5673945424768
158.54166115097044	121.00080686898215
224.3651520255126	303.4596355280205
330.36403929050175	353.783991925209
77.97451531823259	134.97908021515613
128.63897557193695	351.5302830098936
116.71282760792896	31.61953346654244
230.97730423501417	200.13527642418347
279.7061224891866	158.45018921274462
320.65084986978394	335.58791078629395
296.3073638271364	139.72900175766873
30.44290142178297	184.35331411856166
246.6246233985638	345.9639183596849
196.83892045366136	278.7776294739222
305.2377072386971	347.783731679289
58.73362556546645	120.55336753969027
378.6687947831954	193.1211073561641
60.74841545678762	251.13867239152378
338.4879920889475	329.5977762602278
3.0417385340719347	140.68123406903337
89.74927867310176	73.25193531593581
103.2971321610737	16.131822559885467
155.26555785085347	321.08415200712557
199.62937789425203	73.56933286589813
367.2462745511974	54.08887506669847
277.99490480336993	178.30278712139747
237.07986079549337	412.64224532768793
298.68259517260924	367.0903118623392
278.8474988471587	114.5530379724793
398.22732361255515	235.683350611315
256.7996602224618	65.1940142700666
229.3151023971072	356.9958689164938
183.86551918503432	40.86602475495972
35.60573540334225	274.3033531779655
410.7362857768437	400.4924258158633
238.7621615312997	238.7599442133875
354.2336275060823	74.80557115008612
33.328851707037614	29.346030270883173
203.59778771851714	308.70337859015166
240.4758709890464	30.863004821988547
168.89183037441683	188.0556729238648
398.9456976648189	322.56138144248195
303.3918005894032	183.23397034588677
355.15065270570534	126.46270565307894
201.91037940248003	11.900223856385407
394.68172775729283	273.6854318137363
128.31511086072013	331.77214436493307
382.60376436089024	85.41347955914412
221.44962169145947	42.99832573034285
276.03328555301374	197.29938826774654
111.96568830765196	238.98852729049204
216.41817678910763	83.9110683743274
177.90277591801268	278.88284786618266
178.10958749627324	225.81257686618272
95.54659200690304	128.67938904800073
252.16685272670043	224.24609809467745
321.575722160486	391.5715563738983
405.97315860493757	125.13925616567047
260.6580473391907	39.48554556453301
18.47953499411639	259.98568532857706
58.22188346494582	139.3698764811084
48.53685759245794	175.10390715688013
32.06223471649564	293.74866500921246
289.84659175655975	240.0686004193447
366.726968191006	231.9952887337947
231.0516221093464	272.0254661932668
157.8402355437462	206.970624606611
358.8358518642518	37.02507568221491
333.6828831518323	279.61585226207154
101.81074224605972	58.65029192653719
60.339717757962575	34.469949596347604
359.4082235537805	187.76369170658705
107.73501332072621	415.43639304092784
417.01801854800726	362.525120342491
312.90150097326307	281.31345375167604
239.9148760236274	125.68049306751156
236.3680356944349	86.48650136262013
258.29455278368	183.50003877461734
91.1204506905885	235.65435276450842
76.77706577175482	45.56903382820651
201.6814343216157	33.47519680897376
329.2322957349243	49.49295317072101
412.7125434473808	164.55156718140398
239.97364780431388	289.09332880542894
52.00396677453851	286.3807917457199
4.313448481496218	69.20938630075968
328.85726141887324	224.4530405576614
133.8787447870823	277.6892174656992
56.26865350470489	101.92853406953957
271.40929748088473	279.37850406140683
344.926632576477	200.22447195392056
315.4056903083011	317.2497653572365
8.134932781848557	90.89067533595393
336.87493063128335	310.8189734156148
302.60753353058885	264.6759440406582
28.270715658382265	328.3026510872844
77.97247534792028	114.72047394665344
238.8561294716506	150.84228367864966
216.6927363147407	323.05663899153166
208.9204410917369	262.7784182383718
177.72858384855545	205.08209142604304
269.2591661832086	216.29014914371427
282.7102003485291	39.54641643194525
70.7418334199343	68.31264704902125
132.65160966292555	202.70204284190476
309.92465889379827	245.18031453413866
252.81424843369885	273.98056130588895
364.19111235533916	206.49254292865555
214.2544637640954	211.63409689764546
358.74088236114653	93.92733468569574
217.10997672661293	235.8803326451629
182.92680942001675	170.343907106438
413.5908580196434	248.71045302515722
196.5474066978616	221.26475960336444
275.10412731032943	57.213878734783805
219.56835908210266	158.24710768820364
334.08373307569656	407.8127842067473
166.4969805517879	66.71614467387128
273.42540612718335	76.5398217256588
40.46681302978835	68.81494284574427
121.90407673228955	8.973599379315342
22.701307048650943	59.98474515788794
65.09493019092446	342.55196347010184
188.1084123288844	298.0047332447659
393.18152640342794	366.9972195492356
360.1142613261775	277.9293123653438
108.85978228930581	349.31466355513083
103.30966074960874	373.03914138007207
297.89075129280417	28.453016824244465
275.6207292056631	394.6546094651809
323.2598454363401	298.03140512068376
129.56707057624524	398.23748884354904
10.968896475973375	4.225101394225222
188.1829006688191	346.53217047895544
277.991455775098	133.28824259817452
99.71038305633076	330.5493128363787
349.49628716454	219.43896263288795
220.63908525298655	401.7982559747419
27.116466890321323	144.37327902794007
80.73709982662592	185.00241022601224
96.98323803995676	287.2714067882559
203.49361377175066	387.63238476238513
101.56632342212589	187.31527157601838
26.068884420631612	404.50214003202143
323.85833936020055	263.348398641797
124.37105212191182	54.27502873774507
333.7345953829234	68.47896178126389
355.54875474487847	344.2235817598168
6.027927362554579	48.355828856436084
403.8218894030905	64.14047436834784
44.345308972588974	341.83787350939224
101.6911677420992	158.6120295723398
69.03798266829139	205.0856218071628
403.24298375551905	86.70772261558481
11.47934128137439	391.82768014734484
162.9809113426858	3.150633416147361
291.3529004029229	405.76687553950313
245.8041205924017	12.143903340471686
243.6227918933819	386.8949157957659
216.35190379006914	102.88202254862465
296.79748915533185	66.60251837736223
202.83719885564744	408.37497891532195
223.00591301981288	22.700090982768348
213.68158366642407	190.8430766030774
254.88158884296413	104.25892095669388
377.3755840235569	152.29464826802518
389.6409919453936	113.27316449149397
308.27285999099564	224.5377801701064
355.12888558472434	401.78191694787915
305.64044345838136	121.29011453933535
204.4666394805947	52.89388370580243
233.9945783561241	219.4394539691726
315.3287862539675	63.132669291719544
150.56901942327943	343.35199517795627
382.2239097061951	312.02844165218664
181.2846412673667	102.13724971441634
104.35427754645812	221.6851513419345
317.07061181437393	170.52527113940513
92.00125145735903	392.741797816295
217.54010008517824	0.38020769890146305
15.911278865510074	367.9712563930131
166.60528618377063	397.23972216563544
122.34542473629028	371.8931145209541
235.06637885595188	106.7483380235718
283.50086198508313	301.01035202088974
243.71393908045965	257.2961352884635
377.73549914006725	379.4259342239203
302.9160763088054	48.166770751420806
391.3507337351885	16.036166018855926
145.58191917516794	19.069578696725205
146.11942144944416	361.9186208744492
289.0707510197939	219.84510734800944
53.610209957234666	380.4474127410435
44.81890903366672	307.72465463169567
51.287498826368235	193.8137437845774
330.0041321612477	13.528236823037101
312.71536668144205	81.71003076633899
151.78850855218124	301.5880548578489
368.1620073740592	330.4181697717388
267.0186434609115	360.7027610877035
316.4838885412289	207.637886908101
395.4586173386668	172.304670358104
413.5095735548274	21.877363335996424
392.4720375782925	394.4182297010028
70.1647347258681	168.42675761192524
360.01960764037005	144.6010256387946
17.40566588761908	125.51599048285863
220.81837762597925	373.90377261276257
383.7893547516943	342.38851603525467
340.03685933129486	175.4320462357115
203.23929271442142	172.2802656646486
333.7385263534873	91.72312523333275
202.22230910766203	132.5899179404121
351.3323725649265	243.8082021340625
321.9082017936685	131.0788481722838
183.79450652179028	407.0449170274319
146.5042357197875	188.28780917711046
370.48868327602577	111.10775470441872
198.59773113637982	113.38651160875044
380.2632019736417	130.21865086645528
302.6540952336571	157.52987775531363
263.2063682383965	296.2373456061983
221.42564806977555	135.12384534691543
172.42169149426155	361.13312066392336
282.3231219023855	376.6014129434135
140.5595269673963	149.21282767138678
415.2242462586132	228.0621917475193
78.45964720132051	293.32133568365543
44.52841742670985	363.6334428203173
254.17608519857382	203.46302358600212
57.56663597854519	54.89439959980946
277.8433154845053	320.8345362961775
105.45972472817328	83.90605406347368
198.47370399352644	92.40543250414821
12.747013908071326	156.5745415701867
416.6553713865279	267.3074218523745
198.419023312741	243.21657552778484
181.993239216823	6.793844577293691
224.8751880031398	252.97185132763965
165.30231191026726	242.94986671806618
67.77277047432646	274.0162106607555
327.8463291339354	189.7483093535553
263.98252106920256	146.74519628980408
406.39156136074075	44.227577633933784
412.12419211981853	419.06305374957475
175.45263418073662	320.7901318824341
321.2846148898574	151.79845818202207
94.80643462558088	312.0236177755169
390.6441052060547	414.5842397656477
183.88418643186466	60.119549076175765
66.77833607708058	414.7670323735408
147.45621996908892	255.97115355671548
417.0262655897955	207.23006683239953
162.0555903619883	150.98983150373616
262.6753470609398	254.88102636724514
11.239333146190505	184.45929179727474
298.4615386152209	102.46130694219335
49.68581724800183	212.61134127412498
28.337709556793047	352.36807276058784
362.54315655880373	15.181546879933066
396.0431506744781	149.0864077938295
319.14339846933814	105.21329295034418
232.30323831409416	66.56846531212754
344.0800436027557	261.2813336547651
72.02320433534544	359.8952511896393
162.3292808741438	102.10836124052746
143.52648032584338	380.6192733873253
134.59928510240601	130.10894063665683
142.8548027622493	65.00390326515934
393.6234814830323	254.5058644557354
290.1518719579718	279.1598595400004
31.33517997308903	381.85977963032644
105.61732012389207	266.2373288790351
40.1509691770032	47.89354612699753
84.85030991246987	20.66450057229476
194.322915610401	326.6597635187778
45.24214109472838	408.71046593497414
139.49150065657045	168.95455995818762
12.384609692146363	220.36146902914794
125.64639400786203	91.5024002346116
88.27680064515954	204.7712658304198
370.8393711863961	416.3607415542381
125.47601521082038	255.82383713925964
347.55199078326865	294.14342302195377
245.45891826709502	366.6894881883336
215.06869245206417	286.7171317193418
310.8074436965092	411.9281961957397
48.322684534798974	156.07665375597585
113.82228725220385	203.15518134762578
136.24451629986885	36.0005187454867
336.357759078895	117.58921677782294
295.915003170732	329.6918556555462
298.6357874411712	201.43360227930773
261.9602359469794	381.8015463344965
200.11282252366854	363.8239479016094
192.38162255701428	191.57559718621755
358.53444922162265	383.3523296091997
406.34130983378554	344.18502682087905
56.92798636011979	80.86432380775896
169.8961983873902	340.1315841084109
174.4075279594911	24.0876917689407
16.057593906526723	312.84524185865934
70.03991314788237	310.45511294776406
141.05899662971657	112.10346689540867
144.08206684059377	84.10989841423917
42.29175950286183	129.77941425444442
181.34817282402895	121.5920949130604
55.74459789443478	323.12066310144377
14.877782409401162	26.235569536631562
120.46816333612959	145.02505582209966
169.51310342439908	295.97359170135536
400.0164403663881	302.5872004354908
114.76062797368897	296.7190992059302
415.86413593047973	381.2049080885043
90.17309259442101	354.1554828367082
2.5463864441546638	109.56095022125604
145.9577167005525	227.11616592333067
12.983930091985357	283.79420449163945
23.534455789333943	79.71293580052094
300.3282305816428	387.29866637078857
79.44694711046373	378.92338236600955
211.95232098411782	344.64082157934706
374.91617291775043	255.6981272517404
179.16544610783032	83.38594835885374
337.5659994585183	379.69509015508623
64.71842944623998	14.580620702285687
375.18321812364644	290.1060136073711
16.874368009414994	241.17450229073984
271.68841963028626	235.55573923597169
21.55715336948766	203.62664243470604
380.7264859302469	219.5437918392709
400.1240952991014	215.81627748048368
271.78272764213494	96.13684959840036
159.14073459020332	37.40789560800315
110.63824124388688	394.5730035458208
73.10708913535049	396.4909982304545
165.13434166367472	378.6678454941776
357.4838150527784	165.82863164503485
86.44301463205161	270.90709066376246
32.499349419801504	7.479479405596739
348.08167221556766	55.4725302047465
234.88056590872867	330.0263713509336
317.5382417026984	370.63506402013405
233.7288415379861	178.96249702009408
97.89516307625976	40.11940272660854
373.3738218124207	359.4483146061261
137.84320160772324	418.4423974422951
342.43455478385744	27.95953476519671
244.2708680300389	50.63199841957231
47.60646651064635	237.329687913203
302.3667670441527	297.1749342752199
242.2802019001101	308.8210831953144
29.221993336680818	108.44475054870142
165.9964057219313	263.0162594759365
255.93542689711438	84.73796619296841
258.62724841600885	319.3714731613552
160.85494144855167	170.06244608200518
290.91142643356665	85.05153492910334
112.83379034640309	316.7627259161305
30.061264819787247	165.02988521506725
39.76394437375215	90.14482661811677
