364.3466953108857	304.0473450338095
264.6561222121815	124.0410472387797
248.04780291453642	163.42595222835604
287.1730908174555	262.40970865283873
273.70696137804475	340.2999807442678
88.13426647041489	418.1165563300915
272.3104674697012	419.0334524937023
256.147741402606	406.04377842761136
127.07884945491244	220.67668709029581
288.0912152936465	10.829042716086567
320.30878456112856	28.036848070491242
37.07961274375811	253.05706997425597
71.72607287036612	225.7906396295402
128.21797636452905	300.8682580544497
4.2722142778259995	345.11173759162597
334.74948064373046	241.99979225102155
6.8753733734899996	325.5849838099806
374.07009311569766	172.92530162478036
282.71527398440224	358.1278985852748
102.26099530065433	100.01857663362667
180.82543534918815	257.80384703318396
383.50646504126	35.469895373530825
147.6979875441722	407.8434978087075
79.56215720676185	245.7179252031063
311.96234755513757	9.637195688354602
32.91260003483366	228.45472476595378
352.75508709132697	9.887136071323589
182.61315568654385	388.1957885625293
345.5226361492014	371.2196511005232
342.38559438925336	148.13263238439217
1.3404040443550895	302.88146481999405
405.25640230706796	187.80852588147206
269.7309230786593	20.004853888744304
119.02672563296412	117.49714922253467
389.1576707678728	54.64565826341246
406.13302362773817	285.1612480775945
177.51330642155847	145.18381406739945
151.61091481716974	281.95600889720606
155.84355003743516	126.12655396772048
221.4634339366729	306.5192875298691
336.1508704232245	352.5069624102325
84.04727481777091	144.2911631972493
123.89041780462817	355.9886803690715
118.0253911101673	34.1829140289923
231.8769818523483	192.41857874657123
276.61624078810365	155.7922563701813
323.2911875948275	334.72899574981864
301.0016428603295	142.50786617827828
35.3052683673235	183.79577570904024
251.3743438315052	346.0168383007059
195.74968849940112	273.06530870284604
309.65860348709356	349.40951246489067
60.02293860912143	119.76885731787067
383.4153324682968	192.60874560740316
61.421949245750184	253.18186681505665
345.5165392664571	334.7955495770789
419.25081091382845	137.57384723387815
92.38638858880849	80.33490573014974
98.89370241015897	16.44344865828817
151.5612403185896	322.36207396655783
198.92779317995348	73.22665079689077
371.0226559648532	62.1621879407081
278.73341489410103	175.88444618918248
235.0703263841646	410.3508489094331
301.0377420099108	367.8808048355818
281.8715872014495	113.01000141194339
394.71301631238487	230.89474394927961
254.55165614588805	61.72798818552907
229.78381933920474	355.9052310004117
183.5216594245483	40.68316720602765
41.23186799428196	274.3736017081652
412.79804836121656	403.2306942623296
231.04791957876856	232.83793793387656
358.63268923186763	77.50456752481044
38.21428518157814	25.120025954677118
201.46907702724965	307.6438069833084
238.69715422813317	28.75343540090468
167.74171805611022	186.62297186701065
406.02313262991976	322.4617338752478
302.1320962696643	182.73595112131588
356.1150767343656	118.2149063897598
201.76905454762147	13.63065020332817
386.35341339517373	275.4011368812753
130.8656868231286	332.26648906931985
381.2622744696365	84.09763914734158
219.18463343249684	44.024306567248466
275.5186739777696	195.93621117571237
114.58285985553896	239.39861435768748
217.11262491134968	86.28952373423031
173.8625163121251	276.84205397131103
174.98824688306198	227.91936787594383
99.53314188742978	121.18044607069201
249.41092409392857	223.20630355819748
318.7143449792416	389.41233019245914
400.8417624189209	124.28581519994955
258.11256940042153	41.75199160712152
20.63413270739897	263.67262543849307
64.31283349703412	139.656613169111
52.876494613520144	175.09180054329383
31.35991924007291	292.61413037870625
294.31498280750054	243.85805268715356
374.76759302744034	232.591127711887
225.62301088993473	271.021907504721
157.05611206512208	210.60883061195435
359.141925734148	36.17655657146232
335.43811351856544	278.68947124699923
99.41402059933958	61.72718379000818
53.413669832922515	39.58686747411673
358.74719966631363	185.75278453843868
107.08487475651613	412.90237346074883
417.9282685364365	364.01787111272745
316.9479953020395	288.27032220420756
245.23219665179712	126.7901911583162
237.4588494971657	88.79978551287401
255.48792296751833	181.65694783961717
94.66224346855948	233.25063795295762
76.64968869850628	42.63454234645592
202.60707209606292	33.492634057458034
330.32238445393267	46.44875494716535
414.21469399531605	160.68011898425786
233.46384173814923	290.65739459324897
51.59467906468375	293.5867768991711
3.8066597929685395	75.36930936216523
327.52197206800304	222.42495705124753
128.2994469724696	278.51793497576836
62.2834400668374	99.96095986242825
273.01006284602647	280.0515405150312
339.73287106186547	205.1437654216604
310.37782541542686	319.9921646076869
9.710214351045826	95.02464677618875
346.85699916149844	314.54343046098035
308.6645343592181	265.9913043862527
29.56916873304547	328.9303706748638
79.65760282779092	112.34118161389294
236.2743977358554	147.1205207252149
214.21098605010044	326.5718172148957
204.36272709572455	255.36374444070563
177.5078614452214	204.22576525017266
268.466787981717	215.4343739497086
282.3854731980005	36.50616966053431
78.86142383837209	64.25256247157415
138.54449456492642	204.1045362848615
314.10528233215473	243.48391740723812
251.60424469809587	280.208083610481
364.6151050666964	204.78545499586298
213.43947291737382	206.82467582593307
353.90266486013587	97.647401315495
210.82536737038353	231.08976834304391
172.65615323157493	167.29434486239293
411.7124230843424	247.8884272200547
194.33083070085473	218.9702979588831
273.6075223419487	54.76419782877535
216.82413131131716	152.70900491653336
338.2826654783803	410.6718331466408
162.5727725807046	69.31793334181606
274.9191899769003	74.51842085204927
40.17644953456957	67.76703486403383
118.25483268848117	12.790221366769838
14.793042945029736	57.79328041820482
74.60129767103939	339.14746385555657
187.32882508377025	293.9176680947091
395.5821856092801	362.8449815520378
362.8910919578514	277.19004313229465
103.09957839492203	351.049359299917
98.80239777239368	377.44043374114403
300.39657356068477	27.999372861907176
274.79472167926696	398.75450156848217
329.26487151342576	305.3780880181797
127.7444612589866	409.16529290496163
16.986520729124095	0.5610792993299193
191.2387354180365	346.65890798331395
282.0858417284659	134.7119612203945
95.09913875618976	332.1766414397196
351.33925389291943	222.12552729251172
222.26695187123553	394.4151625403645
30.18446259418244	141.98356920765454
74.6749606717891	185.2090936826543
96.0369060978185	283.42718314983904
204.84547501113653	385.14576917307176
98.60465995199992	178.79150943647244
30.01101696451722	405.1590341931611
327.5978536677876	260.67966771320613
117.451392387649	53.80361221022593
339.1179673226402	71.33311265808413
355.85764701288963	351.4306045720921
4.672916492579896	40.94208703604567
406.6024171102637	64.14764381559742
47.2984709516782	347.63850940689065
100.98669620449743	157.2957335217323
76.05615934615108	206.5867466835727
406.06555355209963	85.91075633072853
11.16542015167822	390.28523409514736
161.71100557154364	4.5106011539922
293.3024646712671	409.51181710594005
248.13605443952352	8.909510035257817
242.1377465883577	392.0157236142587
212.34064214334603	106.67398223652576
296.6563875217322	63.21607818421849
201.83722525133086	405.6286506578459
220.46748060884138	19.570719341882615
209.2698549460346	181.6439139327806
253.19057663485356	106.68700355979439
378.95078847344973	153.59010823774946
394.88344515335837	102.01027479824847
307.3407671560995	224.8047128452375
358.9058967365757	408.4437681697941
310.49667595472636	123.95563553541407
199.5211947587454	53.025563545460976
232.58691064582501	212.21616068281855
320.3205392905152	65.5003755019294
148.4159833499741	345.4313000731598
382.76229666506947	315.6709430810375
181.26340345675314	104.93270702825974
106.13543817516634	216.46561983622374
321.4296243079235	167.64774082502836
90.00298502684345	397.8795124500534
215.98140754071062	419.2872349755999
18.97372115907992	367.14788948032265
164.14592565330824	396.05149425403846
118.88897849790115	375.2149064352553
232.8260890177553	109.88137890073303
280.59912400809816	300.7223611064811
243.45881201867584	256.3177418993957
380.3413244561497	377.2719627445533
309.91585682158745	47.68550587427033
390.4660885448873	16.448870549183663
146.83414079452848	24.983520328550387
141.4732779486015	365.7077660047115
287.35501550607603	223.5333093606391
55.40742028329004	383.85486664395717
42.289171431542265	312.8144350387794
56.50336574608273	195.48510310520456
331.7137063245335	10.676642472824525
312.7177860954083	84.27691563083161
147.85232838089664	301.63171467485995
363.9096555503305	325.97665415925445
263.31340995781676	361.8276661951848
316.0124532715536	206.47888929988517
396.49061706962186	169.46206489375078
412.7610554194812	23.701241188655892
393.9379298092764	394.0978649258227
70.6371252861055	164.241548172676
360.45521433412034	137.45166117877588
19.290109487818903	125.22211331962794
222.3853177878221	374.58450455028895
383.9425894499235	339.9624617848642
343.29092236082386	172.60702599011205
196.52162046997356	165.39221049774798
332.5539850215031	89.99053223434484
197.55921337333385	139.28176358460055
358.211371494335	243.68828973301322
331.91375107054324	130.62192650137487
179.8536049694313	412.39712809369934
145.8212192669655	185.79512881486949
374.47734954081415	103.5477684802828
196.58307954393908	119.26739219955483
379.9108649450367	133.00759249063543
295.2880858673201	163.59924165751173
260.66835364665985	299.66512987500096
222.02364526156	131.29850041137308
172.1894699488059	354.5351366681567
280.7404858702087	379.9886547867332
137.80871489782203	149.6644334903034
415.51290061750944	228.44575916950234
76.43091071394804	287.8423043581974
44.71162771235155	367.12923207618087
250.05999595517503	202.0656196631123
58.6648067838255	59.56195042966128
279.89987075374603	320.9056948408893
114.06467618680887	76.7863464875365
198.21103847740847	93.07552195746143
14.590808101974734	154.96584558661965
418.71829181767356	266.74266378829674
191.40808511912934	238.74686828406232
182.20734058239287	13.075215255905274
223.9180756993279	251.51466140339141
160.89331808606767	242.03378050003684
61.863669799210534	272.93021826585795
327.4520875178963	187.5970440123726
259.04085477244	147.12030886194032
405.19531127651345	43.31159161003962
416.77352540718425	2.4389847034279653
175.80306207722919	314.0752275685358
321.21276118538606	147.61442182480263
90.30913320550033	310.04638603265784
396.8589739463809	415.54884220061416
181.10124270950465	62.05733191787949
67.28711169703168	1.8529673560170927
141.46910309990625	251.2851416638505
4.231260833075895	195.91530761134905
157.5466986882051	146.2457659373577
267.1732833073301	260.02318016012316
10.503907588859397	174.18755208422516
298.77565234006937	101.51662964641415
54.060669157297426	214.97250354657396
27.320668078325838	349.348623416977
370.69382661471974	18.718565695853083
399.8745792680954	146.52330126886565
319.0522758374689	104.9189568403325
230.65920508315034	68.18563364188205
347.26280979207144	261.9300917919788
65.65167973156858	357.9396284177464
160.61651693532528	99.53971064875346
137.64406224953566	386.76884433417
134.4596692140035	129.5224618459654
138.47573862895774	62.60236601516229
393.49775843077543	255.27781659216194
293.97322550635175	283.47808555758155
32.42655043671302	385.17625869287144
102.63397989493241	264.2497449586544
34.5210950564627	48.66271706845671
79.16131540672252	19.975052159540283
192.17522596905573	324.92450466066344
49.92708246520116	403.1830741736798
131.88126802331118	170.81187114647
14.951132532905756	217.83792494329668
123.01339128865068	94.46145450433836
96.14057313735046	198.70205467054507
377.1292575401093	419.4962252633771
122.8293623329024	257.456388605658
346.58817959846766	294.84081042474486
244.27065495209422	370.92000911152115
211.00417626136866	285.5179325207971
314.10307949669254	409.72739191524596
48.8158780803247	152.31663609523517
116.9918124017384	197.8387418261437
138.07049742874932	42.91267134564038
338.01658480397964	110.26778832665362
296.32473268928993	334.2667636728266
294.9461494173839	203.35493763993634
260.54366586528306	384.9808150286457
197.3698413242679	366.8685537445896
187.83351846433925	184.7219257455911
361.2778302891644	384.9721429432521
404.520778469715	342.79510562614485
62.45772217517939	78.79298261942334
166.33509986201898	335.63043003962747
168.13360108583612	27.535236750171936
20.737530492036672	311.1920186291496
69.1575608610595	314.5996081007443
141.97109844117443	109.38324032760055
146.84799521290407	83.0138701371268
39.283886402714465	123.30617602424887
175.42718882673245	124.49983512812749
56.31230751615999	329.4416523841276
13.880269131106136	22.93460000274506
113.18022484105157	136.82469495814703
167.09126278886345	295.73828081844295
398.74613721016016	304.1568726623666
108.54638477067313	299.945669373416
412.39170605241935	383.40304753441256
85.62252981563402	360.63139100947177
419.73263449138483	113.89318088164937
145.8304185715624	229.20348231417915
9.44192399304991	283.11562814856734
23.47583913349444	78.3363749415786
299.0310240628998	387.5148161797581
76.20800098107897	380.05591090946103
210.90975917452417	347.4154019796523
372.46598596732525	257.17170017104803
174.89564934999248	85.83272169784296
338.314443700414	390.51886054836007
58.08939104266915	20.147894985532943
381.57496313711636	294.77888323855143
11.283364337261936	244.61541552889497
271.8062882620551	236.9699031206643
23.47544824790759	199.8563979712697
383.4278581153649	213.27249691602893
406.42430425069426	207.71272154968997
274.59873508967365	94.42933108419268
163.00019633643205	47.97145502233221
111.030269742657	393.30841336613486
69.37189119907782	399.5835819222627
160.6282456619893	374.53067255743855
359.39249646525843	159.56661374550714
81.72128018834228	268.70028947308873
42.126289889742786	5.566686339814794
351.9079742618864	54.776842429671284
235.6366484885531	333.3415550006629
322.7394462373517	370.07100806986244
229.96880069220924	171.1051536681945
97.37963448293239	40.67314365655818
375.3757606391934	357.76300394946253
138.1983924866995	5.7334411627115855
340.49226223100845	28.716009664238744
239.1293973112709	49.4789992244325
52.707222737749284	235.31726096148822
301.5301738194996	301.689237327788
243.4355078380019	310.4102112132326
28.09144640251269	103.62464219022674
160.9197416318803	261.6659047425574
256.95647564288805	85.80303866263102
259.8040108707943	324.5221013948778
152.51824501188892	165.90800775885074
293.0772334175541	82.70980571130937
112.67070831797172	319.25864849386375
33.02411857758667	164.0661789232142
42.21177959209377	89.639185165512
