353.1981710085611	312.66881201140734
262.41310860584446	125.29777454592019
251.81580805570056	166.9441580519711
279.90430950096396	260.10337782272074
268.50027695664716	335.20784488772955
85.81436023988327	2.1545441718200107
267.57511895202634	418.171243072999
254.4366111714115	402.73376401589076
121.53437636474101	220.70595934274087
292.08378078265207	7.206946375184348
319.20498067262724	30.761088645825144
36.30206428279185	250.92018185709347
70.17273002200551	228.3129951427221
136.52396934559877	291.58360248689917
11.512962507367524	341.24626241767334
327.62624331177017	244.194100679115
417.4290672086716	328.7517359175435
372.7641026640886	170.69903909005697
286.61275128281613	352.6996716606136
94.73694564421976	99.42652254341597
184.92320447427707	256.9893281522214
377.05863361189074	30.752047592601514
149.47409351456596	399.7768046445001
79.58407239257052	252.91804236723968
310.2765800090898	6.587853888879413
31.075634294845734	223.57705476997708
349.5725679531278	418.6870470010811
185.74601628748078	389.0497689269627
350.26794520298813	364.9010664395624
339.35122509468454	155.58494217011028
3.8177239428045286	299.9235873462911
404.33739550687034	193.7353097133036
274.703706294402	18.20471645892746
119.75662123211161	110.64422720551863
387.22787219396207	47.079376426154965
410.6315976161875	285.4112839576756
181.94165123499369	142.1991287444914
155.76994219147457	282.4627934064998
160.50614225927902	119.82825560287522
224.81441730502655	303.89831370631975
325.3247385779059	352.68646620017455
75.92752023500968	134.50238001292215
131.3591704557828	350.6984487503873
115.60749678072673	37.1253103032344
235.0995958792268	199.53972893770742
283.99203823091835	157.23073840418022
322.8568389182476	334.9282604270458
293.9811213551837	139.5109858241031
31.395829064076977	186.023711971447
244.60769050601303	345.28410992255215
196.60393099577297	284.07986666646286
304.16769515987744	346.9752391542211
52.29416791535483	121.2987371990397
377.9336666921515	187.89309135310927
59.23621939438739	252.20205439015533
340.67812254699066	327.8439766169254
419.1794207266025	141.25772198565164
89.10598293454551	71.53236604693858
106.38902653495931	17.253570155140274
150.9601238155338	323.91114737179726
198.90559964776526	69.84442387266664
368.0665652508149	57.719938364811256
280.6660538226932	175.40836344295533
237.8583540796245	410.4778696715948
296.55171811303944	368.2538391577582
281.8302935471375	115.91677152269014
397.809294632921	234.55737386895626
260.36936052175054	64.0402958152512
227.04391505071976	357.92690656657004
181.71235555329463	40.40660605387855
33.80841810831626	269.7833419846725
411.4111700131888	398.85054027638813
239.3021839696593	237.8756666571968
352.0119414041119	72.07474631984486
34.10590140779753	30.922571638019082
206.26816699532782	307.5073111482206
242.075080903469	31.734341954349716
169.80391940159433	189.45012439465125
394.3284162620487	326.88846755322567
305.5207520462866	180.11261369699162
352.977881468174	124.37287060827956
201.9981493348613	13.650931744250922
392.3935397188192	272.66465249120586
133.65476577032385	329.6944051748835
377.9840272678809	84.93473898890822
222.25196326915608	48.958029560530285
279.96280206140267	196.82783477558613
107.81676121048206	244.30989171977134
215.9253271932978	81.38117469323186
175.0557020650983	279.92904305828705
180.06608143158536	226.8708425964555
96.31205791173306	132.98267674159143
253.37586347062143	226.11577632513735
323.27741421002673	390.94097439707775
406.36928314051823	127.18197156455973
263.39732187034014	44.211057181106476
18.678141314162332	257.683275638327
55.54404475251869	140.7783706708655
48.75831874324077	177.41134222326673
31.12565222041033	294.67047758930033
287.1520481704491	242.47058973996863
368.60210027700987	240.16680929990514
231.90159278225693	272.82763498071483
158.83578048016952	204.32165928830918
356.1712614210404	36.78792643563638
333.7711614240601	284.1494495974759
100.31609880569005	55.60329368817042
61.184921837133984	32.774451172612586
360.22974199103453	184.14674432706298
105.59910746685611	414.2770313279704
416.551821858842	360.5977815488646
315.1609251292574	278.73142610719844
239.954676211871	125.08310914296385
238.42829305725311	88.74967566359646
258.70836353892406	184.65600964332774
86.6898370745418	235.3595056830402
79.28501697799526	43.66279146455365
201.05566909604585	32.672456752048646
329.53776573303173	45.78498190863856
415.2252481284336	167.50078742936955
236.9310595629561	290.56175723925026
54.373623317934296	288.4368815032126
5.956732045605508	66.3571696211679
321.4654302032163	227.20561197204887
130.98604928760938	274.49570487827015
56.13947471017406	103.80808034087224
272.1828567191409	277.8566179749206
345.85623447248577	198.3638823654267
312.0581515803494	312.6639542586712
7.998109604267826	90.79967861157604
331.71894394048263	309.6979377026871
304.34717465986535	263.3916567689138
26.928770934383852	327.74816971616843
77.6774482801166	113.49103565035188
240.82487749197836	149.07133849748695
219.8082575953742	322.10610642533317
208.35730151969295	269.3816968650705
176.78271362731925	207.55135946517672
268.53587971936815	213.27579459199293
280.7397558593573	35.706922901548786
70.70588024837015	72.71593073928341
133.65576906959794	205.87672572164004
309.54306259509644	246.0170270002025
251.95351900683968	278.4334364169908
363.64548433811433	207.70245024511036
217.7634756196067	215.09460913931488
359.54465820704564	89.41343473023088
217.7691606563245	233.5185749306759
188.43277713820913	164.34611051934624
413.4831679061018	248.99814307429742
198.15517726970253	219.55657223971588
278.74756396504483	53.544843248264606
219.52993431164205	158.4371976245554
333.11156108962837	407.6810387650782
167.887043094727	69.59692759847024
274.9759429146275	77.74466378612613
40.65257026530899	68.80572187089055
123.05710681244928	5.565190710764516
24.3077036006031	61.51021874775785
62.16874305493023	341.2966736439806
186.14819611340764	301.07168059746533
391.2968082820608	367.0952114232747
363.77655397555463	274.1742847310875
113.39163389208801	353.2316849003391
101.85194606945339	369.03532542517604
298.80219889753306	26.81317389738874
274.0286245438496	397.9972366081146
319.68990726201474	296.34837744977716
127.81365353413636	391.8211052749159
7.605155810535615	7.884031889100362
191.38648547725828	346.7501966158656
275.3088888264478	140.6835750311792
98.06829553297919	329.72571610329123
347.8264676626803	220.43444669613328
223.84742323396858	398.4586976643449
26.424569271974537	149.15211808050736
82.02262564558163	186.0446843940859
97.51701506096447	287.6499215203661
204.74960765488473	386.2527261015421
103.0959184815467	188.474933132472
22.884003726580847	404.48351739194806
325.81619026172143	263.5336035632787
126.45734313095406	53.28823838249805
333.0342380860925	71.14083091444608
356.5820838365748	337.8664126062178
5.67045958840212	45.58601361507335
403.8031865244535	61.264999208024726
43.444398819121304	344.92084322564676
95.12609402449645	164.19925072938327
66.67695295734626	203.54460339594934
397.3855991212865	90.20694093897231
9.262784785867513	387.8729708627107
163.8027865712616	1.2041173415968949
290.4926368811158	406.51606459378803
247.1230967431402	9.673777845898108
240.91283431306738	381.72384568843586
217.42415744590855	105.27033751817952
292.9982429683975	68.72744844267656
206.1630985048376	404.43146290911926
222.557445164133	17.13762358158175
217.3013609806411	195.63843543432802
257.5841316243784	107.99093824694971
382.90544222925456	154.87793753171138
390.95934818210645	114.17436568009862
302.5849570053977	225.5833981163407
352.70028838439475	399.9452171589046
304.6843655100035	121.86129667171059
200.7917817008549	50.94172605412405
236.28891847666696	219.61782246181062
313.6987958937456	61.22084502563047
148.82282084605023	343.76289454092756
381.0530122991107	309.8105409140369
178.29110074111367	104.76234661471491
102.80723473881098	219.61747138101842
323.35132036099293	172.2809585673554
91.59887466408414	396.90023534918447
220.97641049653495	419.05107366354264
14.265549341918845	369.5131714106754
167.27393682007613	397.6535694963
124.33000351912655	368.1223149941769
236.92082569815017	107.24274288363037
283.3185675560885	302.6705509987201
243.22292042593983	257.3899314665994
378.7601320232255	381.11413806757577
297.857286827973	45.56030725078947
390.9223573855004	16.657530237623515
145.69508144527506	15.586098098994455
148.9819629575865	362.56306584081665
286.29514395007686	216.94412208311405
59.54287712073859	382.29649434718897
45.70898605287118	305.20823076681336
49.04869232717242	197.33868703912287
328.79128986543816	11.516497651682716
311.67027146745784	85.85985630565625
151.62667943366887	305.639382674198
371.36291721658216	326.0703085918108
268.5195409959772	356.09530479607895
315.4523880989717	208.9981205486776
397.70027136692823	177.0574647473347
413.97789079061005	20.79399958191089
391.27844789768744	394.15968061021294
72.80700788271659	169.24167031057823
358.8353175071093	142.09967531180243
14.268330651655111	130.04108154194248
222.58842974271315	379.546692568092
383.8235765960962	341.41189388327
341.12564399112307	175.25279507570298
207.2178602310563	172.56470562081222
338.20280654015295	96.49789228872683
201.22827794436427	131.21166097992975
348.4887106188165	243.743004632658
320.2466225044994	134.07661689994922
183.385232986343	406.892224774078
144.73063292583487	191.00659769539104
365.4949048610386	110.37413235979922
197.9728552646255	109.14930318069138
377.8160813594844	137.43789171454645
302.31617920700467	157.84641626683162
260.9290131103848	295.98499950377254
222.9781515432445	138.4024623811871
168.97021713960316	354.24460267940464
277.9184545809118	380.2354818620956
143.1508757176486	149.8204534231822
416.0026627608563	229.58002525994286
75.08477111412196	292.1092423459628
49.2172264204831	362.2989533534877
251.27701391664885	207.33371393639317
61.22530345848755	55.203699750180235
281.36919906776427	320.69498881291537
106.64357510871588	81.44440797690453
197.95673233301773	90.38803784162776
11.627392627403031	159.72938717375646
416.0884795803699	268.2081916184953
196.22430847297738	239.91779990960603
185.3002743130924	7.197203837481539
223.40065587468126	253.49485586953307
168.19402007408445	240.30493037932862
66.618129162771	273.6805591187399
326.7866130613479	192.41744927812317
259.302862818402	149.99113815544126
404.9627402238306	42.08316926383391
405.0213946092614	1.1200592055408376
176.5587833448302	321.4018151566529
321.5001144141814	152.38037708151015
95.6676933347711	307.4606876212716
384.77882376050906	412.47803156372146
183.66694116786513	58.54131993336362
68.64598840105003	414.64450149968104
142.32962316429325	260.0598687555026
414.8214631259352	210.57880797691047
165.77988465022506	152.9171788826287
261.77693887229805	251.82680018100172
9.68024524989077	185.13998885824125
298.27827947937124	104.62885500164106
47.37644719885769	215.42002183499207
26.204803546298276	352.04329868339
359.57359946570654	19.149904806094977
402.3899572029662	147.92312237332
319.02794259769485	105.77013182000877
233.17452418852423	64.72403298805014
343.86489437169143	267.1169426900224
72.52519644493529	356.0756722438451
160.94291093559866	97.36173892172653
143.3938559913972	380.0821995131543
135.44804702102138	131.41768741243382
140.85805679027888	65.87129936891186
396.316667475343	254.38991625704313
294.9712371869121	279.81305114096295
30.10810561937477	383.07970177575714
111.1768112865488	267.25780218902605
42.12896798763724	49.85194334949601
85.82529102909845	22.98818483849396
202.0612582138372	329.2582896153159
49.73985256113647	409.9841615564626
138.8317393885474	172.9003649728063
12.706185021429473	218.63394997424697
125.7596102564266	87.23435078632653
87.0209411793376	209.77140566327049
367.451530628653	417.60303492815314
123.18338307601869	253.51959591411892
351.13429900796245	294.45236702704824
251.416143352023	363.4251484074262
218.37405611222644	286.48226760166534
308.7607162168093	408.7240705331107
48.177836118568536	158.05555487198808
113.51024813905684	203.78124773836225
133.52395313992977	36.45573890901821
332.2904074789956	119.54981748571262
297.5288202674708	329.2492259315693
299.49216912590794	197.6571427349888
259.7593372528949	381.7925211501059
202.8433873336012	366.5534833824944
192.5902331371066	196.3776700982639
360.3046962381625	382.1037475633952
405.0922082495043	341.9378932581995
57.13721158325655	85.3615912738949
165.17847704354205	336.2792073718135
175.2735170050102	22.43336583075585
14.451485745352736	314.73737830337006
68.17877517266878	309.11505046949804
138.34421881361973	112.061334933816
146.66082705249102	86.58872753207224
33.6646235711847	131.3989660833679
183.71902338125713	123.05769978004423
54.78382135816996	321.83994713057444
12.899367370446052	27.20913761658752
123.05750534661009	146.86125891918124
168.39469009586966	298.11364935256154
399.85767001594684	307.39663854202837
117.47272908979652	297.90329696695454
408.4467240337262	380.1616619889887
89.06281798271688	346.80573908251677
2.861395777493007	108.78298579010514
147.78048423012586	222.58161110553897
13.630049517986734	279.3701838886298
25.704696996470577	79.57293215895861
300.4103497352781	388.8137080896215
82.29399958291535	374.01609378032754
216.92391221703494	342.4857753502291
374.2495211017337	257.2109599275927
178.83319104166577	85.76247855710687
339.511936428772	379.55125535847765
69.59194666825307	14.308160410009005
379.34581826100833	289.83319125194436
21.43939847275712	239.19069896439504
270.13260411424386	232.61490442591995
22.94455931630161	202.75681158411484
381.2369116475627	223.7946449771566
397.5476800417233	215.81373828921332
276.04505360026496	96.02140406659994
155.46307741563348	30.583355264046208
109.57585874491939	395.2040772883606
72.53221605829769	395.70642504732507
168.4082496671126	377.9121115493798
355.9718910960048	162.48292558159235
90.862697539078	270.25602459994457
34.06793069011844	4.584706103190859
345.65178674842963	55.250597744479585
236.84188541319506	328.1283050265526
317.6653249454832	369.32680101305033
239.3159878450559	181.34103277672455
97.57082483583524	37.617425588031665
366.89738325013997	357.4602980227526
141.50231398115736	417.0506201468207
340.09254255032073	26.96677243738837
245.58072117173316	50.943735521081834
46.47324066591543	235.61444108714943
301.4366029825758	297.70001464128046
242.93217702188656	309.54379728202105
30.2876039645421	113.60899594924834
167.64897232084198	263.0608543373064
257.8250686863275	88.51665147355143
258.24822482009625	320.2215086050091
164.15322774558766	171.96533257467325
291.94548015517364	87.3354713111145
117.66142540985548	315.99130360961055
31.15230086658685	168.05362715914643
40.125576454640715	94.01171353652896
