363.1110582378725	305.0013402975818
264.71510761419603	123.66795061609403
248.5062261224842	162.79478805770464
287.2375068386796	262.0976578000611
273.3483258398741	340.3779570112479
88.27829160785356	418.53611647201194
272.71333726751914	418.30546666159967
256.00764382751385	404.57877500038575
126.12743374090125	220.2877302249998
288.01186024780685	10.620462438908007
320.65185454897914	26.989100572799842
37.7028610841835	252.6110113078224
70.65483009193086	226.53942264446925
128.92950689844153	300.670645461335
3.7569210437900087	345.5542943800197
334.32011721914364	241.71012570415397
6.619979282139182	325.26054194817226
374.49678641629816	174.67197703258373
282.3099160506737	357.94007611431874
100.74974363437393	98.88028275289132
181.82796617921275	258.7232887280946
382.195954966419	34.86652819887465
148.869033234801	407.74037745124843
79.36688630237997	247.0812587374492
311.31022767258344	8.682614116516685
33.71184040269058	228.67845887650097
352.31501534653074	9.681265611797174
182.8100049356231	387.1219923805133
345.504180321797	370.1581892190274
341.5510085957301	148.7984150244794
0.9880157104073762	303.05377507372737
404.8515570680348	188.35825309483897
269.486425755826	20.895328682269177
118.80324418993327	117.08661897048519
389.13862142505934	53.604758399786284
407.59705736022755	285.74968317021967
177.85409150940578	146.154095097053
153.34089774548738	281.4777903015152
155.64794761730462	127.2078207331834
221.84726651455324	305.894996241594
336.51104433698663	352.5834081413414
84.86579122295836	144.4675103558891
124.10471252565775	356.2749433655775
117.74224569691792	33.585408749005865
231.81586990777276	192.01799867714513
278.031839890461	154.92059424148934
323.8267951634467	334.9437073875965
301.2567853907105	142.42248469968456
34.66930015148417	183.82818887181443
250.3153066258895	346.8300221584153
196.49286393806858	274.0553896017974
309.2330702216779	349.16652093283085
60.5790544020016	119.97982432747636
382.4538261094278	192.49523531211682
60.864993958284785	253.3711021402461
345.3634026493797	334.96830075624206
419.93373393031436	136.47272414999549
92.3793589890793	79.44012546104702
98.7098968480909	15.185205218066097
151.92716947173585	322.4731288383573
198.51975405610054	73.11040018026442
371.29623493599627	62.0038049546544
279.0677293970879	175.68136076271082
235.30307454725818	411.56688016357924
299.80389845826676	367.0454598232466
281.9173433726193	114.05659870611169
395.34773513803304	230.9301216609133
254.82267070701775	62.16565915849437
229.8130286839585	355.7370296409814
183.31651230169624	41.25410524610031
40.826062357059676	274.41230192506794
412.0086588293348	403.1462753443452
232.14797312358854	232.79564348498124
358.1708315915538	77.922473687065
37.88451961586977	25.24004078201884
201.43666261595163	308.0542006693976
238.47968605187026	29.307796873432885
167.7195946341231	187.82500122982844
406.6532864052508	321.9690735930003
301.36624202644936	182.272227066091
355.87600475868686	118.04907032682027
202.3014458841016	13.56877850441333
387.0781056332774	275.13299193146486
130.25475613897925	332.11073573086725
382.44678422344407	84.25770479550084
219.39074120484426	44.75969748275709
276.16816035559424	195.45590791236629
115.21483341327439	239.01649966888513
216.15764523107856	86.79754213420466
173.919070896808	277.3347482391167
175.65643281863507	228.6127268501788
98.91934346246344	121.65460082200512
249.6074345556719	223.8624864587471
319.65681983396104	389.2954774384075
401.07926990312785	124.40852522683201
258.33640311707063	40.53460047644878
19.807433788618024	263.5921013403749
63.82662034614417	139.39139862718042
52.083836492969716	174.72390535144385
31.189657956645554	292.9641762043328
294.45631126284394	243.33838225036692
374.01822323282613	232.90511364545708
226.42666938595923	271.56485460059963
156.49389645924242	211.53035104552458
359.0319634541284	36.02476252790337
335.02525391642297	278.0032549335713
100.3911015523007	61.49932518878258
53.98889531614839	39.35053221277144
358.0398837711462	185.24169497132715
107.37358583554008	412.950644191044
415.63665767847635	363.6056808347213
317.731342556779	287.6434277634984
245.20215280261746	126.47640967566105
237.06991960623586	89.25512905243825
255.96260202584023	180.91432355878806
94.42009384503535	233.41492541379074
76.60559147769672	42.127945778687454
202.34013195076278	33.30015869773749
330.08938962375305	46.44715052591286
414.9150112389022	160.85793325802442
233.90175403538456	289.637414123376
50.75632683648978	292.82177983644704
3.2908703263335166	75.31175869602497
328.1917436799153	222.92570865793917
129.94788771004085	278.6493471160908
61.1073114857864	98.81641704031145
272.9009777327872	279.992885162096
340.3152906651509	204.43138272060298
311.4632708565812	319.55687011576356
9.610688666613612	95.44143643557538
346.0716092708973	314.99686158380916
307.5272727166663	266.04194829159144
29.27263789456133	329.08766913573356
79.46298434411221	112.9024590492272
236.66409586237268	147.17976200280808
214.59244476542077	327.32271017001153
204.29074957636712	255.253382194465
177.6815486140198	204.9683607591381
268.27094857906036	215.74138895906347
281.3437325385614	36.563236732171646
78.1545825691449	65.83411445983384
138.13230265686283	202.99726291259276
314.6045805720033	243.38505688600483
251.85722557308964	280.34776681043064
364.9600826066795	205.84356660687482
212.76868805777488	208.43572735374207
354.66216921585817	97.9005347766997
210.5949563621098	231.06400149150323
173.86103727321876	165.94783653234393
411.314492403772	247.83017832895075
194.75653599361146	219.22626880875615
273.326125291851	54.380723943981465
217.2579740193325	154.99988464258774
337.97677460229585	411.2632871500848
163.12548190513482	68.27127845438503
275.1239227409005	74.37590168787914
40.60356407722507	67.70560348810191
119.40867853941003	13.057765980210362
14.58314405320474	59.003695583398645
74.09419429055586	338.78695471433826
187.49998612725452	293.91807128682734
394.79529874635864	363.7526237236554
362.7580810830369	275.42185967510653
104.20492799067364	352.37295164569315
99.25522054127192	377.64180632332136
300.74503577318893	27.784851236758055
275.53190089718925	398.6573062783091
328.61641811902007	304.01379013448616
128.07495125883375	408.6288116339136
16.49093825632601	1.0811829806525244
191.57139547009734	346.48523541117464
282.8060726440105	135.53998016678275
93.32472513543797	332.8663113279462
350.7126603804266	221.20991549447754
222.1151636693415	397.00276350605327
28.88969930379951	142.10502618744084
75.30296004162774	185.02600719191489
96.23781547074458	283.8213351982676
205.44380757955844	385.35754985365764
98.54817547102002	178.44828841959043
28.983184001638442	405.8904493975977
326.4554680723142	260.4830937766233
118.62188122489589	53.10371852773048
339.64419537609587	70.72911299471336
356.3225718279072	351.2162086607279
4.702219025533358	41.67476962909701
406.4392756672165	64.45550791702591
47.48729082788761	346.5939007896471
99.61477467130578	158.94834596356603
76.68579727601355	207.04003717038063
406.8379127019411	86.01799049940972
11.97523890469364	390.7424196618263
160.53893813988262	3.85633737098479
293.02632689609555	408.39152774783423
248.08845400737377	9.728991754452295
241.05193492208863	390.25207617468067
213.10369824505767	106.04426974332253
297.07062423608755	63.29268986260391
201.86087094788968	406.19796053819516
221.16322703602185	19.47188210881213
209.20158394773136	182.36069177759373
252.7128164535166	107.72992082482862
379.56775288552365	153.03013402466166
394.68713785789936	101.80528821167927
307.189058478705	224.7425405337674
357.84930155485944	409.14616755542613
310.1412435506318	123.07118478169367
200.87124078586183	53.36111168080504
232.9197488799221	212.64551813665102
319.8972096095637	66.13970075383551
148.28497756741945	344.60008143351166
380.6248238491411	316.3717710538232
180.93346463793026	103.90864303618315
107.09611806646555	215.84257492067874
321.92613110492863	168.49887154426082
89.48946899311233	398.5025348658651
216.35667804745728	419.6210929186255
19.415312797045832	367.73562445161707
163.63392566698863	394.58173927919216
119.70028969942788	375.60765753448334
232.8559171605234	108.90878422633502
282.0525979746933	300.8231000897714
243.03051209506617	257.2724330976994
380.02924345429733	376.97742136197076
309.2153070934749	47.28087907879039
390.96140984607894	15.938984933495439
145.3588936649053	23.90955737965761
141.66498760500457	364.70284666053936
287.65040181060857	223.01445176602567
56.112457389044756	383.65212312349183
43.29943867520948	311.95206251669316
55.4565625429238	195.74370569830592
331.69937705318233	10.449748729626842
312.8054601889926	84.94783570436937
148.94280548861786	302.6283515081318
363.71286580703816	326.55531686150186
263.109660562074	362.96912493723306
314.7222224372345	206.10474490812913
397.7747184350753	170.1972512097764
411.8335929522891	23.923701477147425
393.32330487284105	394.42148096630905
70.10135983695753	164.9479540774346
359.94887433612934	138.29191940843992
19.04935034625793	125.25602549050357
223.0572855883685	374.84442071619196
385.12647597890566	340.28435175469224
342.59771881338577	172.75034734997027
196.91516967061773	165.66150840186035
331.8152175936957	89.95354193229957
196.68825838262393	137.85219816805204
357.37675802540724	243.96644818700892
331.5844846648036	131.81469110309592
180.34487613726967	411.51059690248763
146.1811195112697	185.0274489317222
373.5772073288566	103.9403134850306
197.01013677073846	118.34724880934782
381.3506486794093	133.27282814924217
295.70519173835135	163.52126632607875
260.1889255903523	298.9315036487294
222.85717477460003	133.13742560188382
172.77881536594072	355.2410648717944
280.79514418794423	378.9464684434385
137.91621176711675	149.8140316030976
414.7135151310609	228.17131555621347
75.88473755280772	288.4095880278721
44.993507816420276	367.37008824893843
251.0734232488343	202.83210887186888
58.225844114662394	58.829778585263
278.9871427610497	321.52771530523245
113.33489103084221	78.77476765211624
197.72438011316012	93.38962977194089
14.129754104157968	154.95908285190905
418.6187102303114	266.013368946357
192.28781846125665	239.086539708347
182.4596852371962	12.745294335738455
223.9266575982387	251.76714077412566
161.11853703368163	241.58890053105623
61.42999667644672	273.12469588413114
326.3330167572923	187.94658293820268
259.7812233197044	145.86805406772498
405.1880344908409	42.3294389542737
415.6009668975235	2.432448188751521
176.47226311056195	313.5756975752809
320.1986389025231	148.48503045946111
91.35575877971309	309.94451549973223
396.3144102424437	415.4478856726199
181.75762984592595	60.78629159197713
65.24067141518363	1.5474232151716205
142.2903690123547	251.76749483865254
3.3968980139722382	196.56772377278344
157.98916167828122	147.3649066843297
267.12257519387146	259.848608461675
9.193488530142837	174.69398266359508
298.16367697151094	102.89168478596746
53.665231534452865	215.23340539031912
26.441332352574985	348.9795698739579
370.6683630227375	19.105124732494748
399.3398163662303	147.40518624968058
318.1168138560061	104.47268375423528
230.49407029216889	68.376815960932
346.2007658845741	261.8640988337672
67.33819587047688	357.4036581623468
160.87564902927625	100.83365100817115
138.72846226869626	385.2753010113355
135.57638769951612	128.97732556875906
139.1886053603094	61.706094109533716
392.758324263321	255.7653908146841
294.5067966386383	283.4557621080515
33.07596422501383	384.00739680255333
103.76553206739214	264.0456219518179
35.94063266967339	48.36602921766979
79.24638500493319	21.09137282220916
192.17375445659627	325.2268138928418
49.48783480796653	402.6635267849087
133.7972618394242	169.78949260079713
14.83064869981808	218.17391967728489
123.67728959757211	95.45085322661576
96.47441529299566	199.37515921130893
376.00856795373466	419.77588306174385
123.44077717253593	256.80070876941494
345.92654790254323	294.32478232228664
244.04227682648482	369.3646446733216
212.4968861960907	286.2887711409305
314.36954493144214	409.40371908989124
48.75596937442226	152.52758955323253
116.062114163353	198.3740956563564
137.86469043938686	42.144214383485796
337.1090025355334	109.38070484547622
295.8338515273426	333.8533482460925
295.3235512827049	202.78065936528643
261.4004118750659	384.5608304920431
197.63545297395194	365.94519100988003
188.8226558018355	185.07353085167023
360.4822045049146	384.5951973675652
404.57095223271415	342.0159050561042
61.58791649529332	79.00269529599336
166.0825378967655	336.2532878690211
169.26747048581115	27.606179964748364
20.2414897737594	311.14899348923655
69.24651042488485	314.118729800459
141.90564827007026	108.9484242903973
146.60531256691857	83.11003569406157
39.999876749620626	124.0178816019798
175.86403643810004	124.08927539100117
57.023319216977065	329.33669992594946
13.594789244851043	22.486966810806862
114.42663177263711	137.37383330037704
167.52958352945657	295.7578355938876
398.6436843235374	303.90117228973287
108.33956140223404	300.2559595304012
413.25738886597446	383.4738892440809
86.6538954758469	361.4511050853835
0.3828567612863503	113.94891811224583
146.061944913785	228.57390870710313
9.099674210227473	284.27490768267654
22.52595648076128	78.71342951114964
298.6178570773028	387.22604950186934
76.24505403592225	378.2045130840538
211.4126868621921	346.8100820788401
372.7171684779954	256.5116210306409
175.33309471113552	84.64748713719801
339.42743230567913	389.165693543972
58.00952290094915	20.288412196815283
381.38819648282237	293.9922812835613
11.916950856018486	244.7833401331669
271.16817883283716	236.74872995201758
22.578279170547848	200.17358459053648
383.1620488226029	215.04242560621088
405.9985970320731	208.24858244485537
274.8986745242156	94.45767181519342
162.91766482804115	47.62431294181303
110.95259931972045	393.2440203943265
70.00574459220732	399.62313888697855
159.69194034081391	374.68899121913284
358.28557036774737	159.61620588211196
81.5735913686623	267.8395432673857
43.51061245987886	6.112058543834981
351.4176646098135	54.711595393045194
234.74497926177722	333.0139851590374
323.95797170850244	369.128492704315
230.22976400085233	172.04753419090702
97.9847249367657	40.79250095476324
374.69403624411285	358.09959912152857
137.8343818696917	5.940534716184179
340.6479751860978	28.906935916735492
239.58321409642332	48.844014775834836
52.353283661546214	235.3513383902837
302.0128896011875	302.2398664582608
242.56041399645676	310.8072053437633
27.611593161587415	102.96305014861025
159.97963611993598	261.6632941261225
256.9429352721711	85.75121668951739
259.09352229269956	323.6329400279951
153.54111112067807	166.56134978345008
292.7206430785389	83.57314248893054
113.65738797007036	319.5145826268784
32.5562838258783	164.34783856153322
41.282424369595255	88.96496517484057
