362.1526912787797	307.1179321629925
263.1761483886375	124.9941418434546
250.20869543346072	162.79078397894494
286.2129826489264	261.0215671874501
270.5073342063394	339.5995465497909
86.51872803374424	418.761989960884
272.09611961023717	418.0531151045401
255.5255228802942	402.9453585033462
127.02837809356541	221.27297983615705
288.9648448669265	10.966539242635971
320.886690647078	28.313793136726055
39.103159202707666	251.65844785598716
70.00844412895351	227.5346035608282
130.42081454716504	300.18774416672005
5.3135638271567895	345.03310273790754
336.4247852725475	241.96586408244283
7.083858597062105	325.36236502997355
373.7730050197785	174.31687248276953
281.18712876088756	357.1944272163298
97.90198831172552	98.32725542790392
184.8200735754592	259.3556593533209
380.0610015808266	33.610718286767
147.56016263313637	405.99757632512035
78.72986337615768	246.6787660970167
309.60242803022373	7.4494340878008956
32.88081349033357	228.25700432722826
351.1445654370155	9.125150582384924
184.38441225215124	384.11431563664513
347.4574600347457	367.56619069281044
340.3164171316926	150.57453525841063
419.4477083202319	304.93309541105134
403.4680328859976	190.58493911402275
266.95890235691394	20.14779748511638
118.54510765610928	115.78568381927903
387.99571282938	51.421182347910175
410.4288912282996	285.2019089931282
179.66356096652586	144.62895707098951
154.5329823789645	281.5763462712513
157.72882598941467	126.61407456774901
221.8099221029068	306.348762260919
332.54819666824517	352.9191932790043
84.81516527074784	141.53919743215548
125.24536138489906	354.7392470338832
116.7353090550614	32.602866387186126
231.87403919613777	193.66877991278028
278.3728667267802	155.13110655795742
324.11003640012336	335.51094932997114
300.66363685457713	141.9168978665947
34.26549096073708	184.54251808362437
248.36521923679956	348.5833044485747
198.2576033098161	276.40642901010705
307.59592218163334	347.99220310065687
60.14642433274183	119.09568848424841
382.26494414912645	196.27236959473288
60.741627262929526	254.90436888147673
343.51683927137816	334.4707598628884
1.5604321501755651	135.09694416683223
92.87724815948219	77.2653666094051
99.83542621668234	15.248724770107447
152.06482048261933	323.9181558614727
198.84468744542565	73.99987162347684
370.15971097054137	60.70041200222724
280.2069660512689	175.20057852914476
236.83169239666563	415.3071403365285
299.31395192975333	368.06833434307225
281.5183824014581	114.63814494431583
395.1292635768945	234.03664640979622
254.91647278034117	64.09196796941943
229.73494959027872	353.7935428201984
184.20214453047456	41.72623526807001
37.21246420244636	274.69811269862254
410.7127039074001	402.090406880749
232.80153457682025	234.15670819710354
357.15011100470923	75.94467316500206
36.899362635488146	26.359595878539782
201.85920835390323	308.70480393243935
239.20672378114205	28.850842882134145
167.14944528343662	189.54148658756736
407.2906461912363	320.7768197740654
300.06750312633596	182.85264110807088
355.7585552842764	121.29518448921296
202.58894901637152	12.810612960585319
388.9264968600194	274.5183966618976
130.36930146113735	333.007946583246
385.2595130758807	84.63779560135063
221.18305019861228	45.878239643516075
275.05275988339815	195.01960004296976
116.40773303815975	237.4407697455552
215.59391870080813	83.6412115081757
174.3751728382111	277.2819662427988
175.38874941193328	226.82251642084273
97.22775692616536	123.1174616116406
250.53521189781233	225.06074748100244
320.7621197109255	389.62663339032287
402.9267248931268	124.065237262773
258.7776753690764	37.83542558058659
18.016379896362608	263.9453345549312
62.64651755800637	139.8012446707206
50.39091397455378	173.7464678678391
29.643692676510756	293.6397076764339
293.7567581644032	242.08474046443428
373.4528304982803	233.41040535856717
227.0292155631139	271.22832040535496
157.00116197383753	210.74508382093293
359.8203921377228	36.06783561931944
333.22688933965617	277.04671178876015
103.00013483606011	60.273882620322105
55.996401651650075	37.85989556532027
357.6132600923277	185.17239692497762
107.8691271662723	414.0523949839686
413.23514016748567	363.11446653420916
315.49489963811885	285.30918789134597
242.9559469589682	126.0519425733256
236.0041822886565	88.45154354859726
258.6611138695682	183.7959692603142
93.84508698628748	233.80504130747073
76.2350182088489	42.753431530897565
203.63460549270405	32.93497283909003
331.3973419637413	46.7639915888757
414.61855052462346	159.9795609633911
236.1096414972144	290.6617780594957
50.0772246494272	290.7483806797894
3.486737175698475	74.95556846242191
329.36131556631256	222.8778704429902
133.86226393969622	278.9613974959701
58.18955371422414	99.26759768335923
272.64194496045735	279.853602557609
340.9690443835338	201.51633079779938
313.7101908659879	319.14981950999965
7.731732485286955	95.59622632726287
343.82308144812436	313.9792508847809
305.7836214106122	266.7405192050263
28.95840655423628	329.3576626536051
79.94428522768285	113.5786473934732
237.93623562620775	146.65438409553832
214.7158826638629	325.03269013436807
205.83134575634696	258.4827461269506
177.6665913491267	207.0244511302064
269.65874855821176	216.0282671720613
281.82176357637627	37.355500521737724
76.04121128801451	67.4256492879857
135.83674115033182	203.73405895244335
313.199352194841	243.3097590260097
252.51037331613153	278.6375867148572
363.85174805284385	206.899838238496
211.97151581170172	211.2745570785018
352.07389081137643	96.41119093328253
213.1278026261232	231.70845404916537
176.1418350062923	167.51971974113812
410.9003621976441	246.56415619066294
193.59109593989288	219.9784212536845
272.74189993715527	54.45609201632107
216.4643527762472	158.29347681950782
335.6159748994873	407.45341642351974
161.57453091931748	66.06614507480741
274.2310631533264	73.74670652485904
41.0558287324833	67.81865791507884
119.75905948680834	13.071314968715939
17.069000453635184	59.18448265929441
71.61887490512645	339.1124487164387
188.8164224974589	293.5437111503242
393.9038213717373	365.0489807905007
362.1326612591833	271.7671440541341
106.03421989872732	351.1039342511851
98.01676357884327	377.61726981057706
299.5878296282444	27.29749338845731
277.589788401355	396.71307751613733
327.26608318864885	302.94807310569945
127.93497601110803	405.71792837500135
14.08137945863366	2.170380210794009
189.9462321074497	346.2128919902928
282.004540732185	135.86749556281296
95.22846606270882	332.6750396987371
349.5917878613846	220.61646128111738
220.60348998990733	400.3491320062588
28.312596868917844	141.4491712648356
76.79420309908616	184.59125124892782
96.71489350926436	284.75728598744337
205.22529775360786	387.33439024503537
98.68279559322272	179.82332991602362
26.90414161385641	406.05486108223386
323.9322492915674	259.7473472418765
121.3331448571571	52.93123091282878
338.51604122261233	70.27199813190562
356.34254176398866	349.7369691325663
5.456036358936709	42.51867188128835
405.29914161802753	64.72818783597195
47.35666329605594	344.99545435416877
100.40364397691687	159.27033582560745
75.92007856840341	208.99165209829323
406.5604261778211	85.57016869767402
13.896053739061758	391.8256705005827
159.82675322867888	5.284932189358359
294.3165892231186	407.2450171531527
249.01471467254237	11.213044489996978
240.1406117877978	387.9860763471954
212.8617679010072	105.5029853018216
297.30310833487175	64.16545592025633
201.74779722524792	407.3856417558405
221.96283870846	19.504739120189836
210.34533316575306	183.9052051567977
254.14067425660593	107.25696688842655
379.07309183389253	152.94292380549055
393.305535561723	105.203006199637
307.70660178912254	224.80794848589483
356.0343761099059	408.8922956666715
309.15021832128	121.28223573576398
202.7723072840069	54.97268862637328
232.67354448469814	213.45566919148138
319.4377490891087	66.43626731442572
147.14936470255466	342.99198810797856
381.1066052175662	314.7233162681006
180.01178510887658	103.54964563109259
107.87507032542166	218.1561428250447
320.6289572245825	170.08001660777012
91.16897193886504	397.60268922022294
217.96642290223411	419.7335769139575
20.114363896321546	368.77422673172
165.07485073270354	395.56333137732344
122.61955110622941	376.82775014414744
232.70622800622255	109.4531672327644
283.03807917621066	300.8950947731394
242.34021540558436	259.2806281576425
378.82462638690123	379.4312552846439
306.4081529373134	45.35030971076525
392.8954039607176	14.889310738697896
144.42116475631704	22.79546573210469
143.23530558799672	362.22921796143606
288.30873488870344	222.1123854742291
54.17313247866025	384.6818568094897
45.352309365623746	309.6874621388353
53.1766915562555	194.24563586699546
331.9410302279864	11.329284344524947
311.3693134633412	85.18557024181312
149.87318815055184	303.64269336067593
366.34222742185676	327.6442090704472
262.5740071124555	362.67859550788774
314.53463755306035	206.44555203503882
397.4483812871388	170.9773020721471
410.7119329166731	22.650511058494768
391.86382065451266	395.1899374279467
68.82913482393953	166.6253807625755
358.2214250690723	142.42680895559147
17.98554256810191	124.50115913449702
223.98186886068424	372.7782994423788
385.0946360406108	340.3766692155142
341.9298543218134	172.40376680595256
197.84968894151982	166.3009813841329
332.7063348854228	90.71467205477997
196.95737877724005	135.9756235142105
356.3313509363181	242.35744264902576
329.3745504504339	132.21345438711262
181.51144533073384	409.40544593003654
148.10045135678976	185.72603186832728
373.498835705619	106.50356478458376
195.65732010978974	116.61730840832723
384.40001298284096	133.4192149694143
298.348293667128	162.74190211170068
261.28607007208603	297.8292690209243
220.9409177653138	133.46839075109537
174.6177429167957	357.91342834295983
280.9126448091068	376.85544180994015
138.94520156289295	147.13944110507992
415.7079233289083	227.1936522485531
75.3288720932858	290.6290969987852
44.99995994406578	364.94583197635694
254.19002590153755	202.7329729970119
58.52998894250701	57.9408900831787
277.366717941883	321.2011861094054
111.44371690091842	83.32503955506355
197.35081813178564	93.37588945006146
13.652039930973972	154.88338163529906
418.7605045534993	265.78437356403873
193.7896597684571	239.4892207693266
182.6515334587955	11.241017635889353
223.98633241732577	251.3689826386075
160.88907585910215	241.02072687827092
62.40446913788388	274.8143354560921
324.7984924398738	189.7211448501884
261.59002682865145	144.77996689309037
405.3248551163636	41.99888786304322
413.51892744352887	2.1784921823331707
177.20090221596698	313.85077824966993
319.88788446400304	150.19426962924067
91.19034261824997	311.2181577889224
395.34675307652924	415.50051181956644
182.3436202286885	60.98694237731189
64.13891854032089	419.5000249247674
143.64833816640055	250.79629832401523
1.136004003536952	198.40499545439633
158.2360503700942	147.47850619943233
266.5515017901297	259.393519493708
8.800448065286743	178.6772836052049
297.5256135048097	102.72025567929
52.67978917169045	215.8282117278587
25.140989810421097	348.9042901678207
368.13607650588	18.347675058037336
397.79125364149786	147.49690523949653
318.6279415705993	104.48071193174287
230.1019423340482	68.83079620308615
344.6898030267211	261.42537842819604
69.06252371425826	358.67133760944995
160.49204936064777	103.24994701247599
141.9113099077051	381.9309069523547
135.40265954675806	127.53578066052283
141.0655954332367	61.70245024473405
393.0206356396557	255.6283529316852
295.69686021583465	283.2384305999218
34.15491081670924	382.70312489562
105.29162774620147	264.0341749800215
37.18779050594483	48.75766895733361
79.71425100412645	21.913733783155685
194.70972476655217	327.02370466958956
48.815093696412276	403.4099640021516
136.3594526602234	169.43647138119258
14.158286763831134	220.45648376177252
124.81484389810159	97.4920080281578
94.58770173176934	200.23623772495398
375.5453703435563	419.9658105425507
124.16956369179447	255.95927252836705
345.5749002940468	293.91848157767225
244.05006096465618	368.5211974126284
215.0539249803769	286.7003317030928
314.96972100548743	408.2078550027856
48.113234690046156	153.64391162088899
115.0240435209492	199.61154681618817
136.43475571845323	40.451059006284055
337.87473992198017	109.56396469674509
294.66820843923017	332.87165476903976
295.76801806752394	201.95870552140806
262.0998290866111	383.15339787660463
198.53666944030437	364.5960481874777
189.86558956650873	186.06599240388041
359.64434525623	383.4398930162962
404.7261848681719	340.9364192638062
58.81700480587977	78.75365506995851
166.94294705928752	337.22324827126585
168.4603040300613	25.52431053302414
19.24158870341104	310.11437923561726
69.57664594822745	312.8377643490541
141.13326705730086	108.72756830824903
146.0290399966377	83.33838977534383
41.70006258628068	125.70789285472765
177.1070681506785	123.09527205080958
55.65098839655508	326.41724245099306
12.736903086619236	23.2703684911275
117.38634124491357	138.6778134948879
168.57386163583496	296.38280918607586
397.14342963467	304.0041615014081
110.19076179538565	299.4633632454194
415.0852727849579	383.0744113606565
88.67709666538191	360.4360894854475
1.1742038097432863	114.58360840601073
144.78378940205857	229.82791338035656
11.171120288520974	286.6858230350493
22.843453406897485	79.86278399587225
297.64909871762643	387.88316400350936
78.01538405937167	378.5612160216045
211.09536786409174	347.95308596860764
372.02767649615765	254.49954372749517
178.06040350012907	83.43793195000382
340.40952442642276	388.20908950932886
60.053244419747124	18.75835535097061
380.27251299207006	293.2688205560663
13.249441348887803	244.637647569574
269.6529284967345	236.2235336411914
21.66530745719125	201.05884613864563
382.1133220242652	216.18972555276156
405.039502870244	210.41061485124072
274.4253105723347	94.2719859048451
162.71480459604047	44.04021172371505
111.48625229594803	392.8112958613677
68.82701953383555	399.8737379603127
161.07626655696396	371.7938869807953
358.7332630890924	162.0727368196264
81.62324245821586	269.3485340211846
41.78721289831213	5.916578605530699
350.86764921968023	54.29726274253447
233.9962908342298	332.6995165679476
323.83559244744083	370.50682540498013
232.11408940481013	173.98642796880966
99.38743655197942	41.09252183751749
375.4572689604113	359.0729380346908
138.7951718994415	3.835513776785244
340.42522205097737	29.183956739687574
240.39819221195597	50.914724323009594
50.685285942329294	236.08406318747282
304.0085037174831	300.8606186442339
240.07588757193764	313.0813762256177
29.013962983057063	103.18737348206247
161.44853766414394	261.49476018926356
257.18392846612755	85.41917482686603
257.531478428007	321.5837869690722
156.52739169020396	168.3370592412213
291.5894812928409	84.00831760845901
114.43509360661173	318.85526041190315
31.87409210949799	164.0507994318141
41.53429972872988	87.76895761901606
