365.22345423177364	305.483122236258
263.6491225117917	124.04538197051853
246.85053391948915	163.7687246939867
286.82548357922354	263.5626852946401
274.32382778720915	340.5990412097931
87.43345396488264	417.5883851639245
272.1761092958327	419.87341097307524
255.2383216945054	407.95806309724253
126.1552533803273	223.56290483642758
289.0075728970915	10.657004848332592
321.3090047244816	30.067997663213287
38.16793491220107	252.42926009984237
73.3354277177558	225.60579198648196
127.2646953810369	301.22878289377053
5.757047487213415	343.9118761556342
337.4665596653103	241.6686298844087
7.421042432000209	324.26673978599564
376.1445949989556	173.62093752919435
283.9602532129672	358.36269968548766
104.51123377966223	102.1430152722556
179.9336776327887	254.93834809511978
385.38882109042805	35.77120377274053
146.61541961216412	408.15686030181837
79.57110011406228	244.72308722421144
312.0444339860207	11.34436915370728
31.803853233748384	228.33634846160547
351.4681208827941	9.191389184703201
184.01218863229403	389.3238617372844
346.45908793636363	370.66100963457455
340.4860851648354	149.52870735007323
3.214352925112069	302.4468924700335
405.9081512481197	186.09843552863097
269.88211156925337	20.881830774863253
119.96991871047236	115.92146527362904
388.8768095831907	55.26013967242526
404.1357988377072	282.977844822807
177.688895353766	145.97829777350597
148.13949083754616	280.009457966465
155.13299583808515	124.41363558525701
222.1285981575914	307.4671659435431
334.8792388358459	352.41489931497455
86.147132264758	144.73758539373122
123.92211373200051	354.3166791919355
118.57849108146658	34.13518073738751
231.93596203104428	191.5081237801276
276.22337294739424	156.21512760814426
324.4037911589795	333.8242809127302
300.90698295057626	142.78574597693245
36.82089466649559	183.71829838359136
253.44784398993482	344.17837351915307
193.54231860463761	272.49070557071275
310.3208672589337	349.8232030899666
58.583403778691334	118.66342614096688
385.1165597786628	191.30946235213048
60.22490865324269	254.09889086279597
345.1480794658425	335.0434561866904
419.30469099269027	138.9974001527198
92.28729802136927	82.13717936034307
99.0031129975663	18.72616340648399
149.9280929352302	321.7470355033802
199.74284750396473	73.0968348049442
369.97707442715944	61.19587348096651
278.6590562847209	176.7950273327331
235.4788646576847	411.8409987852798
301.38368266361573	368.3900754108931
283.6258293396525	113.93174032243886
396.47294876835645	230.6135218934816
254.9128536266723	63.35842819741965
231.33116487342127	352.236774552751
183.12775972990468	40.23855737079591
40.03134670482095	274.17025192094354
415.11707261227406	403.3094434252802
231.2955439537389	232.52275425259302
357.9874418870561	77.61710427010246
38.141351960027215	25.178533880513314
200.9570141462863	306.92939783762654
239.7891425048891	28.044002530956128
166.00391964996697	187.73944480292323
405.71601845660956	323.579428751875
303.50431907910104	183.71166362321154
358.0749630203199	117.98588984046965
200.95846685665447	13.3267080366201
385.5253529468856	273.6766103045868
131.91638171772934	332.5343578174039
379.22512298384527	83.82235397394088
219.4751780560389	43.47680541371302
274.636392244857	196.80299199299617
114.66196445052809	240.1971231453395
216.55401426396548	84.94897433511686
173.62141277819188	278.0579802145072
172.81302945426702	225.88751343140203
97.88376338474359	120.91204017721806
249.73100017281806	223.26055791495068
317.64487011657275	390.91103051189356
400.4332907091828	124.07477522093582
257.91514698511116	42.282106623481965
19.895710273128657	265.20606640437654
64.767861000018	140.19173985818463
55.85021344014582	174.93137534936872
31.514009882755467	292.29797518666686
293.0313197690313	244.14477356359043
374.3105700745639	231.4319018526105
224.38169268399537	272.10094593234567
159.18970067929487	209.77086473591962
359.76159272853766	36.59120594723719
335.4152308906528	278.8212437455246
99.09092788464041	62.65766584439359
52.58850004356295	39.53372610719106
358.4734099968392	184.77442215600405
107.2288461932439	413.451450712683
418.57291100590527	364.29399973195194
316.95860881414944	288.03983359838577
244.08883827010587	128.3366466519737
237.1092776899622	88.95138629643628
256.8771688558123	182.8046502651909
95.25968990217787	232.52886564240055
76.64337401250782	42.61508941977762
202.73062415025393	33.012385342531886
332.1125683135218	47.39131777247199
413.99374259928607	159.99196700679002
233.74873841904025	291.01364712254275
53.036499599965936	294.90243926323825
4.546652921054315	75.26715950115896
327.65442697197443	222.82811216702234
125.46631113626644	278.30226718330636
64.1826078615797	99.63961867521543
272.9697177357848	280.12521275236503
338.73121028501436	206.36894020240513
309.45050875055125	320.84947629914586
10.401897096928728	97.7944775118013
348.16435423097255	315.3823357546662
308.78433981408745	266.44563121572594
29.69019128451554	328.914246573199
80.40298436371292	111.68543113822302
236.68580941462034	146.6578452085489
213.0253971283393	326.29445337678584
205.02608527875574	254.6174875793645
178.7514514393913	204.4841960315324
269.12460549026383	216.0867692570876
282.4004184849476	36.36126756990013
78.4939803547822	63.076567997635
138.30449961038482	205.41865795367931
314.41532823381306	244.82858061236712
251.16916143794205	279.96785271546037
363.89390977385216	206.59795356579002
211.40967648529005	203.2126545083316
354.2958577447266	97.05626577503104
209.94097227056218	231.31589092058624
171.38355298489398	166.271252179588
411.16147030400543	247.03593211053354
193.19119476063668	218.22681479071434
273.4723185295437	54.51911447068277
216.1362010133084	149.5270571095907
339.91523793749417	411.66975964071867
161.26039751835842	68.95040532312699
274.4968094005762	74.32286699443304
40.31067964509137	67.0341972968145
118.42138596843029	11.943557539416418
15.476634979944878	57.53586798490717
75.6721736256858	339.24707100117644
186.4400537501676	293.1542633115534
396.31981759516475	362.68197356476645
363.11984761003845	280.2310122297489
101.78257362700631	350.34228256887593
96.87732586356351	377.1772883296594
300.8432254797312	29.20055304563269
274.1953952969434	399.7409015412311
329.4750558289541	307.3072026575457
126.55439155511135	409.2765415710184
18.278132409010414	1.0287074454392628
190.3401330457684	346.93963081142726
282.1792479016335	134.1313703172171
94.9472257798588	330.3049028728913
352.41688613770185	223.70022089784314
221.84325148747567	393.75342738432806
32.10811585950359	141.61425264999485
75.6969825103652	184.34490620909497
95.54310787552558	282.6038549169718
203.40872075440944	384.7090923303729
99.01812524212976	176.73864066290972
29.962673327435926	404.5013715447997
328.48901727424345	259.9861806861755
117.96926437685327	53.94775449952577
338.9853557612812	70.22129053143088
355.49621263105104	352.40241891550653
5.002365016380355	40.573574079755744
406.9408220629224	63.314269770415606
47.057232756817484	346.78864727405045
103.60025526677857	154.51298708115928
75.20628830251319	204.70423623842422
406.24985774671967	83.56188689050181
9.903760894838108	389.54419302595153
162.8967977743249	5.277824127943334
293.7773737863383	411.4385206413434
248.2179189330547	7.500143504953137
242.19057956921142	393.0164659956013
212.580311545046	107.28809404935045
295.1092574928837	61.28551481969614
200.28955090914477	406.60700765823935
219.83432523121724	19.751087046345273
209.38726923087472	180.4111802665113
254.01224134477596	104.8933666148957
378.2426758921087	153.07809775819194
396.6850038714169	104.27292915056887
307.4102649181885	223.77142936795013
360.72305732760856	407.235762961345
311.1079580887667	125.47673754513491
198.27068820032414	53.182295251804035
231.90365403018012	212.57012459063327
319.5034095545874	64.26108895146994
148.64129059098312	346.8608520724853
384.11618161201733	316.17532021425086
183.07006206345363	105.74084703920994
106.94601686138385	216.23799488477636
320.4734488066102	169.3274441277919
90.95122775399156	396.80422266996095
215.85818359557496	419.06236719263035
20.181804667835916	368.5297733609222
165.47037395016002	398.0259476528761
119.37640572383611	374.4850032253827
233.04838450382613	110.87295104222224
280.4559752186927	299.74976686192946
244.19541365740545	254.67583849856308
381.0761591607115	378.4793536319133
309.3100041255569	47.347265147781854
391.5002664781355	16.69080083119998
146.33874765941445	26.27151008137822
142.31720768914198	368.0334177166808
287.3656065806214	223.87890559491495
55.47565308870704	384.5689887860603
41.58195016892746	312.9044988768311
56.3586581428458	194.86166708405037
331.79967053885656	10.518840699061089
312.59764955777496	83.07314212111774
147.65881717537957	301.6467273573554
365.72046154144635	325.5091018533088
264.1680755173822	361.39685901700295
316.34793094284606	204.49674152688797
395.1949141494665	168.17466388595074
414.51161396393655	23.326699623907473
393.96284343774863	394.1666482537257
71.58986902520067	163.00308667669813
361.6895259718872	137.5895461869901
18.577760937187254	125.24144311729708
221.1775264516188	373.3044626739364
383.0388349615773	337.11932906112554
342.9304032675943	171.10247948977258
195.84478405199826	164.9290647754611
333.4515130084248	90.68571483752041
197.9341116618944	141.56000562030414
358.16523987431225	243.853086456469
332.47490234582165	128.9727609973828
178.8738430268834	412.5068191245599
146.04585509496	184.84064652617508
373.1989831364258	103.1735437969271
194.89088815743958	121.6717985999071
381.6324370919573	131.588808270944
294.9613662308093	163.73710813080194
258.44618247835587	298.97988785781683
220.0597636868918	127.58642738096569
171.5299873751849	354.3861777544438
280.28114085782545	380.0828637180718
137.3643973746589	150.32508034323877
416.04943851084676	227.221364102679
76.11376910555643	289.3643933136556
43.026122583306154	368.35175471862624
249.44508607374215	202.84773868985715
58.90714268651481	58.51411226819559
281.51730829148653	320.4780785939033
115.09391821511491	74.21675195273058
198.3072179196138	93.23890120242679
14.728786938543756	153.3663684867292
418.4359607603098	268.30203249056666
190.14799361301718	237.7665623943159
181.0064064327365	13.864845538292409
224.4416894250468	251.00273172480837
161.3259318194423	242.0693059603113
63.08446912883868	274.5707019691188
329.37669527679645	186.99589763953088
256.7115944415395	145.54766664199545
405.23448752409246	43.31068961366358
417.2239270076246	3.3129463318635617
174.6976652982291	315.3099570138768
320.6987372729641	146.43995581689353
89.0808505451822	310.09012057881506
398.2383947290195	415.88712865157504
180.57515929218306	63.989231111079455
67.01798273294156	1.6021109680371368
140.0566680664279	250.45557780119296
5.251120698820949	194.7097318973191
156.9188802764599	145.70865089634736
267.2604924741122	260.3234132259361
13.021435961551031	174.8820133926624
298.85369052025777	101.2233678987164
54.6724919735245	214.6915103035395
27.616876833865568	350.10818238058647
371.0437582324795	19.251624738596295
399.06439046792246	144.93363941518436
318.7787322582031	105.48354134795159
230.73235514991842	68.37687380800799
350.0324125362092	262.10305286394987
63.411251087950504	360.36622768576194
158.70710198395253	99.07602869413041
135.77908215703428	389.33747999920007
134.46911421193727	130.72749752039974
137.24745346320307	64.1885333154496
392.493284269359	254.79522501394544
292.79089597585227	282.3686453876951
31.6182861207818	384.66402877510166
102.67543140561575	263.3828849545635
34.1761317489723	48.16762006034789
78.02713403061308	19.960291505225005
191.89804318546274	325.2968460638787
50.07735914214972	405.52655643983127
128.3094689956972	172.23548708458608
15.108924736220876	217.69164531572136
122.30921483911592	92.82503122091133
94.42223263670105	198.90655418283725
376.89440127262446	419.4565992862391
121.9137118589949	258.90476530410996
347.44463933394434	295.3748548816306
245.0272618840762	370.6020531058601
209.49000406035475	285.0483625872373
313.49122200758165	411.0012295715115
48.891048105116944	152.68784864345795
118.59073224311271	196.91802602187406
138.29403626570826	44.46180755163673
339.7216773394589	110.52850785554557
295.5966853277067	335.5998346917579
294.29708361762306	204.3425967425313
260.3811835135925	383.958603564112
196.05595175874655	366.39421201578176
186.13237367405333	184.1172259008171
362.64616874590456	385.62042400392215
404.9024589270996	344.15934753631785
64.3801213637709	79.89554224749413
167.478943789816	334.47734213409865
166.24034591704728	27.970772151975442
21.426485531409465	310.28227585575934
69.29412832744079	314.60959095127646
140.84756369038934	108.74197446619633
145.8833644764681	83.73772264272031
38.82620227635532	122.46957602874322
174.8745406005474	124.58853122536001
55.16844808609725	328.6105153157162
16.13689625092441	21.093311780336368
111.03662093705819	135.88027218224073
167.0580142928044	296.7894193764442
402.28619981288284	303.98143154831286
106.37143694795269	299.1665587618058
411.0612901710411	383.3010601512746
83.39949358838587	359.90707361178886
418.61436487902677	113.79732250500182
145.4208223696775	229.88254153191335
11.498325135792966	283.4619422150297
24.594069935728168	79.70848697332465
296.76097432965264	391.3338380442798
76.65524986849577	379.82491775610566
210.29765690547734	348.9277923745549
372.26798009193874	258.52333139776243
175.99908774753195	85.37740907706457
338.07218674752517	390.40205775093335
58.22675040425264	19.906229735565265
382.1168998903016	295.0109756101704
12.466349850408545	243.9702427576209
272.2663213676472	237.926720993033
24.358434125922354	200.27934960035083
385.3074758494932	212.51262789714139
407.2009615913956	207.55578850222156
276.1024608496471	94.74737946350919
163.1421362270939	48.568479236642794
111.0579080393475	393.2121031500282
70.96998272855278	402.01929684902353
162.2385285406701	374.25839189798234
358.4623586528398	158.43441325980132
82.22366324332683	267.46410278653343
39.92229470999718	3.8986414746052147
351.11045284015887	54.32070511621405
235.85839195014276	332.91914953919706
321.93732745263134	369.8375589349915
227.57967363834007	170.31582673183846
96.33898377228836	40.467869789798634
376.0074574889054	359.0575712086538
138.74552088546406	6.853405181088688
341.41679829465545	29.247588663983993
238.55615027888012	49.675451245721064
52.9269993207678	234.9417251105516
301.42020267777934	300.9623747837522
242.37331318025343	311.36684990309294
29.200300553212646	104.71093823535038
160.94591365384247	261.89823107144986
256.6808466930312	84.07825429915661
260.9348709008664	325.92466599668404
151.2848515736617	165.36003097953642
292.72039468526935	82.29718640032942
113.69439208038575	318.3054443899418
32.15620131315634	164.1711399475114
43.916379546368645	90.69072200609304
