366.7353937077951	305.08752311734213
264.54624880459073	122.19834284033267
247.30353854900625	166.0697492850922
286.64499791659546	263.2406753998547
274.50827166900905	339.5530364560529
85.1826266958307	417.52588446595314
272.95769738885843	1.6761183174869199
255.4370992513271	408.0281460860867
126.11799712273897	223.57129647637734
289.5045404869072	13.230206751221333
322.81856833919574	28.595255453806637
38.943230256575774	251.84507840947214
74.5491060538106	224.97751591895104
126.36962788233014	300.675729299148
7.1237949343278935	343.3440794931178
338.42904334976356	241.84527244728915
6.8684004800983	323.21404665228323
374.89193579485647	172.71045628081401
284.7449058982839	359.47927436758766
105.51869148989095	101.04183604063671
178.69869980245448	255.12885182141616
386.07390595686354	35.13450528037921
146.43964562012525	408.82450491498497
79.60870422705368	244.79769537463952
310.6037763564297	10.86047899596237
32.294580716977286	229.07871866679636
351.0159756648642	8.723392822899397
185.03549760969221	390.1170004419226
346.6633148573399	371.1722480890649
339.72102733046023	150.4285910545852
3.0057505796581667	302.710695581791
406.47897761236914	184.6006737415925
268.216592044049	21.25812525217262
120.58636578517081	115.08671665663988
390.2016165811865	55.474069290748446
402.9332647256769	282.3200405712098
176.1958710993065	144.55668997251982
145.16082231224104	277.90200351788957
153.5331429667372	124.08087316002607
221.18443005818028	308.2990104403224
333.7654958130858	352.33426697537595
86.75284183776493	144.4002119501857
123.94987422356984	352.8522773450756
119.18726492077089	31.03024545947929
231.94165108321477	189.11666150283125
275.33163184963524	156.36430630529298
323.7813729879242	334.8050407216531
300.01132722230557	143.79168239024722
39.28133538609579	183.11968102688607
254.33695270641098	344.9257102967965
193.88086078156851	270.8830001264793
311.2827607089606	350.5971332202727
59.57277384715183	119.18105538076857
387.56184543250987	191.1126124013076
58.7056249332322	255.08733928318338
346.63239873320566	335.46457488428774
418.83347744936134	138.15446048051044
92.2005107559361	83.71567874700172
99.51352423954785	20.608740165035847
149.7295699186424	322.3677307642637
200.28931715841776	72.6712943163655
370.5410954515131	59.82454677302097
278.8969534323253	175.97727121181882
235.2191360192304	412.37671839362
301.862162761285	369.78730722069434
283.8089248593225	114.60499415671038
394.4808022542851	231.19053425830012
255.03112056628652	63.71519198672379
232.17508338794386	351.6972757750365
181.81352591917454	41.33989675449072
39.42235985350659	273.0803944482607
416.4473223865395	403.40161038559165
231.3458352251874	233.14693571650824
358.58929108185976	77.11979166380031
37.58144345965905	25.575369996323797
200.57094458378776	306.41891909120864
240.7455471241549	27.42265440083389
165.07807097682988	188.48221025332327
405.89036481629927	323.52806200664446
304.5065202123241	184.76433271375868
359.971598586922	117.7662590903835
200.74546843030873	11.764533588422852
384.47535096837953	274.9238839469217
131.79618607242227	333.40078988311035
378.0263142214766	82.15134751150688
220.19733315855368	44.11305623925502
274.1648319869698	197.32568918360226
113.25157248818243	240.7471270506846
216.90782553773326	83.68043420958618
172.27196280422203	277.72894891984464
172.37472281848912	224.71549178453589
96.57284027050348	122.72214308805701
249.92406997572897	224.0048816967352
317.27787850537527	390.65876522766314
401.20731164542735	124.40232828054995
258.3175390956187	40.43895109242366
20.23975557101814	264.21312109993465
66.15822296746879	141.23554548426878
57.646889361338054	174.3164716414478
31.856848567313623	291.6985779868215
292.34774635730946	244.06312057310117
374.676653387883	229.48986662792788
224.10868177328427	272.7085824687969
158.6703295878601	208.2573249126467
362.91141131713766	37.54165058875593
336.03161937070433	278.42690457367183
99.82346752044127	61.20543832090558
53.30461966915614	39.59714449878447
356.26005896363114	186.03288624292213
106.04070424022305	414.11046544777776
418.3193259297212	362.1381988999851
317.2958217741626	287.26416659299565
243.75110183132884	126.76793555381778
236.00451878892744	89.71090486399683
258.9239646705427	183.4611067214243
95.06629667056438	231.30868664938214
75.60900042634955	41.50503858085869
202.41317960006972	33.412473130529456
331.4985815623778	47.8667615626999
415.11846670991537	159.1006132562878
234.08087240838623	290.453880823606
55.3726907644629	294.893761741741
5.773763030422242	77.98669016283395
329.2622492294535	224.13810091911964
123.50582434285262	280.92717223948233
64.29762725288688	99.06128356948352
271.3578737711281	279.8357731366675
339.96247320888153	206.33948313581186
307.5879604071309	321.3792289425483
10.18111588459676	97.52416119681445
347.48598245062254	315.3967427752357
308.5438249332682	266.94941170139253
29.25577715202812	329.16993977423374
80.20903792397375	111.26937839777442
235.77840712304305	149.06654894759444
212.8878605549612	327.3659946750069
204.72402364339416	254.02571230259375
179.5930124256472	203.0132481938006
268.3608197110936	216.47626050457484
282.11002874583505	36.69287320746111
78.28825656319802	63.09048547773127
138.00246791195667	206.66443056174836
314.6868781568676	246.00628748717222
251.5334248208688	278.3082320744311
363.79728404720646	207.76852103060793
209.63190402643056	200.0491096731224
355.32048933568035	97.09610829210277
209.3747910707342	231.23915931467525
171.50481078321127	169.45096628072207
411.8256008721371	246.15719887474106
195.23375193950167	216.50780407924412
272.8611891635865	54.31791171990491
215.42610486332248	150.0121461648137
341.90982300536706	410.6253194031207
160.23022230409381	68.70937786868731
273.82948067016065	74.66447475022154
39.84368609990237	66.61954450266242
118.56423348862602	11.101884227265852
17.470327523222693	58.67161865455825
75.92087300639541	339.72047804482474
186.21837753910742	292.27213191319686
396.08505834257545	365.1430781961356
363.9412440901383	282.3874979588218
101.40356608693881	350.16384416273576
98.42487306689097	376.50472493119634
302.1532148139279	28.998342510094346
273.8250169403973	398.91814436640885
328.41460341056785	308.42859001240447
126.14524779279235	409.7408585901084
19.06401982667688	2.824622927117787
189.0488236589585	346.36146585887417
281.0110574077341	135.64816032394702
93.65289633570096	329.6279970852925
352.5110315256766	224.54693467298006
221.24242229217708	394.2553815620117
32.98001275779574	142.57992310266164
77.59477830816199	183.02561440145143
95.502546429701	281.25700373793995
204.07940590558178	383.93801672549625
99.18572649446453	175.55456898441955
30.810617975690533	404.19834740045957
329.21595442378293	259.684713653853
119.55624003763619	53.70235627937405
337.97025985104807	69.799124027492
357.29560424164526	353.7097575118371
5.904563961280907	40.35861040807143
408.86742301470446	62.41726614334022
46.626136483750024	347.03428238784625
105.80251256715255	156.16566168229724
73.56188241492973	203.4848095102353
405.11661734240965	82.55733157642194
10.613742512120416	388.23347707960977
161.6604995163411	4.967676603741337
293.2706231286975	413.29870700818833
248.9535375067261	7.715162681335948
241.23670319941593	391.97914427616706
211.8587341218088	106.53399645386006
291.54453549454007	61.103986907124934
199.1729495016573	406.92587620709406
219.32661284116014	19.92386201817644
208.45572499415928	179.92973659860564
254.59158065028376	105.031328278083
377.990256134022	152.92035551680044
397.8894417939968	104.13196843715765
307.4525704762838	222.92064031336034
362.0658113775046	406.2740873984919
311.6433420934449	126.80897619589531
198.15944327959303	52.86025119817741
229.76792561904927	212.17216013795
318.32248014641755	66.16774290096357
148.8386231911968	348.1129077627695
385.20580228080985	316.68594083940997
182.2337868741432	106.9575810167089
107.7142003986909	215.98481646554032
318.64096224172835	170.44505700174108
91.77235580173756	395.78225603143153
216.34302924097315	418.61593876266755
17.40216021642818	368.4309015396631
164.17262583117093	394.98625113691236
119.86048345965825	373.7146288223328
232.82366311618102	109.39746735697467
278.7318347971552	298.4536130887855
244.8405572224375	253.23779742214288
382.0166817035739	379.2648543369407
308.55921677816826	48.358927538158774
392.881853546453	15.413472146603059
143.83233579513913	26.69615380962552
143.05635326365882	370.07031141552005
287.0894110297385	224.298722166667
55.3941717792325	385.48764790665456
42.23652130361827	311.8682882434533
55.28142956149847	194.85416906792778
331.0348007475881	10.261111198658035
313.2229259511639	85.36104674283567
146.31064549747632	300.81556335323774
365.64524324559306	325.56487834973325
264.79815484257335	361.7881632083213
316.5893717667167	202.68767887164586
396.0302444243156	167.0510139028573
414.1894150613854	23.686355689307295
393.1242465164733	395.97827179488854
73.23083754615948	161.31155491973604
362.78771076012174	138.83787119531854
17.503283168379873	125.31093209601144
220.17699852572264	371.979017959296
385.6643544811929	336.82765176321317
341.51764303036373	170.20370869801627
195.2519851269388	164.52342424101877
333.9954291289623	89.89104710121514
196.35850404221492	142.7794427140394
358.71229642443797	243.3952627323811
332.71906738198055	129.94977272241243
179.64095903272548	414.7937392904444
143.19746340575415	185.56957085605964
374.67175200616083	103.31384641642079
196.22898007604473	121.16299364648248
381.8474685260043	130.7844290659153
295.2505188482628	164.09270765751944
257.71654646072403	298.05613755017384
219.15212666942895	126.61856840692109
171.36875849300662	355.74572675731025
279.6871479178571	379.1418392484774
135.42306152307714	151.2381829027514
417.0897020958481	226.69612878824285
75.19255562669373	292.13625663706256
40.80148690557315	366.00315112428797
249.83894524519005	203.71954378812157
58.54315753382476	59.66780098109166
282.7829694144694	320.4925352567626
117.30678574368001	74.8557460060299
197.3312989621019	92.58281817560334
15.357827173440183	153.07468119718587
418.9718876495428	268.9947391659435
189.6786066318724	237.35345691245467
180.65093185112693	15.977001470263453
224.78496427799766	252.81661716929713
162.15001753544632	242.63950240740152
62.165058651081516	274.97701802913105
330.9535321688775	188.539636153287
257.5385153359736	143.74822214925973
405.8699649267924	42.12586312192021
416.96898277816666	3.4724053864917335
174.5992173176917	315.53455853242923
320.38854730012724	145.83178253813068
89.10724686506776	309.53265407305685
396.6424506134762	415.54587666033615
180.77617340210602	65.34481275743143
65.55341695196039	1.061705664856641
141.44173516551183	249.62543975199006
6.144352528653374	193.6538431059136
155.88094450456757	145.2510178931624
266.1466244466733	260.3932610755648
15.226382494427506	175.4902488631599
299.2777397320576	101.2376374854676
55.172702648207114	215.0818420221431
26.787492951893082	349.58366790266047
371.942595417239	19.418266291940625
397.0268245979039	145.41513279935447
319.08867028249557	106.44872601709442
231.16837026105773	68.79830711387177
351.9275336051243	263.51694600284316
63.61668990158999	362.3268817997768
158.004175914486	100.15977300004829
134.59516569433265	390.5865035808612
133.76116418410663	129.95415770626317
135.89957140367346	66.58648168141994
390.70707103251	253.17198817034824
293.11303301452796	282.01440002619836
32.61685189816258	384.22405651465414
101.7386468724594	261.941523205034
33.73607730974313	47.17863931816163
78.16839123615786	21.31604813898433
191.6907977520839	326.3113688024567
51.23435108019007	407.02912773075604
125.18115236280494	173.48234374802874
15.749464168390448	218.01275522083918
124.01400288620187	93.65607374079708
93.66222459996341	197.85268989365227
376.92098536314865	419.6206435893972
121.94844019397304	260.76615890936915
347.445640450856	294.8184007639641
245.7810648566714	368.7340254127928
207.87281001940883	285.7738828807164
314.2984927690127	410.8188747269822
49.978868038043814	154.19156056189394
119.99112669301363	196.11162830957423
137.79119217281576	45.5985256046907
338.75382899151975	110.43350530050671
294.4256081124161	336.8126798972244
293.7286072499616	205.20762592653344
259.4122663372135	383.3296017454603
194.67316176179492	365.8342898704775
185.8686519789505	183.59032695381933
363.1457992393548	386.16956466433516
406.18301903533154	345.4150005291511
65.33306306365655	78.37019892869192
167.05609530111542	334.80328376903117
164.2652780001256	28.719588737050817
22.302394405691455	309.8822438317281
68.51186029778948	313.7108283363388
139.16872141092765	106.51967044704121
143.66843805310972	85.13434042797572
38.36723851488447	122.34587927993275
173.66608478798705	124.85509242876219
55.602034746668956	329.0016013350012
15.845853161219875	22.99425383266864
113.09555126549375	133.85075354695732
165.95634907124332	297.1532110229562
402.43123046124606	302.3791807474801
106.41438154975363	298.4357957613262
409.525810049164	384.00420579377095
83.74764464624418	359.4955562884643
418.4674588023655	114.20812387728587
146.06425923111092	229.08296888926915
13.409093144120831	283.76776083905776
25.72257526043154	82.55286212820441
295.9920137135258	391.19560049905004
74.646514167838	379.2774654339204
209.86623971033762	350.25816106508915
371.91237316808326	259.550818802184
177.07400053458363	85.04023121102458
337.5491535371568	391.1496419273411
56.94267547546117	19.39299765244226
383.84895952635446	294.88494559993296
13.862850059389931	243.34866252445545
272.0315501353696	239.3414308287761
25.5451763468048	199.1485459428183
386.8940977662144	212.66074463954178
407.8811874546628	207.41834060583918
277.19341103396533	94.74717911511131
163.00606964989737	48.51749266127218
111.65736433487724	393.1647470185463
72.30754685705331	401.4397273693523
163.55743006532043	374.2361361784598
358.2847948819089	158.844600981039
81.38010536670535	264.6139016848424
39.69607935186021	3.8207567193094243
350.7069597812702	53.36192785724082
235.48640131112782	331.1275675298126
323.19718187338776	369.7843611561109
226.4608708410868	169.0505316028148
96.33694010650831	40.253225318877725
376.812199501075	359.49085370738777
138.03642376955474	6.93662943534593
342.83554498889265	30.05800887212899
239.65173934505555	50.242798665068634
52.94575320137722	234.88435035869077
302.21535730515114	301.3088926785383
242.21870561859134	311.21627458181587
29.84763962551728	103.94583404114445
158.65364724257878	262.37779949041845
255.62899895997393	83.76335334683779
262.1200395366773	323.6290597001935
150.09079463974834	164.81453225302485
293.06222419208507	81.99843395317764
116.29956717154182	319.1893660312588
32.258597532415266	164.18980740166376
45.840515891794524	90.77173213425544
