216.56799950720077	301.74610513650555
109.52373403534476	328.23858160045035
275.83801189041696	364.16264440281344
131.11162176206926	323.4121764905971
395.17040743491776	75.29758519729083
365.34679455496746	280.7716075488721
363.7900575608252	354.0186943213639
376.36008514160176	213.0450039533786
274.64598759428605	402.976560818473
198.49443001456532	291.3735293772603
262.7063067138265	117.85517542302439
329.8359156543524	116.60279578142878
207.983105535407	168.09565009986085
122.20332933128543	343.36371211105813
216.90878454302188	360.77625675941624
128.6985094093078	105.42488496789132
313.414007340874	334.9646804114727
419.6756163666501	68.06615646561232
320.9878179159414	308.78838223273186
56.717978011406586	280.818708880328
99.70689908568392	251.14919968380664
176.5554586366648	227.77625094988446
54.45536651857821	106.95492059917537
70.38167068999495	120.14523063371236
130.7020403138855	222.248983392491
154.36910691962493	366.3721425196084
83.0190932689409	135.42077899202422
316.34506559309614	191.42109785043098
345.0519758424811	284.2548790020434
346.245283236727	264.79879364111565
91.90771183377103	369.7861354555615
297.13659144665365	309.63172431178765
184.19753361990755	253.6419294339275
82.24392057647196	387.35501893357633
135.13774651938252	150.71241991755622
158.39745039843703	324.8889558058187
317.8938176239527	386.5877337668701
395.46926240713685	122.49807583803896
399.3831079553272	34.42763031863271
122.90038865594926	398.9114916946247
276.12022124589106	314.0238520926397
283.29510004563525	344.49706988128435
104.27849041799651	24.108254392545515
63.17406941268142	139.91612032346458
201.67332121439995	401.1181443561997
2.854134135408128	274.0606933306869
198.3177658397811	73.39116192309034
145.6361561978763	339.61439335327225
48.74950399895006	336.46365226323263
259.6825471909273	81.19217395232495
46.52827664197254	263.07812776091095
5.4499487867739544	409.32369794497805
374.68133740698175	392.8514112871974
334.23922214423294	401.7221016772264
272.6280481984995	96.8537375201609
324.8773228164371	350.6641458717374
147.76673333627133	107.61863062514195
178.19622357159815	77.41027682222106
198.5103436082217	236.94073735981178
391.55862476424943	328.9076378434856
411.31599802928855	3.7746924443938883
229.38821996294712	5.447564015962193
247.66888624940728	164.4800448855012
16.345669731933583	348.1458684101457
333.80868223595587	329.3931628888812
393.1389340913964	102.22418040536652
32.90680113468414	4.205563610454208
256.9475786023983	315.04883394140035
29.270550693788607	104.50400652510663
257.6820507992681	25.511163381781913
121.64251075190855	204.6117819770692
306.0100989604689	5.013195927123827
384.8300520122893	369.7148273216676
381.0908761569242	26.261179881481095
367.04297149424946	261.44797214224513
42.596453216082	403.76971181219113
369.28587757225813	9.519268289101648
141.68911898394248	127.84308577988342
177.83601263544105	274.8950847032924
293.95480630562344	101.34646628367581
103.83232881387326	138.4223879214079
75.8549027277305	25.128151010775902
2.461067451786141	295.7619251734177
166.744452545453	113.89875434673702
35.196829792992034	185.78087396331935
139.71554712943825	260.37453696433226
218.12396624381583	26.017517881195896
8.256169519772927	388.87757887168635
25.888555788672015	149.8329128361162
416.3722690463531	126.99578071860122
88.15859045488963	174.31754080053253
165.07167802502005	28.258964673549837
3.8420237759982925	324.74849499575004
363.13255517953394	52.33845964200497
275.6254365286309	197.1131207477481
165.5593606036695	393.69831556988225
225.0283885009727	399.9689944545002
122.7383089941966	242.0903108008805
378.3986313889048	295.6326143517358
254.66498417860515	394.7761396095115
360.29182919756437	374.7532047138516
52.45917600870087	0.3747883745450344
29.39067833676693	80.15138847657532
158.95237048147155	191.38510400116334
212.3516762414036	381.0832841328936
225.39335177851376	100.62586074782574
374.55661339562096	170.0344972999935
53.670409815092476	299.7873368757379
256.1710927577459	369.34592846520167
49.17073655643794	125.6680102889314
134.2338971329144	281.5778542219314
364.6151330818992	410.15596190706265
319.49723226882725	24.699918162855248
403.89976216300676	357.46715782323963
386.15679856827325	347.92951789632235
45.14661668326244	317.45762918550395
37.488751116224165	280.12917229391087
125.94704868668383	19.34443932606605
15.245250747237966	54.30301536746681
181.2033620319904	404.96821631815635
161.1467496900737	265.28776680578227
198.4213652734332	367.59697169254054
361.664598631596	93.97774709241179
362.63393451738784	32.20417798024507
67.07678533709813	373.33989090721633
403.6554401214269	271.58182471645324
156.04282961622812	283.8162652136841
53.32912931033347	387.6244770456939
35.57943002806489	350.74056342782325
90.47759041705096	154.73817857504613
109.57177798838383	4.315197341315447
413.8940337711358	194.9935225974236
255.2395037498906	275.35764867137084
267.36012809622025	155.4679118617302
114.176914010969	92.75835508488467
311.55435220128726	92.93334597850775
198.36406095950045	270.6903427249779
70.63496447136492	157.93134282980677
14.941107473222987	193.4019599398682
248.4957449549415	64.24745713604278
196.97980607672963	192.57033165233494
299.5407723305836	172.28774079972095
161.46077227023486	92.73884447111963
180.82463991840046	312.20650409906773
18.909517711455553	285.10330353378725
294.69404909248004	397.9846860825297
234.35085727533988	142.63075873885703
246.0649094616574	45.22046095511959
146.10781977726472	206.16249905423757
336.71071353479044	191.53183658918593
144.38988723395866	26.424332537817293
33.836784000968436	45.73025418628111
13.44596846869719	92.94086346700213
163.513864682487	348.4346366892721
268.4121493670242	331.9770966518894
15.222673859285566	34.99817277106043
383.1074544089675	46.56709588759177
68.74918381093788	402.55069774231373
402.91936043344754	57.60925013730727
274.27070468672815	137.5254354366526
325.0241279527338	44.45476065823614
71.20758928430831	315.37240150037786
71.33359628057885	5.511676295056707
210.04406477632298	7.832681238460431
319.66416457805104	172.31639525526364
241.94951676720044	409.92862125628915
109.37163857205523	113.63251998239063
400.0462503625553	142.67440387885964
290.24124246713177	210.72241771462123
98.97355535538281	46.49916849232632
257.4514384777791	189.62481295370782
138.74744681976262	49.80330678260697
313.89751326259017	241.77892217584093
270.14631695845986	7.082238824203713
162.61490048792956	132.91968911050938
363.20648825174595	333.0726886565622
359.3375323647329	302.01661621371994
107.60757075344611	386.44004643459925
238.23595232025568	356.8867894090105
334.14974185835035	232.45180976508715
307.0929284724254	151.8436113680136
136.85197389175266	303.84339733861754
373.86620231662215	190.44758709853616
370.88950060320707	240.3098366720596
93.94385676588557	290.8812530697137
393.59072455105206	193.92313547415577
118.71134577107465	40.126117042328985
352.97877251024534	392.89172049879767
185.4238625190005	109.48769534721467
12.321733767771244	236.53827433512637
121.80784368104764	130.9952162313316
234.267716305788	380.8730462184235
194.9158243792998	52.84782687343773
176.05960804915378	57.44880481075489
113.17019014699714	362.45872779226687
310.08585880279776	215.04873958416155
295.0489082756991	329.337363778573
71.34779105734924	208.55889055836855
418.1176659364458	44.71418619340629
30.702582958043635	243.9159511509326
305.664452292176	45.336012685642174
181.67162180178912	38.68599259098601
295.5334385429209	234.28106421547216
66.2875765192701	181.4564342750905
293.84297250143624	191.16421210060494
252.27848315063196	100.64520548667052
55.45352676855418	44.24900225431091
187.56618101033197	174.81568280957313
77.28591922777363	81.41076272635668
286.24828282354713	293.1840830965044
145.14164713745294	403.92509317659045
31.040446023563398	204.50820861694706
273.4290408427287	268.8898005760214
87.6049689333868	331.1325177189635
288.0346139633964	256.38277458821113
314.63898734712575	366.98361771626696
238.46524285577854	182.45919546867796
65.29787940678591	63.204781488469
24.25829936702563	169.297954429832
170.42204215181812	2.8617420169611214
384.10484894831825	411.97742341764166
347.38673335733176	1.5540299034264307
27.292086222002705	130.034161785263
297.6179699038177	63.700277564114295
254.14610883708033	135.1614743180255
187.21571489923352	385.93340513892906
297.5401503842581	134.9221609545429
275.89035620000857	223.94742350030222
28.20366438496759	388.866212678952
315.66832366217653	406.7892190526476
413.8391259488952	106.77855991987082
89.34501907856804	114.65401858220073
88.94079678402306	232.1916789010546
392.85711649930977	10.323616009091841
233.63966720749661	202.8710108877412
103.09327489480225	77.02142718553921
157.03778732715958	224.32810120176555
319.1006425409315	136.60999109200128
59.7179153756361	354.191167605761
340.2090021516952	311.31080069770474
115.79635737305021	153.89265349385397
184.95289900555983	351.45508475184465
202.4465459561855	92.71795293730742
275.5526257036049	176.76624500600434
238.33919902915437	225.44188462212495
248.95203973736568	8.443580796793144
95.4858911263631	407.1491607371701
271.7298224841935	245.67170632942967
158.61307102621802	71.6398925221134
329.2934506195069	253.86851561527874
57.590413610003495	87.35551470771651
310.88126388771644	287.7520615134742
300.37858782559874	23.338738758752033
222.65460640462058	321.7466602253067
3.941170991469812	362.8964190792501
355.4773852567224	183.16832797094872
408.5455707043914	338.11837395630243
109.63113197993712	227.57995513870682
371.36871070171117	130.52906278843147
7.40925710717084	142.8917641380109
404.2417522116441	251.45840822930728
399.65339624555025	212.6803053553099
335.2939902575412	373.7797125553667
301.64812245832593	351.41025622944875
13.78985356950837	9.88177234603135
154.27815365613438	153.2262668760466
71.71380488049073	292.8293262482766
175.5462912947871	206.96771092780116
320.07881892959335	74.63903271324452
55.9982357970567	24.772093854953706
239.72944744545413	117.15514679067576
405.3865804442641	405.2753493555172
392.3645125717153	231.1819042689694
54.206399940973625	199.41153778279977
23.136698704731806	369.6033510409527
90.32564612628016	8.78381880167901
219.060994664092	183.99200374215366
29.671687242097846	224.08908172834305
134.58271049737985	187.34064726760965
7.962117588009789	211.97652802550596
345.2623511382314	41.24967754310593
189.8482104439588	128.72502159871163
211.85123613879762	204.74356599482448
112.24121998130911	306.37805978456163
142.61476583346206	240.65722877082828
66.48574755046761	231.51732242395508
95.10814354842434	95.24899584506888
164.15550216383457	244.9239422500401
50.11807793610985	242.6952370195309
5.145584732388128	173.98068107199916
74.08829177090725	254.86708225636738
139.15281894372617	69.52724467855928
385.3050449253097	277.70515094305796
385.11912077239253	254.95640686538104
393.920412280143	389.2488485717604
408.7771107674432	311.08453156664746
174.143360350862	293.99970854569307
101.74830466470364	194.90312699684884
164.434373708024	171.67591201084355
224.35063938126453	341.23863565345516
193.10715580316375	151.83248492926074
257.41820238779144	211.46836013444084
228.5255457763123	242.34558569305983
174.57755246670973	370.4962225389816
228.26158020865054	164.2719078779468
365.077426101263	72.17923633678357
157.7628046020267	305.1536499470868
100.92817475449148	270.541765569083
100.46921423255753	347.8108480999391
354.606048633035	112.10554490231229
395.3191961555339	171.75162305818054
46.030498038623975	63.00772304274155
375.0606529568854	110.49156797508734
285.60795560446064	119.84517613661411
287.4663530473262	418.36967497810787
355.6515012976342	152.78623976075977
288.4899479469702	81.09380679062818
202.5458259178033	336.80672400222994
417.39965499407066	22.703534171968627
142.86108774098483	169.68635008313706
221.98970863335003	127.52909019915712
215.16740472734432	148.77202624202607
34.00767701370433	299.354738243473
331.6302507270025	96.62991091018094
137.43407974510956	357.19134144514135
150.08396832985173	6.513162480021497
130.02628928459364	377.9307714540958
148.31321140982155	384.8832311960129
229.18617386219017	265.16337760766714
308.05391181139436	117.96613420006798
210.48163341947563	254.62948515550804
411.6504186836694	228.25022074271374
74.26426082782136	100.58102247832039
180.33961329370675	332.1476608938624
131.10853461422903	0.3173799932886214
339.1860476502621	172.1898293001717
342.69472575521826	61.285099270565624
279.92868350210034	23.820511873338138
257.72692746623704	230.74168814645742
270.61732784765417	384.0299408248586
44.91611297043465	147.00573855621596
76.73046773924166	44.80167847942424
238.0410232097656	26.10909254948546
229.11576852465333	59.836393668761524
335.519516838956	149.05700770026368
286.68155873762834	154.6482655914179
327.0566558065316	273.2646893487722
344.8020915221451	350.78361422845825
204.47042659931876	114.11388225122015
285.66221541072366	42.36213921545053
173.68989793412828	153.68632868556068
138.7963632781527	89.09927543255853
200.53313771665148	315.12996680053584
190.33240634323033	20.267121484853256
344.13001392573415	21.425580521406136
247.6651178318635	254.99963054345758
85.46441436259411	63.64861300870391
258.04391389854123	350.1670530545114
295.10959267923937	275.62585688174585
240.77342167614748	84.30470743459455
353.1665878324792	224.5434750305246
294.6786741611283	377.24672251501516
68.2656469645863	335.8344258591793
113.57871939962733	59.71001743288659
80.30032574620618	274.781081838018
216.94123767489782	281.18884018085714
16.857003839313702	309.8304999514978
408.7301718703288	376.19546164776693
92.03876070346892	212.34596080120824
263.19138755379413	294.5211825776081
90.34605286117863	312.0840862762785
373.0216883361147	316.4271956450406
50.653471082107956	220.137775504634
212.88316698980233	46.01842127374537
353.38291823715497	204.60312445303248
273.30378397345027	67.48033933816221
402.6500583156587	291.2593220214266
29.795398679410233	331.21183773023245
26.71642193247208	263.07970014349814
158.34699682577354	47.48111353968418
351.8643055205612	245.01711479740996
82.58084529928988	192.7693762446689
240.81856496693882	331.34560022644314
310.8767105171883	262.4148535040014
13.622685319304573	116.07488879394374
196.8836953356402	216.98563733762398
192.25217733555826	0.6468363753489116
79.05791356722186	352.2272171996009
381.5887523103753	148.55609470178462
413.9491818420714	86.46562159791812
120.74785647752235	264.0771465087711
346.4042173217912	80.62031402161915
51.353002447347215	166.11193635787404
217.96988570216797	76.89493640517966
265.9676683098805	49.69321919091988
409.94236090276627	159.2720601906808
235.947480279737	306.4190394483611
333.17444314819016	212.17833396311264
237.73065342068915	287.0563577848688
379.4987008291669	86.7647199290761
107.98765732419378	176.7842503915056
115.38702569295944	285.46546188602144
328.3688287147174	7.504349093448313
3.395296157675946	254.342468627802
43.18268446095236	368.66383224987067
32.129572675954655	25.26395422695438
349.30792874448514	131.48583382413153
215.97248842336802	224.06562680966846
