217.82596513855054	301.27014498002154
109.29811213290411	324.8222837762191
275.27832553959246	365.9624044008613
128.24924121544686	317.3808209973774
397.1954219538408	72.95842055544536
362.0851416016033	279.31004701335183
363.3383603519957	351.5600220144049
376.631110272114	217.41006150499274
269.618489243698	404.9459665549993
196.32825350874435	299.6421065080146
261.47035150484464	120.50992395268176
333.5489163542478	118.09576867842343
202.93536449285975	172.25984636666797
123.44143823759212	341.87824499225496
221.98341653705407	364.4222319664545
130.76775452838635	110.90413599357375
314.1668626624708	331.53206533026315
1.1520764643651833	66.37109320624535
324.5897320341674	312.4347398866347
60.69726118975808	278.2378811190004
102.78312261742258	248.8206572566725
179.13636494706648	227.57199573150314
52.174852582039726	104.98487264807854
66.4826170273063	120.67268493022928
125.09389764480422	222.47361450256392
153.67429556264054	366.54325752169393
80.80362831448869	134.21771018324966
316.19927169285387	199.3090883429124
338.48959310404376	291.2602583954318
346.0111064290238	265.25625384763873
96.7063426519354	372.9319357133327
304.15253437448206	308.90643525274214
185.7970731402274	251.28289135305005
86.24213953533841	390.1889920138015
133.99533411918708	147.76798880736192
163.4064179111838	325.07561825358005
314.86814351598764	390.3083206159386
389.7918328297912	126.90235858131499
400.64462295523475	32.745087061937355
128.877795583749	397.3016622682499
283.94486342330583	307.9951421938785
284.7057029593437	347.5230865099508
108.49311221925319	25.08099638899198
62.370587772659995	142.6791970260637
204.64749456548378	406.70344645225316
4.901409602888402	271.05759212864155
198.602635088467	71.76212860604417
143.55820350738003	336.1357909080942
46.69903788583737	340.0266029550716
262.30116798887667	85.56158112039573
48.42453907206636	261.84558618556383
12.00999484378644	408.40313164522274
370.8646239811429	386.30790552415044
332.1556291931427	400.9998853316793
274.132586759024	101.42075639413541
324.705406384668	351.3890188203057
151.63540113062	110.58441665775379
179.71664089041053	81.48684252081372
198.95403602985226	234.50879483129825
388.68238770787553	326.03318492811565
417.3061423346475	5.4318669824013295
226.7917706198907	3.1540052025221574
247.99254846054626	160.66180886138727
9.843981372862205	340.0826690994739
337.14677658115414	336.0217171450195
395.02151891314077	97.41383102462915
32.628818476621284	2.9891758049067354
261.399979860338	313.63660788768397
33.28637330494359	110.5896712691383
256.4622120055903	26.23404581933714
116.99291849230347	204.12957186998202
308.84943928622306	9.622106804908988
381.05301565194037	366.60303399545955
382.00267446864603	25.17234035531186
368.5047678436529	257.5221327452405
41.52981300476305	405.42920142326363
371.0551844297337	6.770873413516896
144.23320155894388	129.72396225967736
175.56162905665772	271.9721247786264
297.7643692552083	105.02225351025984
100.51982673892594	134.45909141773865
77.35810897206352	26.56108034790627
417.72571517614654	293.55522991631346
170.35011956393845	116.64917514365378
37.739556487094895	185.20547300582794
138.3206812054134	256.47508230973654
215.7658824196329	26.508919733354208
8.63461718355523	384.2478839594071
24.184221882861976	152.73538446352237
415.28733549204685	126.87511387874187
94.79889393305052	175.49952524744285
168.6874906084289	19.836681077317163
419.5668697795412	322.5605989471702
362.5900850313435	52.010200833888256
274.5370018460058	199.0787997802473
161.96851098849044	386.8390723081132
225.64940721498442	395.5094686352649
122.05135161302378	242.50803090351994
378.19186197740527	294.2929301674681
253.36368309981552	391.8837222160561
358.1024850251721	370.8196835469897
53.23020348400978	3.286212954882525
33.57134179249652	84.46968889222903
161.7843112534384	192.27689858014685
210.95686827575824	381.8198967508286
229.97782772091483	99.87309924575719
373.98876979081706	174.84469833876426
55.236750245645176	298.6294309083954
256.4793324416336	372.2587281701624
47.243193238495074	125.46868465619887
135.5180909186371	276.4086844448492
367.79951738233297	406.57123704650377
320.3752395261541	28.185863242416975
401.4262258120789	358.64765368883116
385.23236515433734	346.50419678844
51.73464334217979	318.5018850621504
39.26018718372842	282.3250355148433
127.38341189126375	17.69280808757733
19.611205373367778	57.11266995655272
177.78273512887102	402.6164308499312
157.17884402705386	262.016425299837
201.466128139449	363.72298081280377
364.2342606448473	94.73460818914997
362.95314433253924	32.05267216566313
73.84991926615095	374.4868106385594
402.0652386041075	266.43402390318107
157.62028159938447	282.63043247320087
54.238559732218846	389.48308141717206
29.758068306675064	350.92397520022655
94.40159999011382	153.29485520625482
110.10616680571898	0.2137690839320829
413.40916834224515	196.4957169032641
253.78226972449528	273.8453059926445
268.87895966194753	159.82138506481604
115.86819197740493	96.71959276672983
311.40418207461556	90.8042339714395
195.2419771795117	268.50942895060416
76.82244657367633	162.99564413366616
16.044504317993017	192.15910948565914
252.10446549888658	66.62735755940236
194.7296322070052	191.75426015584395
295.54217655852904	169.3682193846145
163.24236611925184	93.24951904807838
180.37751310648537	312.2526507718181
19.518922117579102	286.2743311774454
292.20172644399645	398.87211805863257
233.37684483072087	146.8170359585844
244.99622331244393	44.328002239571724
137.56048773274793	205.73464176518485
335.881100859721	189.23811907217853
146.1051102650131	26.718582625635793
34.3756660062297	44.137064792510216
14.021490476857808	93.60443227242773
163.86027773134586	349.56324517839187
272.2388107049024	331.4113254328009
17.624815523523832	33.5974167866523
381.0581252077329	45.028076170296345
69.68506348198284	402.9463060674074
399.9548213846146	52.822370523357684
272.4618239409257	138.27870447492754
326.53807905402493	47.48313772140949
72.24913899919282	314.1034534009851
73.46793495795252	4.661926227087652
207.44340779124602	7.924994919893595
319.16519946885165	176.517497341746
241.02324829954753	407.7555602690631
107.26170077072216	114.97858678129406
402.0491898385937	143.2688071510079
294.36700583409754	210.14856198677126
97.83196863329049	43.7225212593598
258.8937165700995	187.0920990163013
137.586362950892	51.60061620767895
312.25503947076635	240.28000015013887
267.3062098707485	7.097270676622336
163.99116338557312	136.03865436481053
357.2876680629318	332.62349219430706
358.90960160589987	299.71263178282624
107.26150210181092	393.43907411318946
241.68191266778854	357.92670239017696
331.54759631751904	231.83218874602068
309.8431600429038	153.9158172711879
137.03795194343456	297.29571484117525
371.4060349665056	197.61961022494637
371.4410060908651	236.7719066804728
94.72889888296756	287.5486999976137
390.87543337719677	193.44591171102638
121.75051669725639	39.61566903538555
349.923088188938	391.7531269889214
186.19418185994687	103.56911165663432
12.566200689621304	230.49681554291755
120.86911385278421	132.229992510311
237.95119381861966	379.6561082235137
196.15459969260417	51.66810647880289
177.01946899612415	60.65306725631637
112.90934126911837	359.51321794530827
313.8662572708617	220.20013529030308
292.254739113568	328.39074899411304
68.25598331203346	209.8075031229738
418.85347398744136	46.361818147264145
31.591056501568616	248.40762020001875
306.79546283020466	49.72608250873381
179.27060863368627	39.54927282421458
293.1003417082995	232.31586215966354
61.13946592744034	181.0742491323613
295.01921161007346	189.39052314337425
249.68169807332205	100.71394580213783
54.71926410288478	47.85453971282398
182.55936816687233	175.64754162589355
79.70556624412485	82.97657053028878
280.10877849754445	287.26571959710293
151.06377955959775	404.9939076298061
32.36500657435386	207.56750087249063
274.5062527765758	267.97069762261197
89.60168884706594	326.67397035409033
290.43328789510986	253.4703690869652
314.82298708324817	369.3282915279193
239.9943043565286	181.42175006738165
66.47904529355917	67.12729336703322
22.234392833170624	172.46964178593103
166.55277298891554	0.2834712668812917
388.1304688569685	407.86231306765785
350.88013334875745	0.9996294230000504
23.365800717082013	132.72386097373342
294.170339366524	65.07114714340177
251.84858172872973	139.53403887856686
190.67069881733116	387.60631794197934
299.5636010265394	131.60387627169732
275.1632130979699	220.68401958538283
30.163629438049448	388.50987123483463
311.2338702743533	409.88234298042937
413.563639067959	105.44657168692409
85.60950041342375	114.89603784455113
87.42696166701005	235.97825825499953
394.5169630963638	7.624765322340906
233.22251448523446	200.0734294139777
103.31324118315072	75.55892434960982
155.73269034283118	215.5098176519351
319.19249243257394	135.89845012546914
61.27338211262153	354.785825658973
345.33198994098774	314.09304284979964
114.65667879971315	152.26099377681143
183.24794716036277	353.72353649191365
209.62097631759664	95.74368664049493
277.5238467321339	177.74380897199413
237.6654160861431	219.2678491183312
247.62036379989766	7.652603648867854
91.21169201229786	409.7551455795158
270.8176128534103	248.50827050014135
155.7659408167959	71.3863459223724
328.70087175611565	253.85388507656083
54.48822618604888	84.78287333678529
317.50717380405723	291.68223462818895
300.0030309177105	29.136573245720452
220.32488895036911	323.2595198118435
3.0294282028468373	360.5896204960002
356.10637897085667	185.24938430763555
406.50436093501116	337.70450066231984
106.08558244529836	228.02532250710672
368.95994382191526	133.966362854687
4.8225677493696	144.21337410020138
411.89189594894657	247.97135146872844
398.6556899969079	211.53750153282027
337.22711425026	375.97343888777095
304.51003218117626	350.1828132566483
15.461167014179386	13.77745306761888
152.92829549063765	153.21450070126687
75.46688499640334	291.75602734538063
175.7088481534932	207.48633952212626
318.8289386526844	69.8737368045834
56.24241181977978	26.236370504501586
240.86666175734808	118.2897374257026
411.78334120491456	405.3499853760289
393.1197326395331	231.41201977299414
50.83772496069558	200.61456735485882
22.659303416137416	369.5757172535457
92.44680850840403	13.454083897230074
219.79803757288633	185.55562232052955
32.16641170930342	228.69556579509089
132.38340699014782	186.39723130250232
6.242979635599269	211.5134982469074
345.45772069380195	41.01611070502536
184.49378634178288	135.97205818836247
212.21905467474747	204.35953772198138
111.46439637976256	303.95091877650384
145.63456992443506	237.57979491501263
67.95291376362408	230.7076403463
95.75490722835089	95.51024378586003
164.9585161465085	242.18867151661237
50.616233468935874	241.4199497736216
1.7224140082214092	178.49566784930158
70.04766792979292	251.52052848741968
135.7736831543044	71.7246602551592
382.1078884634202	274.71290024033283
389.0032999817868	251.6768626167741
391.01640045010856	388.2769829939526
404.3689737253602	309.3387818714896
175.51708081966493	292.8376212426839
97.4104584167845	198.54906740488875
159.92293134181472	171.60959403022434
223.76004356637807	344.00831619315755
195.24634261131575	153.38932896571518
256.24674246160265	209.22635887624708
233.26162042307575	241.79126264287203
174.28607347733282	371.30384165398993
221.73684523665005	165.2485389978802
361.29959363107344	73.21250216987566
154.511941553415	307.35769084732055
100.41615712540163	268.3734416701308
100.88781538825303	343.0978044561242
352.2787213480164	111.69762203910949
398.31684713356816	175.08585671001015
43.90039530237469	67.26998708686934
377.8645982790464	108.99857869086439
282.6047648591942	119.758256774449
290.8402101372218	0.02618346047281734
358.33555021437024	155.93057999332336
290.5545650491569	86.12376139097324
203.63173389419774	339.29200597788014
418.93685859292526	25.448660608371586
138.26237933322483	167.30500258239275
220.75701065386605	123.53049076504578
213.11949479284493	144.82030895783546
34.531710779346234	304.572715868751
330.28693177920843	98.27978191076846
134.30024028230702	358.49900443465646
147.61323361376702	6.818905741867972
122.56225672751569	377.43836785934167
142.65464713850278	383.038678154253
232.62434653365642	262.74431996946913
313.6933951362683	116.51952764113095
210.0856688799779	251.1437858800978
412.0927014766972	226.16548906012827
71.44925262488614	101.16776240914061
184.5159661780878	333.214575119944
130.06421457651473	417.5007438789281
342.90207648708224	168.97136364652852
343.38324129335945	60.99137689495481
280.74336763838426	23.585721285561593
257.6041944071936	231.39308945626962
275.3742235444836	386.0357929351939
42.288289167169495	145.03200055419467
74.47986309333014	48.16010866994958
235.28277638929063	23.155969591468683
231.93790708180077	60.992561414534386
329.73795000036995	153.77765311617787
289.8909552923235	149.29332928191445
327.85900102983504	274.73026525660254
343.8247957173419	356.2740662278606
201.11806491732764	118.47053061634014
287.13290520513885	45.13186517819646
173.49355210634445	154.28191252464907
135.45201012473223	91.51908961513023
200.06762487743055	319.33084767908235
192.56744152816657	20.89530999098975
340.16857981195074	19.504343116925753
251.56057033988796	253.57880546676736
87.47365094054305	63.87541660702612
261.17354022727795	350.6630054063741
295.54156826783685	273.8853851475921
237.73122342528274	81.3827944798838
354.62962840134645	226.103468112252
295.63830197335614	374.19583829991564
68.04524733607768	335.2233357818046
118.53034002961033	61.8719884338744
79.95197197831446	272.43929849410944
214.840693199443	280.12407000396905
14.923806576800146	307.90730480444125
409.5970410133069	376.6460656650484
87.66772838310462	216.01032843376524
256.48469218932485	293.99599207089466
91.21726260458905	306.8850574276338
371.215922574994	316.55714261635427
50.30059256980321	220.48479301182456
216.10731619332714	48.98495103895422
353.30416897840826	205.58458038384228
272.7897555865364	67.85466908388774
399.28408554908924	286.59365005558243
26.21348905425663	325.21334655005387
24.86739122732549	267.3698172775233
158.33174958012893	49.111792634552536
351.77015183914585	245.62523974190017
79.37842381935437	189.93527735106298
245.4479215145137	337.27246488538907
309.4882531454562	260.0481436816239
11.98544112370756	114.65020852036724
195.2196912924237	214.65045789682435
186.8741434292688	1.2588334477925058
81.9529480748112	353.1712439401945
381.78236798659674	151.76654347760913
414.39453039829874	85.70041405669768
119.09330923317401	262.01183604685184
343.26133184177985	82.12618092015651
48.76139673479797	164.39196628448929
218.68279349179895	76.33295740540808
267.22692198968343	48.8299013587457
412.8615523320584	159.89052699743192
237.77875202915538	307.1484292935202
334.1383735516779	211.6801442614531
234.51882408345693	287.65368618208146
380.05896626337216	82.84225339600647
112.79740641847098	183.92661320121354
114.98039379266126	282.9554388012206
330.8539521200223	1.8570787792343422
11.63769450566695	251.41631880697244
44.04417543269099	371.88097005462464
34.960510255331265	24.271461794403137
347.014353078322	132.80488764654672
216.80733869497314	225.51927011930752
