209.08343616184456	302.8778215125484
122.81966129653154	330.57098390636014
277.3212626506812	365.0217259117021
138.73872160908667	322.65968650766933
384.8154889627303	67.2419401963408
381.6706388255029	299.31832703741554
374.32958258511644	354.464993251131
383.81366506035187	205.9979506383671
260.1871940896469	416.2603561309388
191.62691839168795	295.74255803500404
253.11753587762715	123.78730489818226
332.8095505709865	112.27736342197305
206.675855125076	166.369307521542
115.20759681911703	345.5612728737203
207.44806964639992	364.66798973767516
133.50769673517456	103.94564321040326
319.56987796776394	323.54391044362484
7.545003852669629	80.0510645507917
326.38230518522846	296.8444449702156
58.53004768229157	281.7660614499641
97.03867660889591	259.84012857756466
185.668260642848	222.86875626438444
45.08213464869751	114.03538911462284
65.36185788501844	123.675266214993
132.347105661059	212.1427553729534
144.882723649688	363.7583656564832
82.52436732664269	126.04516367085326
316.50946034054357	191.17480618077647
361.35201948878097	286.0195161655695
347.3830792414631	264.1930323149855
87.83714258687097	377.0303409158516
302.40173603022373	311.2476358112093
177.7733881063691	243.6633652214069
75.81830861062986	389.19494271503225
122.75589423082442	148.49871668505858
152.4778252028826	342.31898092000256
328.3012445938583	373.79828633666506
395.25053681295304	122.25842446908315
408.29470591392726	39.432809397240824
120.24368127589861	402.4322743020242
286.4725311590872	320.0726968271735
279.9039390519851	340.4366863218023
110.19690663206053	12.694005478546602
72.25363603857971	143.8695204273438
194.30694874307036	407.3976706658271
7.658068847447459	271.89690767988986
187.29353873677533	69.79490218534438
135.65270534222992	344.60794682766897
47.60735605878894	330.2202822779933
251.55442199029358	67.87061250188611
44.17526779511646	252.8025545824213
14.695410230214888	407.8366864664025
379.12404897208944	390.93003523673497
339.1528693435782	386.60266008517465
271.372794972694	101.42260576345964
323.23332951984776	355.80852111725955
149.49624012894068	115.14814346500305
174.31033099790062	84.97121908594762
199.34517875527754	243.31030284163936
394.4477406496168	316.4678723009506
419.45681338134	4.221781482358363
235.31938472253597	7.085825978716007
255.46726165069646	160.7578497380842
19.198539851640792	345.3872109868113
343.2029715266168	330.3621333863541
401.1435458439081	102.41044563688332
28.708412523669654	4.319609438189928
261.1332180891238	310.3432088031624
30.460714584581275	86.62240156993568
252.1298496209525	32.17043828192479
107.69244824552236	180.07262517823145
314.2030095518328	14.666158505088726
391.2607567448193	359.45434604800846
392.37671421615914	31.257406795207633
366.90568451881956	263.96106969723314
34.32182720362795	400.5553634917894
377.8573109960382	17.67114307873246
142.19734974952394	135.44038173008903
181.40663386845307	271.29892497481643
304.62653934344036	102.66522700619915
100.99940701076875	126.17425301505615
93.30914891901826	22.410694132252676
7.3504121595460505	291.4474846146096
165.0284780481197	121.56642600898127
40.94169460564572	185.60896435259932
144.08873488343713	252.76379597502887
199.5265450332199	29.507758562466194
7.870139410058787	387.68068257425944
18.946003479706672	140.7934611628367
417.7066952508818	133.29795575730117
91.32759295118737	183.98175435812482
156.67237255974143	32.89599398043511
2.238531792805278	337.89876664868933
372.9825905799986	51.87642864705418
271.1549472962937	208.15282406495075
163.72935938673328	397.25665161145935
211.9865813243383	406.2581204180908
117.47317960698662	253.15838341610407
399.1953913101193	299.60033201845766
247.49526482607158	396.4423652419755
367.2799240729659	369.6493778932755
52.75763268136068	3.1599742831481583
35.67863258107686	69.37524986263259
160.50309608325753	183.07530115598195
209.7403423168552	385.2006233166716
218.9580283902538	103.21119059143665
376.7105235535861	164.55952801759733
56.13956120534623	298.65809570750326
247.2734417349092	372.92111682464645
49.21107071089359	134.37595435749748
128.7910829900901	273.01349645205505
368.01364522959875	412.0548134481649
316.4572336694472	32.95958156132771
415.28208554496945	354.5194707993934
378.8052905793042	331.66931013070257
43.8885167427463	313.7205010568054
40.869797312583025	271.6724850744661
123.26456300754137	23.14270871679903
16.603721660436854	58.12619043598914
175.70749367083755	414.03633535669354
163.2405316924507	270.9306303008604
190.94577553776736	373.5428728865673
365.8799388608423	97.548147590166
372.6175871361147	34.988823587187575
69.99088681634956	365.8002156697674
392.86974094347397	268.55147775744695
156.6462833256535	288.9097531005572
58.02703525266183	387.3704316793672
35.965039639272874	347.5601395949866
98.18629441097667	165.92304902619514
106.84966353180218	413.8251333838287
2.155848689564967	199.67103608897486
248.6199679803027	286.16949954188425
270.30313646221015	170.56053609042033
121.14723375691644	72.3356199061763
321.0657417963373	84.23521294198194
198.1236881367626	261.1567400889679
63.06310096557364	162.10375014940482
24.036752061449743	179.42495236188606
234.35104057836347	67.70823119691572
190.52288077363158	172.09088864176553
308.87406490969926	169.37374147929683
164.13268783902086	101.90657022884243
157.47744395553227	323.51166715020776
21.467698871569063	281.70824297515276
289.6173107363164	408.8677910714534
234.55046917281112	128.2294607243396
237.0075898722824	43.05677194638055
153.1022709210081	206.47145579259634
334.8346393419812	193.62920406400968
140.69990877678492	26.784485702786956
33.471736564909314	52.26298646248884
11.682693505594255	99.37053547733062
162.9687022009946	358.2158126604628
261.1497881559387	328.7845574448239
23.46620869790353	37.30539355152167
394.937894950077	51.944898438103095
64.98229246476866	406.4844229278842
412.41254971273514	62.687884881832616
270.6956293480439	127.35064848409358
329.8919895625083	46.99788843134109
67.4103264458294	312.2401665338709
71.21451897948964	5.237796978201041
213.25885273674493	18.735937580582775
333.8985727463285	164.47753557153683
233.64395514097635	406.83548606968134
110.57822861124258	105.66956198400834
401.1136945474795	139.36642257458524
306.76762499868744	205.69725618271053
96.52594954993783	44.72999367011567
256.1727287734558	180.93397028248154
129.36942881981076	43.28708177671242
313.97502625893935	236.62473347019832
268.6135936895619	11.624435624337139
160.82736731932434	138.53622827145304
360.96580962362765	332.7188059415616
357.711913291124	308.9711571123562
100.4909439115157	391.49928947878595
229.15533642157106	368.70940345571853
335.67858776250495	234.38032842620558
309.75160998319285	148.89076181490776
133.40199041754346	305.5059310994359
380.5465919335642	183.92125291463572
369.11853175849024	244.36257952282972
91.6714451453586	301.1862984576767
404.0653225487756	190.49377014665365
112.55967176356812	36.17207973297511
355.132476374133	394.70168071656985
182.66878472323498	114.60300460989109
8.334786993934536	235.968720461138
117.43005813996939	123.02561627503734
225.90234414966355	389.6575636978881
183.89114219070268	53.19166558004769
164.75279802930078	55.452688184226666
102.31430022322012	367.94244451079476
327.6848915192354	214.22428576257056
302.39262810425674	329.9590764334833
68.4533459533357	210.45835573667446
6.496750364986631	43.00143457938491
27.1532866694345	247.05400391682886
299.1107405304678	52.43161391078944
173.89616128387723	37.62089489287626
300.2781642981194	221.0889066430978
60.38463262167898	179.4549835568395
293.13044965466975	193.73865235549476
254.207362449477	99.08557088216554
50.70587106264348	44.996943686326816
179.1585511224762	154.40000419394977
76.0658529952878	77.7991579163559
287.96002672120295	291.77039187548604
148.85410677952171	414.3714235790051
36.59350915121119	207.24691245161333
261.34675456338044	266.94178892587666
81.95800333957413	332.1013025838134
297.2142975571062	253.05078458452837
301.15105187883717	368.53231700858896
235.92278838516623	173.10846289559146
69.90746772684481	60.96601386124054
18.192229089606677	162.44913630667347
165.36982063986858	7.572124587799639
383.4794917763607	1.6526547116342867
352.9253578830594	2.6551490012830135
31.20055974834897	128.58886438855063
301.136824849907	73.0446262620999
247.95946947235856	140.79979284078988
180.43498216285332	394.900085413866
289.0929623250343	146.94166757685093
278.3584993592192	224.5296452806637
25.17213082234689	384.44391854595625
323.8106189002491	410.44829956328977
413.91609150159087	115.16874340641611
88.18501041027116	104.98633589506424
91.17722718041297	243.76293809657471
401.1642999940151	16.182207435842646
230.95897444183885	192.7892373002568
102.62892550875867	66.17621863400143
159.87599542694335	227.40752632169693
329.6563758337493	139.41152409314822
68.70172841255425	347.7935631580236
337.8044007582462	310.10451119829276
105.4004427539429	143.94524608808962
181.18954345998895	356.6689207088407
193.93383977841617	85.52881661787006
276.8732018619819	187.67349712282348
231.9094533963144	211.16871755430165
251.0240649304312	14.60957421736946
86.61996395152025	403.8408651461932
276.24551296971686	246.86150646568396
152.60531503485535	72.28897624746527
336.19584994996575	251.27880404428092
50.01212223657978	97.76277466749117
307.20963941590725	289.1857201437931
296.4572188235233	34.747656659353886
206.8201270337994	328.47206271803697
11.812478182243742	361.1496864017098
362.4271090107174	187.13670361076709
404.30791864690735	336.43837369491854
106.90408706985893	236.44480088006017
361.59786954228883	138.75516178527104
4.13051994274682	149.8981285961438
413.2020922219062	248.60081754713124
404.7743967054605	207.7449597268935
346.8696137801645	370.00051142365794
302.07947388947724	349.7310543351656
17.960775174468637	20.017524519755224
149.346649586016	153.66060331552893
72.70123078343087	291.4798417361236
187.98355252953144	191.76399934093314
334.6386375396174	71.62695403133786
59.314000073756155	30.398847069274574
238.4376356036354	106.04277225520977
393.10037114607707	404.32995426060074
383.0542994642782	224.56479599430094
54.81994384595566	196.2975137505667
28.583557760904434	366.9081950908589
89.90079853843615	2.46205643522788
220.06682382742085	180.0703980125071
28.236330852437593	224.09453282211373
128.20165118225134	184.17389713603328
16.82303701146453	210.891281296448
345.61892430561284	36.32828163440628
197.1782316067805	127.63066318284113
216.87331761415402	203.49701272560978
115.82189246318931	315.00714393953865
131.19636976719798	234.7349524272923
76.33663197437912	225.59510033839393
102.97780487401904	90.68775897359481
161.83101129482293	249.9302232900776
41.20582617899544	235.1689823594026
6.58157892316664	179.29012756796547
75.19353353283127	250.147563443896
136.34011157918317	64.34658604993676
377.9068521589621	280.86581585346283
393.93499304595565	251.53770063454212
397.3640469344426	386.98753955261316
412.9204105362356	315.82085931721554
172.70615069907342	293.5539598051684
109.85010752685758	200.07942452305087
165.2957198939909	165.1037546538104
205.97780709139548	346.35959227342164
200.55957825406844	147.19440780175702
248.69580870045644	207.80123147782348
233.32906675254017	243.35050351669605
164.85483573647838	376.1347088799469
232.4066052444622	156.2112962474696
367.8934158167079	72.5405946606531
151.56684841808405	306.3337930384175
94.13383600489277	279.45810894041216
98.39161611379186	339.06285307164205
351.1089036499713	110.68743440637655
398.9694686358459	169.30761692512473
53.48164020870774	65.05597422027668
375.3942396711646	117.34295806301547
287.05285069805683	118.72170441862639
298.64470842810516	7.401989292449901
356.89508693136094	163.32213032714748
288.8969916961708	84.38693870969982
189.81140455154707	334.6152641345929
417.51225631622924	24.41675300150227
140.84617554658652	170.40841352368872
217.71745725109176	120.37746079624483
217.55007511784441	148.3563464927134
36.733149566227944	297.3917874545354
337.73469478717897	95.91831108333056
126.60621079932284	360.46400106512795
148.11337746011353	11.434264888947732
134.40180485251108	378.556379399942
145.85083575714197	390.8264945042168
236.87718552885812	265.97900355859423
315.81679734879356	119.49547631160758
218.8991636154799	262.26023019849526
1.6174817617112613	219.42311587353478
66.86261676407445	96.897189093906
168.672665010839	336.5985440844382
129.8512661017878	6.549626704177739
345.69064559503994	177.70630123129573
349.90399789310976	61.3852287157836
280.7082356915534	28.39932058563051
248.64300619262335	229.63615449190618
265.5081553858027	383.3496561424563
39.43202973309276	149.54496120754118
77.57860360318118	35.84852663136824
229.62110531610202	27.044838807927707
222.68280067412505	55.48063980203969
346.37463454702504	145.77651659702374
286.03189908781314	164.8574384970627
328.8506889037397	275.4417394012956
355.3134945515003	348.52339386532543
201.2596225473577	102.34004402205726
272.1845147278768	51.862837992801
177.51355949004025	133.95340450921623
145.36570874254485	91.09197798569198
184.47576235414834	317.7402229831139
178.13798259070245	20.504432392773115
354.0744014582959	19.744080352666693
250.31836846117432	253.40057259042638
86.50730642331574	58.33987093575202
252.76864276194124	352.70668741911584
288.43330551070784	274.0222387067691
240.56545922484761	84.95271000749563
364.2712646925912	223.3213243478821
286.05513095766776	380.2510872290155
64.89608362133517	330.3005946910361
115.40511493637132	54.00199718462786
77.54273744427948	268.97804787163835
205.9306908073562	279.1053959055421
16.3526816405279	310.2205332548335
409.7391751305531	374.57172804398334
92.16492416834168	213.82826740691183
265.2165648590379	291.4281697283145
94.88701468064507	320.1091380149418
374.8660800592103	314.9014175016719
56.78603127765189	228.1038287852526
204.19598516425296	53.44401069118174
361.8287463569155	205.92989678302257
274.5360160424037	73.52675625526284
404.35054934343805	282.31725595872797
29.461003748442472	323.4082691225452
25.17660819222201	263.7265358718661
148.1600510564273	49.67649144261936
351.8014947192274	239.95949995105272
73.94565951591997	191.4696485855004
226.18704347597125	312.96600569087576
314.33045989188616	260.54100474185384
15.101888876476313	124.0849092275773
198.86492811575928	209.11725973264518
199.3793877608987	8.137800274748185
89.07578852168223	357.6271944660054
376.2646328481887	147.18683588341082
411.65693872650604	85.75870596416881
110.85519893244381	269.8455263074854
352.91857161470165	80.31192897782827
36.32131412047281	167.71004060873886
207.37123682034093	72.62058366850167
252.27903903152657	49.821778029458024
414.9348857649874	163.89094307481994
239.4480116141392	301.23017847984397
343.63071682276524	209.08788767884766
220.10003010708093	289.241997737937
380.4525805966653	87.01099182103692
114.9046044737899	164.75139762048417
118.22124182557398	293.25973012447287
335.0601603203415	11.243951108560537
9.771327194618838	253.16667732195253
46.20707740630997	374.6817550708015
42.13522472599697	17.49179270427947
341.76175901409357	126.85608245577652
209.55646612537282	224.43501492389422
