219.05300777445115	299.6606758032048
108.96880268381054	325.80475877860994
275.4338609979515	365.18481458016106
128.90254062705074	321.37770119440694
397.19999557967594	74.23532728515028
361.79314015034913	278.93035776161247
363.04034673991515	353.0247229194623
377.54084142788116	216.4903640650162
271.4286344130189	404.9739012002023
197.4768341532269	296.4838913079383
261.1469803002427	119.32183661829225
333.7431925757952	120.41649858139262
205.6283723853047	170.6170430934108
123.89926447666919	340.592940864413
221.82110202138358	363.10075722745955
129.40038124390333	112.16890457207386
313.75087603793315	331.7553724831274
418.3062762938188	66.17324586951044
322.0880122099659	312.9990448168153
59.1507319597395	277.790179087136
102.05874681271227	248.99955867324644
179.64398026633717	228.7732192055638
53.55367707267975	105.37977206016811
67.89508314667114	119.80608466076704
127.60053971293846	224.4440881849759
153.8697660815274	366.7403624766081
81.69927910658582	134.8550614168268
313.8541118951182	198.343837735916
340.2029725134459	291.23106265097624
346.41066020382084	265.9395763644635
97.27289456175312	372.2648351385772
302.37923753502304	306.71710153360243
185.30366558465533	253.57247792420864
84.9769750249712	388.7562776538674
135.19970851879273	146.65914960923402
163.88740672969487	325.78709123145927
317.5433459683895	388.3057746286687
392.36657850051876	124.59436053027214
400.2370055055103	32.460721462545344
126.8279962392194	397.89370796213433
281.80521924755976	309.96546505031495
284.460738995358	347.00766016433914
107.52281372595704	26.65809275603258
63.09521573809126	141.36572617742328
204.26222034592675	407.4498364029202
3.0906437079554956	272.44594634419815
198.14148060452925	70.82539042769822
143.92390215865757	336.8497780312917
46.913365245422106	338.5209158707424
262.9110533304823	83.57827412848981
47.71153923728312	259.408482952155
9.901032550214497	408.6990807282085
371.0745522918376	387.4245004760889
334.2538692528178	400.86758815433194
272.1542653753583	102.00145060084063
322.2721512120782	350.4299942032537
150.1073478613281	109.10374997654047
180.37960878516213	79.25865209720337
199.38026995565107	234.41026307388503
390.0233156833685	325.3907730398478
414.07269316525594	5.584381796723562
227.32087293448848	4.533689962772039
245.9104011015216	161.18628763803127
9.469567386236802	343.3811877210258
336.62422134091565	331.17753839783484
395.8965945514416	98.3315493472599
31.091856277338184	4.172719133274819
262.1697660724408	314.4577437321048
33.80576483289971	106.19247057697311
258.14353532815574	28.578577763777098
119.30710057556144	203.75139231692646
308.01086424604904	9.251773252727729
381.7015223424488	370.44003314229576
381.8787992378245	25.259838373950185
368.6948824267635	259.8403286492519
39.0787040721625	405.30976433523927
370.76501067291616	6.806678539348165
142.71039062408886	127.42471351271182
177.49140845294113	272.7864623813584
293.22079285301936	104.1421876595217
101.9396786102685	136.44298907398078
76.57104380242059	26.374367340016683
418.2621155840613	294.8714201695732
169.65668055903518	115.05771668180762
37.2088609579227	186.11019393042835
139.4830949445753	258.14933024580927
214.59389783108054	27.775077703559326
8.792913171489069	384.6901071790749
24.071626540692716	151.58797718083565
416.34178084299094	127.03225400104311
91.53350627619501	174.04985915641086
168.10161373642467	22.252657020789112
2.3839236559892916	321.9063656750425
362.5203057871392	52.21950151201091
276.62346423350294	198.11407573059026
162.63705838639066	389.3263725819763
222.59272057487982	399.3802542589487
121.6890252205415	243.2201153557964
380.50404093819884	295.6484362115261
254.57682720735514	392.23726854772826
357.73977167203566	372.0294332846429
53.50559402997237	2.1226698257759367
31.611168634828694	85.8940135376709
161.8928058384402	191.21044653654238
209.0019380991582	384.9127811754495
229.06830809632268	101.0615294827277
372.8036682033363	171.91134223940824
54.470086153917705	297.8967909823856
256.4391696663608	372.6402066742329
48.17867337361477	124.62460365326224
134.7464898916897	277.11549004396767
367.00597465348943	406.88610469786056
319.5476199214497	26.941508907864474
402.9134642865472	356.4038628077576
385.3119072748008	346.7047025921181
48.61851813601684	318.1350133045609
40.02432875755642	284.2217768303026
125.5562725728005	19.159505179233147
16.1725389019835	55.946015430826684
178.32349030478693	402.12603340728526
160.53605981702285	262.5033911373009
201.1931314555746	364.746721664881
363.04230873467344	93.60957811024912
363.49791233890585	32.285704608598806
71.43986256998988	373.75251813198327
401.21641182416903	267.31787613353197
154.50463416588357	282.43177991706864
53.23437912978454	389.06776374115594
32.01398638720789	351.29365798518546
93.10302777088066	154.30035111178344
110.68382106461122	2.021123987387604
413.83573851616813	195.6702823141952
253.77354410000888	276.46901280875386
266.47408464450206	156.92189888929678
114.28063142209437	97.32579707916202
311.1737238321204	91.48599597893944
198.03692140357637	268.84525840985805
73.89929218990596	164.07332885299436
16.70973452958921	191.85185198808117
250.4528929180185	63.66039368018747
194.23553481636932	192.22555580540256
295.4846474703869	169.6925272374882
162.30529266148363	93.1712774961201
180.2652392840206	311.6254417166569
17.55142372838525	286.73708540577957
290.07201685029486	397.38640781336017
233.21874343807644	145.09255272271128
243.19908622269585	44.56396793838373
138.88349855297287	207.6375113752183
336.14071582448497	190.69075072031023
147.58612233222266	27.08040469243695
36.246391617196814	43.777702157796725
13.271033637336314	92.962866709761
164.3250743592947	349.2780958857444
270.4874088074444	332.25582454317237
16.99151783796596	33.680447759297735
381.823584773809	47.29757970817423
71.18195051244741	404.2535762884751
400.49337615127575	54.29370681263697
272.6087159679904	137.39105449351322
326.19016966575526	45.51263062883807
70.0982769557319	314.74795275237176
73.51929957634175	4.51332786859886
207.99258830963132	8.420012446186547
319.81276208056414	172.77529427291145
243.04340818503846	410.1091506252989
107.77611220425527	116.98584999160927
402.12747012831784	142.84462588454988
294.28674593020975	210.85371288766427
95.34173495945666	45.23458033562943
257.4585060439498	188.00294779427387
141.1582075680705	49.68045784906776
313.14647354605825	240.17128105004437
268.6083518982492	7.586103329959788
165.80551227425974	135.19798154046637
360.5560959695868	331.5789862899512
359.38610635396435	299.83406251488896
108.1924919839661	389.6442184170797
241.97113656580834	359.4072630603274
330.34065291150335	230.50028051872212
311.26623919600246	154.48271474301995
135.52326632917197	302.3780729306472
372.6351663212568	196.03528964019114
371.8763175513546	239.9434105194525
93.48338988910237	288.11113150748497
392.0805359035096	192.98824198130998
122.13584051983275	40.33776425659055
351.8406368861759	391.69213566279603
187.93789061420878	105.05585623169455
13.493611429821396	232.19253417870112
123.36896375374056	131.06836774739202
236.97248526528085	378.4102613511606
194.75305640580186	51.35545697928735
176.8488203947563	59.4091453539517
114.91277953314281	360.3314838786279
312.27437539676777	220.25929426577423
294.4155452796388	325.50064667812234
70.45541844816177	209.9670294665978
418.2424047322375	46.07715944227389
31.216723457584028	247.89735334096255
306.13917937008273	48.78388002319768
180.0782067600071	37.839065477111674
292.6608816841864	234.0614462299593
62.63320649622126	181.6784951554635
295.0512742434421	189.8092213329087
250.69164085300704	100.16984182299937
56.08823110613794	46.970578285644976
182.48450349460762	174.1271980906078
78.37542179895247	81.26565647166593
282.4469976969873	289.7902969895669
147.74223163005456	403.51608865202144
32.7281839891834	208.48402771161548
272.97122008181617	268.3115151362839
88.45860452875455	328.5078190745618
289.9072330012331	254.7951395652985
315.133006972737	368.76462744422037
238.42077876310552	181.7184092758918
66.36869940481508	65.48312798098229
22.26877219906078	171.19818174025983
167.63439893311175	2.0431121588556014
388.0711423812142	408.18903967558776
351.01027004065327	1.3312004041451804
23.189014773862993	131.7903440849278
293.71516878138846	64.0425140406027
252.46246316292041	139.18081405753634
189.11867687011255	385.75645320796957
299.42012895939183	132.2637175979056
275.6456055744609	220.19237244617457
30.950562984050947	387.33957541089296
314.0012492652279	407.74581013298103
413.81577165987693	106.60934816196739
87.11087218605668	115.83669769973092
86.02120223811144	234.81341150190764
393.1367342631334	8.57620107444064
234.7798010259435	201.17227061299553
102.48474167068245	75.45091119020825
156.3475212456776	218.41423638612423
320.5802273330499	135.07237089367055
60.71744065692278	353.5089107473797
342.87073978522915	310.9582699734889
114.85790834236461	152.28819429962851
183.9698290345538	351.086503575197
205.35311002863466	96.09430055653267
274.6454870573679	176.20114638650972
237.61743671954662	222.2488044878184
249.13670833799486	10.890941111527972
93.03243690847219	409.863859279507
271.33758893592176	248.4316276956292
158.4866891001035	71.49440142845778
329.11554443971215	252.62984418673793
57.26710576307794	85.7262463939589
315.25295710187993	291.9826682681337
299.41267230931885	28.676902291965735
221.3825887976469	322.565856661573
3.7358890706696712	362.8049703554961
355.9570234198486	184.03349416960435
410.6309284678592	338.077355294276
105.54584996458104	229.28213079075684
367.3640383233553	133.47814274944676
5.387964265639147	144.92609784100114
410.426771484667	249.3241052086553
400.3591499767267	211.13948864000008
335.68083605087855	375.2122016983081
302.93083949257823	353.2623718286797
13.368236353070174	12.497267891757145
154.4641788997157	152.96302203759961
74.28083178373541	292.70266149779405
174.1358597902095	209.46483875701594
318.4946821535438	73.23062792579587
56.86158676923117	26.099250209022546
241.07416625417363	117.67877025770598
408.88146692334993	406.4479512013557
392.27886808579433	230.87192508955746
51.550818671622665	199.3691249150131
22.624790465414	369.57330412488363
92.83454396971861	12.929623907206322
219.10041085859845	185.84227329171222
32.60907414732973	228.0419981299193
131.93096527176118	187.60065011988328
5.871455584558953	211.4348852408716
345.2316750171557	41.03186917805977
186.2151581792887	133.64223812690562
211.3055312738937	203.8037287638703
111.14069742082148	304.79049058027357
147.21981261743258	236.309474492743
66.73820059507437	230.29941410813956
92.96989428549003	96.7409349621124
166.33022735935242	243.0461255201705
49.165862240675196	239.9210447203135
3.2310018915711747	177.74393442364254
71.41515755212633	251.77160190091564
137.67305237912092	71.2334912949556
382.2339425569488	273.9249639184435
387.0467299956749	252.33492755609026
391.8453519157225	388.7660531371039
404.4091838606696	311.09777637762977
175.54299247480552	292.25377089509306
99.53323438687082	197.4204820560909
163.14706342325866	170.99622959365408
223.30964224593328	342.9394315558745
194.73760665725032	154.0423636211355
252.6437427689991	209.23244188979717
229.85708714567576	242.60110538415447
175.59005498348625	370.7710069613159
226.12484234482596	166.24929674813535
363.88247424731287	73.07415454852438
155.55704817789666	306.64912278062
100.51909667221163	269.18178512524094
102.90980723435752	344.5579739416528
351.64503594884883	112.00694367959713
398.6451861328445	174.39925982676232
45.15752248941373	65.95898938827955
377.9406252018679	108.732440584711
282.6482431848954	120.65275338937252
289.9500286475855	419.44057914875816
356.4391975468726	153.41885121008988
291.1648767514247	83.9526047493097
202.48404651721606	338.5281426188015
418.84427944108853	25.507878258820494
139.17525273370595	168.5423228980804
222.08480664909055	127.50873757505593
213.14770339339742	146.22755778493217
35.01963859355149	303.84291257850356
332.1819110481529	98.11716983660959
135.08130486047915	359.4546520745448
147.96717712773224	4.49152636184744
125.04743762912877	377.0134580694939
143.53000845757163	383.84130009174675
230.61930349333576	263.28460964164094
312.01420544247253	116.3134116340999
210.2193263892601	253.38711452821548
413.9911483130559	227.34803084662886
73.1994578747992	101.00916588301386
182.82156397046305	331.26297550595376
129.6108558588697	417.228581613581
342.5324383557566	169.4503196584047
345.34937636707264	62.05184302119257
280.4661078054378	23.293489248739995
255.63715123598905	230.97838359124435
274.2709310097308	384.97549337527545
42.938118070198215	146.63184866316544
75.6919059203499	45.98496477348218
233.85342130724118	23.664117094259808
230.115262695697	59.78635460544385
333.5088217086994	151.35302448900651
287.6464122326558	151.3299749697695
326.3797657356157	275.8451853838585
343.36857522021495	355.5249555828927
204.8579972028866	116.46938749812455
284.8009051164103	42.67654124686476
174.53871608561798	154.1572554735775
137.6410551755028	92.73834760837725
199.44685321177337	318.89670571345795
194.81985333554888	24.96182530271984
339.79081418794794	21.234211804586902
251.9391541523416	251.88666978992384
86.8781827144019	62.7914336741657
258.7235047691035	349.04499002988194
294.6913669037511	274.4212700541565
237.20907263492808	81.09404395172469
354.02302926623116	224.8221807895479
293.19054395404373	373.97214451733174
67.56497118160046	335.1538130405722
117.02713795291123	60.84051268666455
79.07374890802096	273.6577100852174
214.992328190598	279.82715528367993
15.477478990889404	307.1343613496261
407.4445271021318	376.7994825891237
89.82564030184157	215.05489801033877
262.463415250722	294.4500596869935
90.21908365876081	308.0862044434233
372.63456830391783	315.8877316006518
50.46386511352501	219.40852473180766
214.26711012471193	48.063423563113496
352.82793169616474	204.1970558831377
272.9964093620457	64.98137506969597
399.39195948991704	288.3441929261134
28.75035675539647	325.5446299426721
26.013515007494487	266.99683006706664
160.5957064078978	44.64915833869413
353.3452217183795	246.42448345497726
81.09227387442462	190.6200609489372
242.10944978178264	337.42664102969337
311.3791387346134	260.7094061127723
11.948431983666067	114.98020747112406
193.70022383267874	212.70739960964377
187.67355425068368	419.3617571146011
81.05015374255977	352.1347934245488
377.9427773908716	152.94387535878624
414.2098129593013	85.61927596654284
120.32255680040484	263.4109830192287
343.1660536597475	81.85543775892756
50.121489757689986	165.1698322375701
218.11188723290684	75.81442482777135
263.4825426101113	47.55117536228833
412.943530151223	160.08892980170023
238.82637961209932	307.09056502542285
333.2493813765686	210.63700754784202
234.38138464172286	285.96735796184066
380.61957428249383	85.0569568565709
111.85791462858354	181.00241422103053
115.33859913162897	285.4956012739408
329.82558424455215	1.470307174081195
11.130073409019401	251.73986709411466
45.5933125958115	370.48483440523927
36.14096016761017	23.685746165674768
347.1129967576531	136.07273368162691
216.97421018630448	223.34911412429216
