216.62367523149496	310.438096190584
118.61726583417675	341.32083051436456
288.6712245679739	349.1720471596469
151.8103060937405	332.7451523970091
403.63831812905374	77.01932598936668
377.58850171039353	295.0577732381934
392.6287989190474	348.4260710350296
388.89259682312843	210.01957195204395
251.4812537280658	418.3289673276931
193.9313818489331	302.8644973349478
257.48208317884746	131.96804659278192
342.88369040385885	109.06011528048244
196.93411310707958	155.74648786870065
96.99021281360878	357.9746174841939
207.39837552393826	382.89054746751975
123.13818681754681	92.69541666684887
319.5732872476989	324.0074729348708
3.3619948559148316	74.85747768577752
343.51837828977006	286.7363628968202
53.27434561461712	275.4999671231128
94.01982889684547	261.9574110779099
179.06421648190062	224.07547359464127
54.23250843011839	114.28247682637641
67.51191451217967	111.35000253768733
146.12929073044128	200.25603128838554
149.12742337831446	367.45960939131686
75.77225588533774	124.10302726252742
317.0048682341087	184.92587084060432
365.6794474475564	287.9570677919505
358.04338387266904	253.8199932317826
82.29507896653283	378.9733890287926
312.6652116094563	314.1123284129222
175.02192420627952	239.40134248075495
69.23187412497325	380.7121240828378
135.04873165691788	125.58163781521316
147.6268758343998	352.5300852530898
332.5749462857113	360.3363165611523
396.2881615123547	130.2766715446107
404.95966275095236	33.11702177302926
127.9642895065323	384.5657033048708
288.0954727933632	318.6919520693602
271.4956813716958	330.53943630199996
114.04090890979559	11.54270174836675
67.99128553137399	140.08943403241838
186.35259013819007	5.884410559317736
414.7118426610301	273.58465946583226
180.9200582519783	71.58289758880919
133.9729190840573	342.482489626082
35.69610253755853	336.34624025642125
261.3157744858937	54.088865030985176
48.30292461307692	255.83694458840628
10.776277117292725	395.8481281176485
368.9124186368107	393.83970989671417
336.6906898062591	386.92906587140783
272.4305425193013	107.86326608853041
318.63396353968346	354.1471877410237
150.93711079555274	103.76873564004825
169.15572146923097	89.68122886519981
205.8824451630541	244.30348813426252
387.5241035710132	301.71750694841614
8.891066310766591	413.4964409596301
229.00233747401447	19.97310203623494
262.83020631205676	170.4407611481906
20.55816857419689	341.605719313179
331.3986456306801	330.1554633195228
395.47343377054614	115.77129919611495
37.936346085478775	414.60540437390995
277.87074919494705	300.26310235353225
12.945390576756344	83.17299553896501
254.8052808589281	30.338571267840877
102.60961074357836	185.61534233164977
315.31740293765006	31.299064481418583
385.6913159390615	379.4967815358549
384.85567206616753	27.513561455453086
372.61889395368286	276.1665527473172
31.840113663314888	393.78712811620625
382.7205473865605	10.151101407960086
149.14624646047017	137.84854081768253
174.07214536123251	260.2116471389087
291.3633797470065	113.96706616359722
95.5547585459302	103.03515439673457
92.8095486536629	15.63099611398099
16.36903324494709	293.92326944194235
156.4786003270293	123.56415386248277
23.057369169031627	186.4648041780161
150.26252228292154	261.7118703721541
181.82865554929435	52.198588033514
12.120427078433432	379.2373558061562
18.165867598979677	141.04700904979933
416.3824929251711	145.66391704719956
82.56332702795676	204.41689878508654
153.1449357125369	27.307323380340634
4.863631754870575	342.6560579503539
388.8039170123165	62.43925645509514
272.23119887385803	212.33347414542806
158.01697919046242	403.5265644636469
193.50955814736122	407.03268248635186
122.3266487526994	245.9863814803478
419.9734766850609	303.58268926108747
242.6272044052289	402.14499888688505
388.9677812944864	361.2396533908723
51.72076507153721	402.7674539679175
44.81521156262822	76.23582339669196
174.36153875830902	188.62242241991189
221.21795324891104	394.5295254192594
215.7059269472116	106.67033260270816
379.88436400839623	153.07622072045712
53.85763985050514	294.91940712112415
232.0250256813855	368.4535699929065
34.1030907118654	138.94129670220516
129.15592819196914	273.1467450383603
366.91883390237246	417.0068014301596
317.6340074909723	44.329273101416476
417.2524187082199	352.06534407654317
398.4431814651914	326.06856982704295
42.88548307309099	305.99947839033143
26.48613147510075	283.68072619911794
123.64606418573105	20.84196813050528
25.416432767188237	75.79072036137238
178.45724832249792	416.698676122723
161.70440250785475	273.58662301822017
193.98524483148967	381.4457027241934
378.1016661142323	108.81310898550647
364.31224681551635	40.34191232947656
53.674140300619776	374.84243115649866
375.32184995491974	261.84015398904575
146.109153442418	286.73555595525113
47.70040721982986	386.6368768708406
35.97288528350274	354.1952075964841
67.34276052319221	159.202260658303
117.649124878595	413.04735889535925
419.0205837846188	205.57003441547508
264.17180212137765	288.4550961673594
276.6166850759917	165.76368853252086
117.20122205196444	78.07793076696443
324.7507418815184	85.88759735117723
187.0169770082616	269.4491689004502
48.87294192890463	158.2956555631053
4.03564079535155	189.53228509091934
232.82538840205018	54.21707444302249
182.83589832721987	159.36083755435985
294.14724909871995	167.8008005181645
167.16003090315732	101.93070301479618
161.614039981351	317.52154536608975
9.378390139891607	277.72543447350364
283.77688148108183	407.0203728612896
239.7233358400863	115.55998418065498
224.14769355331205	44.13090698626926
155.07236715188762	190.8319053879362
338.60416480411874	206.49481088707455
139.65876472232944	34.108849093166015
40.102459578599614	51.6669672919153
39.03097982423897	95.39601585281414
164.20478099699886	367.4601538121514
257.95793855156353	324.28688071554325
35.28371774547713	28.85479767485305
376.25317841405985	44.417713033990466
72.79297128421724	392.4093182563779
411.986208849981	60.796510162446616
270.8680921246608	121.50666949812411
354.40486256246965	48.05335837414919
54.006081912444834	311.5277628736956
83.0476060901841	1.1111858512591009
214.88662356402665	22.5512948864308
332.312996892445	148.0094683910078
238.2624730500237	417.2749910036046
111.62986126857295	98.47216329359496
391.56428802386137	160.88750070583802
301.87336030136044	203.60170190770114
101.44884071055208	49.15471976094086
226.45978323762506	183.46776837269863
130.09961615846535	44.68156697085396
304.6057935689788	236.8401680419265
259.51879087983986	7.044161775674391
163.43594704685614	135.02911623918706
363.33352887591536	326.12644745392544
356.54333901251385	313.0023404187755
91.00874202665874	394.1774867730544
219.68067113751084	371.4613242635718
350.9449052132781	243.77641635939898
293.8802648612308	143.87475459269797
132.1418426374536	291.6462623155327
381.2388968155566	193.87603699259805
375.07556118070323	249.96158098235477
102.5042815112666	295.0917319750115
405.77377698050367	194.80753426887986
93.25030905106973	32.83491206905329
359.04516397708704	383.1488483460858
171.73476603520132	116.88719780934262
11.56091869281679	229.80209997579917
125.59091474124008	107.81250769242367
231.31822802869038	383.77236367542133
169.90058488988433	59.425543651492625
153.19662071592458	68.78188761509261
101.13033472462365	378.2260295573266
350.4608921468263	229.99929472688706
307.38180589514155	327.4454874099707
65.73602736929821	213.76048391485546
2.259611888202879	51.9613313597223
20.100245744136014	250.75572415413436
295.34902251412524	58.82223594866684
167.38249472118468	38.34114069204526
294.3208475213945	215.1663427043683
49.96216237371664	192.94991721414803
283.6777421042934	200.80010517244233
252.20548660631118	90.44716028073691
54.618710281246756	55.152540152671065
185.41948732627978	143.4620381058821
78.32270743055692	93.11982184876952
292.7772472329479	307.38848808416736
132.48435370073858	407.4865830183905
48.09702684087196	207.3169298767567
255.1998203724054	255.18356088615337
78.23747094764093	315.23193680811227
288.32371939792887	234.88056897641832
300.8147271498845	371.37775376181196
223.98042811582468	162.8870289890211
65.15072294086292	60.71417000306316
25.280865963793566	171.25834702099806
170.6300978087351	6.6026086931399846
385.0798948771179	409.6019156213918
354.6198073182531	409.7826621441882
39.86473551849178	113.45678977563367
305.0678487324691	70.40860112027869
239.38115651683262	127.80648768117753
178.7381788232769	394.3155092816644
278.9004425647326	153.0033611445986
281.78728991702684	224.84107045805263
24.83423197135982	376.9256763896102
324.18852286070575	393.94755860133296
1.6544171737402296	127.63950632104859
80.08381519367342	108.97379839956005
85.28652997353433	250.63366233686307
398.94355578566785	9.548318299370047
208.32119364970092	185.6887889185612
101.08240918317685	72.14757468917884
165.51217980891713	225.51927284908618
323.90027802065435	137.4780969734144
64.76504364234967	355.2713422781762
335.6150380866584	315.0862469950529
89.43249708955447	130.68614863454783
183.76366408908297	364.69775336275717
185.90949206958447	88.41142592631387
281.37211489475425	189.01439388837554
248.88107721008677	214.8318048632897
247.7448030970676	19.899952194622056
85.81431010372482	404.75678782684855
275.68417834870417	243.58836194067405
166.59680574362582	72.27957556251945
346.21718226507716	256.047758436809
56.43898480260242	102.41991376382077
309.0908082651581	289.51219517662264
284.01844995721126	39.57177580584699
204.13107364284213	317.61809202177284
19.10857950467746	359.21424118393725
369.38642105627844	188.45654185619406
407.16047473079385	312.6748824896591
98.28269325664208	236.51231765247383
363.2693458688322	145.82745151265834
12.63790302931226	155.9356282298793
1.8528067483788362	237.6117326277453
403.2075811787009	209.50434157062065
344.4978459419547	376.77033163017495
302.1416402810406	354.25026411752873
6.111567358800706	26.95100315902878
155.71467290043697	155.0001289726074
77.09752125044115	293.48476433247737
191.6103122919439	189.29037456088926
323.96733479172985	55.62508017670896
74.32668611063528	48.71126020103988
242.91823907491803	98.25196103839359
384.70898481332836	397.4499740983875
387.7645660532952	245.20639266267176
59.367276298444445	202.1338868664488
30.689993606715813	365.9608012373311
102.72999496494754	5.8868855999201015
203.88787949992596	170.05791561323113
38.052390126431135	219.66414243070443
138.57291268235647	170.9947111254604
16.854225989409766	209.52317955551123
349.2515085843857	33.619018682568544
202.5784593155092	128.04680348412379
205.06459133315957	201.97320920042077
119.91392686996288	317.5564050075681
112.7363208817547	234.16953036186584
83.9146251494467	223.8433166754219
91.21303933333765	90.91842753578162
166.9696730066934	248.9049978689441
36.477702277456245	240.56284615218536
0.6980084043769779	172.79763847835238
69.55307046628123	243.66198120155678
135.96052861086534	61.230872101889645
385.8011663157728	276.6813003356916
409.75598757368425	242.94190255960999
416.6964353448782	382.3045222077534
6.917022705825287	328.76886424188297
174.75390297006177	285.81195598247797
108.05594454070453	218.24193168428755
172.26497199365235	166.6265194598944
196.42329112104156	354.4891635511148
198.00327762305278	141.60508730103663
260.5899212944943	193.832877922231
226.18304063944407	250.5067457068339
171.85103134283406	405.7983579910194
243.16356471078979	154.2563415771552
360.4454148954222	66.13497451417507
160.4061049328093	296.747726410876
94.75815337289835	277.138965884553
110.737808584065	330.0203153433991
356.38550002735144	106.92794424663653
408.97288933401995	181.63281613215113
52.13364999713911	66.7013585758472
365.72866967311603	119.54307572474116
291.3435112392182	126.81607747358949
315.9311706345705	419.36963475677925
368.78579590447094	157.48407782441822
308.5412222021299	84.63276790085385
178.04254381842335	349.0184728357105
417.31151675023204	16.14931507207102
158.36994700722354	171.88705140154235
223.21045034224267	119.79248070286225
209.95718700928902	144.42793261397924
27.366260710997732	308.46193101206353
336.74324545420046	93.85109435513048
122.84094026997282	352.36297568087514
147.3702497473942	7.825792691989418
139.42408427448885	378.85257663609707
149.15512033900956	394.6402255612986
236.06428968095497	266.63601034716083
308.52695290215144	129.82482357028906
202.1933355994294	273.7613142026266
417.33038745681415	218.68621457054792
53.81832846584996	85.88192403158294
163.9427361673135	344.91459117754613
131.9282331525694	6.399861628215326
348.35334616180336	165.13444972978766
344.3598826776738	66.83380241487367
271.52725621376464	37.541074033895434
262.31666730483227	220.62451001269
244.96184059961334	388.9387792171646
35.86517887218054	156.71634896939955
80.38727531783994	30.716229010765005
232.53195658830538	33.71097868570008
211.16096093700102	69.48814542859816
350.04029797104624	146.02933355311546
285.68484012559435	178.09016945624813
324.42951889904487	272.11297295355496
349.2151519566896	339.8517948693327
185.47175461328806	106.28710301233805
274.4798399820247	50.8474174062872
175.90301483822395	133.95863822000138
140.58974261422875	82.82935710330021
188.90471228322585	313.834719071615
184.57523473262913	31.07685889056016
356.6183109871052	13.910235204213627
257.14445197370213	231.98256166852107
83.94515060608903	57.1596636432577
246.29701588864864	353.4942193600112
298.6996729645114	281.4315013967072
245.80177803203466	78.07092483291848
365.1652211765992	225.80540120381568
287.00207567245525	380.10239097991786
49.61311490245414	328.8777225343696
114.19639597028974	52.726594476340594
73.68944855606314	276.20586303342856
193.51390630913883	282.08058614360476
12.024070269151059	315.5967837165629
409.82460801981296	362.00340003958536
90.47781423572745	213.1664585124564
284.2532745066729	283.72909844543256
108.38304131883312	305.307153315369
374.647371281402	314.41990941833956
58.54649486961652	225.96072051609593
210.50160084993303	41.07383561363129
365.51375915159787	207.65649749902315
268.0119896305628	96.2678273989316
402.5221110568809	265.1192344332645
22.814421197563515	323.32303608307143
23.227352709697506	264.51278402557244
161.58408695942074	50.418588839890944
368.46253969642464	237.57310198392412
60.09020852007904	174.94702364900505
230.67674228761067	312.64778087047375
332.51338549107504	262.59784204572054
12.900381312532565	119.80230022702436
185.325528507686	203.13262986085286
194.6170946245406	14.32057114267445
82.64344138080217	358.88823059837375
384.09917157330864	139.51503456124877
419.7441298583161	93.02127335369885
112.97990800092732	274.1789958384741
347.3916856422391	79.88195692784996
40.15724646480119	173.18390036661287
195.47444370274894	59.076649839891026
246.78732181369546	50.7970253086747
408.7808231169172	159.14819005703626
239.3830323223675	296.355144554656
348.5992870045724	213.05542947845004
215.8821643286463	298.69377903228184
399.6582494670613	92.68505393370292
109.52726296105541	175.06512090048497
122.13949634259788	303.1116220944588
338.9464794546912	23.464246917807248
3.7025341900875723	252.74103282369498
50.657962711635406	359.31033360909385
50.096385611758976	27.235887550720825
349.68692269280183	128.77891559303225
192.1407961949039	215.25411095983313
