216.98257166896872	303.5305911551459
109.78211795225153	323.2059698482569
278.5735084784281	369.0189670495852
130.0445147491874	313.3896505116907
399.2429752708596	73.64159876015857
362.93106248832925	278.15958607937336
364.7845244017268	352.9338137402778
376.0650129632635	218.54619894731303
272.49345788097094	409.93098594647967
196.40935076427684	300.0013882970593
262.90576201479576	119.83174486153852
335.8134139092256	119.3590083395545
199.68855143533796	174.66010673592223
120.67263218675795	340.2829002012676
221.24267415881422	361.65904054368923
130.46346829681906	110.16113983503837
313.90239750178085	330.1684161817701
418.5233099947649	65.10577843374061
325.4832909796393	313.72699038843524
59.73956366875582	280.5776012836542
104.3658057928128	247.43591572900405
177.56131085911034	225.7916001842843
51.52826946749382	103.22412614573311
66.49567474455918	120.52716044228
127.16627665806789	220.60432313260426
154.0313062929774	364.347896416798
78.93728290340007	137.60538112504108
317.4507802258051	200.02669443572302
338.36373565005977	294.6712138599542
347.6597262760801	264.85703062145956
96.71130543717354	372.6579056814304
305.53126254473693	311.1015084365935
180.33554120336441	251.55594699991775
87.834587055784	390.5498280788753
132.72234854893344	147.84383050331692
163.74753643759627	326.2499758765695
310.9009897185022	390.8444979269763
389.82016309583753	126.9678899529774
400.578336301645	33.615336438562636
125.97157383081324	396.86810272527873
285.4458918217295	306.2167997357611
282.51971563658054	347.6820382705767
108.34156522886656	23.744201920727495
60.618522250752996	146.1601417414355
203.49484907578415	404.72316719620017
4.1066212766741605	270.78277209604
200.74002067564422	70.75198355068302
143.06909919340262	335.18086755559904
45.366863981767516	341.8882116057666
262.70890302342906	86.3558095695429
45.99331473489504	262.71398045506504
14.830630228137531	408.00731401586967
372.1276712156917	386.75888392816057
329.67685611507414	399.0846921239183
273.9523028635252	102.82484323952886
324.2557734409609	352.1166607942137
151.16286173959767	110.23396890366406
181.80690567001173	80.98367436833499
194.79404451951666	235.74256166768285
388.02902690051974	324.21461561167087
417.04380115577476	1.4282584025649532
224.40394267762355	416.7893732020398
250.5652300523761	160.609469884772
7.823358922926545	338.96488935890505
335.15420584057676	335.43982592313574
392.1659348788105	96.86148090801736
32.935026364308435	419.7957944073728
255.98689625643877	315.7164068916335
29.06420331193066	109.46446410158023
257.8869754434362	26.51973366256338
116.59802533476568	203.192758576301
310.37407818319696	13.037679692381293
380.00005469524666	365.91847624411616
384.1228091590842	22.510226329898856
367.27933505017387	258.521745514904
48.274108485688565	403.9656665111455
368.1986598479758	6.864776305231719
142.44325183484275	130.3444453084569
175.3102182163849	273.61230039258334
294.48392511695164	103.77789781690205
99.35487940089573	134.81956012668513
77.9262407714218	27.735834739377246
417.74362586015377	290.87493957165617
174.78676894020631	117.26466992404623
37.284011155901425	184.2088762370654
141.2035010518939	250.98609776425351
215.92273700957807	27.55116246487268
10.80067750718397	388.5288341614962
21.31404004392014	151.79760540595336
410.40432094185644	125.97090549214187
93.30935757164971	174.79548467260668
167.23495983393784	20.808917580481065
416.54311718608085	322.5020330667776
361.67148188357635	51.85623426978984
278.8869674645743	200.01045018838838
159.99142038654188	387.42464508795064
223.54562892390837	395.51609505944737
123.08774638545391	240.40210745192076
378.9086986306275	293.86490775069495
255.09989579659597	390.51094963479414
357.2326725858909	372.9661552609762
52.709507399286146	4.838413859932042
33.72909580743863	85.18521485323194
159.44546768521604	194.57585566828726
211.7550348903371	379.4030593808744
227.59013499678352	101.4983074084264
378.1534117067983	177.11569477001663
55.97145309917564	300.51926391845313
256.9343189738065	368.911389596046
43.633948062337424	123.3993035997868
137.6979527329881	270.6817133011202
366.75727396405654	406.79660460945274
323.04037916500783	29.38084623551153
400.8230237944426	358.77898724140726
386.2226032537621	344.33102843800316
52.03154513398073	322.05727632735164
39.30894443795535	282.3232706791926
128.5194617893347	20.220692436800196
21.77435341599735	59.69586704899041
174.98698090584082	401.31392627261505
159.18753222747316	261.4396978413866
201.11468938620013	361.9067004845437
363.34908131624735	93.97372290169753
365.0890496254523	28.739430546855022
75.44785042276531	375.0271677596359
403.34761625964734	267.92161802802156
156.28919807503752	287.2006334387452
55.76966095420335	385.1124476477716
24.555714783471664	349.9898919608243
89.48910098642969	155.10203303422264
112.69399341870964	418.3894130505664
411.31958439499004	198.25298506635457
252.20549054747485	272.9172146161275
273.8732776881747	160.5717882465988
119.55679584854333	93.33156640751059
309.7832108943051	86.42122745675395
197.44922480252097	266.2969197078143
71.47068155144436	166.09801113689974
16.848328307319562	191.59939856409284
254.38017285763826	67.16971480730435
195.38383048957957	194.74990411709413
296.78836244812646	168.96362767348091
163.40242559788004	93.43448262276023
180.84566975792862	314.14977085252184
19.958718761623036	287.355297973581
292.93583656185024	399.4725716923646
232.9766662466878	148.94613422402784
246.23726441758515	44.590077378117066
142.11404328940716	204.9714650481918
337.2312573382782	189.9481904348979
148.4401851197212	32.62254766595027
36.35499764788515	45.414491774757636
14.5485023089646	94.2151523126873
163.41942413868242	346.3404200913766
273.339433516118	329.66866872975453
17.039981840259113	36.23903578434498
382.4546498906641	45.185739529559115
68.15626974829132	402.491025035709
400.84352804923606	53.85116567669902
270.6512662795799	139.64478357144003
329.5721471629028	48.27199673361234
72.26458349295022	314.5645056764388
72.95086713000595	5.221832275310819
204.93108527921936	7.885381975786376
317.00119329322047	177.4248233310682
243.82991492548723	408.6794199287114
110.77178043467599	113.24035993507503
400.97711865637456	143.49114200830945
296.476681620865	210.94727951039835
100.72971856855101	42.75334395980146
255.7384162166825	186.95469722391374
136.5405483389488	53.04838409592073
314.36396290250116	241.13423014878603
268.7857513929939	9.496752749856894
163.13118631908875	133.73376177837275
359.35834881006787	331.77070737653656
358.35222729902637	297.9102016061705
106.04628586485113	398.60029396363905
242.5950080280549	354.1803199024684
333.2752625490889	232.44527518785873
310.0939310516376	153.4629131913683
137.26288944367715	293.9229103368094
372.58123137739216	197.35565360826487
370.464097913447	238.89612451639235
97.01106493300117	287.6884798218422
392.33869191771515	191.34623677298038
121.43821539428562	39.18582022684017
349.29852225058426	395.708459336522
187.1259132586201	101.30041837728501
10.656036460014464	231.99937021800275
120.48500466138861	131.86745903008506
237.13614214617502	376.90710667976373
197.55451085034602	49.693196372708236
175.54289345037546	60.734937687927044
111.80712501611818	359.13690432470554
315.9946045948386	221.16150680694156
293.79918480916314	330.34880607445405
69.07135590265223	206.83247953924638
418.93967647949734	44.63708506250332
31.825702917596836	247.3414111114952
307.85716025222104	49.69433744079668
178.696815199209	40.75665665231837
292.9385827303425	230.77554432194364
58.155243182506894	181.58794881399226
298.92861299588	191.19433180690135
251.64411709669986	102.9093327331065
56.241616132607824	47.17364202927027
176.43185476345357	181.71573280629804
81.92797144408868	80.41920215506426
277.0682284664886	287.1704854275684
149.8833224864133	406.2280953760435
31.23664431006035	206.78343611038704
277.80011294989407	265.52632299952256
87.83264413469547	327.10998910828783
293.1105601647606	250.98227013170433
316.86372013491683	370.7833935748693
237.93769418212813	176.1657399762355
66.63458925471275	66.5309045984256
20.88330366364535	171.99605038669296
166.56736773059228	419.7420299866705
386.6251331275201	407.47259927092796
350.0000673188745	418.18805127270895
23.47617839470098	131.1785225688515
296.37566607855547	67.12687570382707
250.80915921763628	138.7895674036182
190.95158818352	388.08528619856594
301.9357093033511	131.06875790589226
273.40044125096335	223.3918597164728
32.31387174050527	390.1584147309335
310.64541801763465	412.73985812588126
410.24667294242516	105.76641915735824
90.90989409861966	114.8471074574768
84.04021722612698	240.15896942515235
397.8696915319584	7.759047003321549
235.0610628630333	198.4086030446444
106.22675555209901	76.82623083136782
160.07128719187563	214.55318451406887
321.9208331239493	133.70814760702675
60.45905406317917	361.326644738221
347.38791274188685	314.93406147723863
110.7492898351108	155.73218427291346
182.68033788489632	354.2026507140974
206.61762390367443	97.00110362950882
279.2505481607123	180.06839126754411
237.77399378691308	219.02607099437864
248.22115862204657	8.432718878136209
89.31542413864821	410.89518278728383
272.6218612097664	246.30831240242054
155.84943021891291	71.02164985971808
330.31645784758825	254.07015826330357
53.928546070766195	83.14761289292984
316.0556539161164	293.3601340601805
300.2705943877044	30.932803969209363
221.1257411445865	323.25981325586383
1.0421272554853105	358.7487449554731
356.6162344197349	184.403021238527
405.8726902241932	339.3055266420858
105.41986914552457	227.28517109710847
371.8273993538605	136.0146819582753
3.958382289735484	141.0327301100944
411.10332443643335	247.52696312100767
396.3313378847113	211.91745820179403
337.3871496612102	375.47691416687945
303.09003991263535	348.3278390443776
17.59372289339088	12.408416387352165
152.3173329702432	151.07702316548486
77.43613561132327	293.4470200390458
178.1075079356994	204.99116029414523
318.77297218740955	66.31076387334032
56.09361361717513	26.88187955639535
239.43583762724344	121.43911207152179
415.0148379109206	401.2256641967623
390.70215297484833	232.00834406591576
50.404549341140346	199.9274185931303
19.700832706370505	369.37912617820484
92.98260470956751	10.764772989399383
218.5089868793827	184.3230698184802
30.051566095675856	227.09127005484444
133.23368537571034	186.51371181279046
9.563355122893334	210.77203927182217
346.6942835529888	38.03557100300434
183.45761410180637	137.46595782784183
215.32170518114918	203.99319409536756
113.43144785101606	301.5961389741348
145.92986834364427	229.1871102227571
68.6819697464649	226.79050680578067
95.41511595470979	95.18909023631637
162.66191396208666	241.08451546951102
50.3234636504624	239.95222182863532
419.4129554673706	180.10119915182466
69.35655746805729	253.8445684037513
132.31243862249045	73.32800597964412
382.9159412641967	273.4516376669438
389.1661331097107	253.2194580737155
394.08204856846675	387.92541144404373
401.81438153631433	307.9084366648347
176.03921842411842	293.66001185109315
95.79066593105397	200.5856511999926
157.64184431124497	174.4932462325927
226.6182312251632	342.3970219347789
196.59056771747905	153.18390343396874
258.9552775112431	209.35550187032922
234.91627454470154	238.82135758585213
175.51219804842145	373.80046713732213
217.28836975195927	161.90135078277507
360.44262164239194	74.22188717688911
154.38625339424777	307.6531112160684
98.85268144848007	267.04620982945784
100.61623009529124	342.6681330471806
355.8692528017223	113.28411248539993
398.1483766160711	170.77420366259798
42.80024383175196	66.1545854438502
375.9387414226523	112.54270761964995
283.4902570001902	123.47230271051956
290.7628706641006	1.4001734339629464
358.7741031042863	157.98217077718996
286.2443357326642	84.94701473566296
206.7934793544598	339.396641730878
0.7603060166008353	24.131542255752745
138.554628529692	167.1016123293165
217.2041406134089	119.7741503808633
212.26574069981038	139.39524497212656
34.060944935791746	305.2969065284522
327.96502794150535	98.27094260044002
132.2316998014563	359.0915175586046
147.82333353125856	11.955987559806893
120.3230578021766	377.6620770991747
140.1168629998762	380.46863172825414
229.6751635196314	264.9082010734829
315.1631078416051	114.55956060821326
210.82150852913048	248.92250374521248
410.6293354571876	227.3199452343949
73.16866808297198	101.5774692513478
183.63498094795685	334.1008463308059
133.75079778435543	417.83952418868876
341.374841708987	170.13187471762444
342.3821821530358	63.96994750605504
280.2593804324623	26.079089898707274
254.56655439165422	232.11567019857404
275.41967124646675	388.77173257934743
39.413453620896114	143.0633526105271
76.39514471955519	48.158632940435695
235.79470653575905	24.85135494273498
233.51167234092378	61.03147180905082
330.01155908671427	153.700366795483
290.521642627119	149.56402287428747
326.4733875779416	274.4380715663717
344.671986276413	355.3734433677724
197.247523178187	121.8869635772591
287.06303299222657	45.81070964502268
176.22945978607393	157.73033676860425
141.08615658928534	91.86865565505585
201.40228632440687	319.72414007121205
189.85111888036013	24.034009927304723
341.77312563504944	17.655212877893383
250.79177580908066	252.1376216174206
91.47355879703869	61.58919281537356
262.5995728998705	348.9476840124112
294.80931510050107	276.11631452520004
239.82158690444686	82.28111767869136
356.2584820432132	224.4982117856897
297.4218881466137	375.62937057489665
67.81989224979047	340.81981691874483
117.03271142351385	60.09165196206971
77.83990118458772	271.81742236760186
211.69879215372822	280.9036909071686
14.088808585642242	307.45871600846954
412.5230453963449	377.7828665146598
87.21916792619723	218.90552362532057
254.50854712510613	293.88053349302766
92.80222197715722	307.32722573939367
370.35672918063597	315.05433255256725
50.00030488804532	219.93289307702227
217.48315107116434	49.209183419030744
352.97290936641826	204.579537781877
275.4838421582577	68.07782464777334
397.9511870123327	287.55549413556815
29.10696233347278	326.89022836640896
25.39941306702494	267.7471363023919
157.38457560794907	51.13056369335478
351.0864924615021	244.26338164842593
78.75555173504397	188.77580791496544
247.99420835433494	334.92883730420084
310.0717321609764	261.66086793960704
8.879878148261326	115.61432004444161
197.95128280036604	214.53067300653603
186.6027182690848	0.21317039874608282
83.4579375763472	355.2960715669877
380.015264749825	154.48238141494772
416.4041092780988	85.6182091641192
119.77672931368345	260.06079441960014
344.55526154898797	86.46499685681239
45.32199221152094	162.90832404623723
219.7445028864425	77.08827726249115
266.98920442166474	49.625689714783036
414.0324327704815	158.46467626633353
236.91384034443442	309.9372591281051
334.2169403390486	211.4364701182615
231.0475136769173	286.9269994501493
379.8549653543233	80.92458195153569
111.53976586985138	183.41478336799477
117.14756341791114	281.5013208306505
329.3644933610969	0.7442234769771946
11.457500415185029	252.33411759774708
40.588411925807925	368.6718186315991
33.604867419630004	24.506494198665386
348.1269902250328	135.94859980839792
218.2521314089687	226.5768878024669
