211.49765472325407	302.4100125009436
117.66193001550589	326.5736360267312
275.7913261076959	367.1582090905934
135.86638089549788	322.9228261368691
385.3942886591518	67.6027106356998
381.716375119714	295.5477045342545
369.4219110825282	354.92834527397196
385.60588118754595	202.51669398277718
261.3705669568938	412.5713313059791
194.4471461082279	292.79972456388407
253.80528090682245	122.31736572968957
331.0787447882827	113.18149041104746
208.1055800151031	167.20932432427767
117.428917201001	345.40874605329975
204.63893686754687	361.2678411107926
131.3285110566024	104.11178153288688
317.48559362686854	325.91544451854435
11.424129585238381	79.25596110637676
322.8871326611296	301.54373309409465
61.48146201699438	279.898078927827
98.49973921108742	259.27503938463707
183.84527121774926	224.4962352131477
44.93222218884724	112.69418562364513
66.65843779862792	115.62606930067618
134.11474809181198	215.24021922447798
147.23866699282175	364.934562425914
83.46854911451906	126.01446287439599
316.7455016884899	189.45105960296632
353.5020000119669	286.5258599796842
344.8544802985628	263.6945199675345
89.02998543038275	374.8452599788838
303.34697314975995	309.91324731083995
180.8828835562224	242.81332884456447
77.6417779062775	389.7765733846369
128.5490186940655	152.29491969555679
151.96559441433277	340.53095189706215
325.71168296799624	375.9796347214918
398.875805883968	120.19117219404653
406.5998980330852	41.71260021112162
122.51160657658488	398.27276670068954
284.15916155566094	319.3832158698378
280.4878192744809	342.592304852432
104.58665085433991	12.909137133871049
72.33755979845104	144.10458173166052
196.2403117739426	402.959899543875
3.910317406588926	271.18250967973495
188.37534434926118	69.48641024072305
134.87828530452313	346.8542146022023
50.37017570582103	331.24609396695433
253.8273482158578	72.00722231052632
47.02718426826303	254.12972755566557
12.773190559397712	409.00366010632683
379.7153455685022	390.339366731029
332.66801370432717	392.6789843919672
273.2598652671227	101.15487203668111
325.6749506585669	356.68573747818516
147.9709757259875	116.00387673475873
174.01936356103678	80.99746894397842
199.0816513034332	241.4913306755658
391.88072916195733	320.3372845144279
418.1990118128811	5.167403087574768
233.1072900472841	4.888695000170203
250.84499158324067	159.97497139649002
20.029561320427508	345.2433643523739
340.3488038219083	330.58954550624856
395.8066765924361	99.51525160298101
33.025257516601094	418.14150663184273
258.29581925259805	311.55672595026476
26.989910480675523	91.30771198883353
257.01711753735526	27.00950161854998
113.34907049253952	184.02844051876835
312.55358969382064	12.452907732271036
394.4023863531789	355.3431765776191
390.7291772119575	33.273962541338626
365.14554344954456	263.58520260095014
38.35136636566899	400.1786586881885
379.6196285397105	19.386073549808323
137.6297948686548	135.06446135893842
183.70991066707208	275.05828054926565
304.3545934141563	99.78441195510739
101.62006424123716	124.3228746846138
88.38324943913271	24.98152113459451
7.134998078530806	291.96599398132605
165.43098010777246	121.69872825405241
41.158584902479056	186.96797254173
144.12048944694507	256.4003347975343
201.1027178237311	26.42037461821046
7.265967865598726	392.22390120644366
21.490152170970184	143.13782061566926
416.98375833008356	128.1783110424172
95.62647975393895	182.30115310535763
160.12643033344128	36.29101588611627
3.4759938550148552	332.79747912696484
371.6461585481406	55.01547641308116
270.2294305374221	206.14065908386627
165.66278733187565	395.22832843522644
213.5795584089065	405.12311271815275
114.43921223654047	251.93881014788815
400.3662264456935	303.98541224286623
253.04869508987835	396.1844854068972
366.5958446295425	373.7601256241818
49.231110261035965	5.522279620651625
30.87014108149556	72.07182529270172
156.51959834284537	184.19999882841395
205.7359072537517	387.2206534738884
223.54622505508712	98.84720641362762
373.7138562673206	165.8340177905976
56.38230286591156	297.40750688374595
249.67028451696947	373.73774872858
53.79740060824031	128.39988329236252
134.7858988164451	275.68485219778313
366.16548758201935	410.3643514654273
317.47129439208464	29.15394562559655
414.9382937719721	352.7387297923239
378.08082135670145	334.00217557899646
41.932836568275086	315.1905641542216
42.9360605846133	273.90663272980606
124.58226580102401	21.400769903963575
14.367181519664255	57.42779109337545
176.86786085005608	409.50951097342954
161.67391902735505	271.5568249067242
191.2109863586789	374.2821243297206
363.43309333956876	96.12834057402198
372.2319854474055	35.63964843475363
71.87824232789819	370.1010700203219
394.21835608706226	269.43272083262184
153.07066267105853	287.6862130760515
54.720091839691186	388.75776009311386
40.10740270248506	351.4489816988774
94.87362317782676	163.39293425346628
107.51496861074365	408.64157654318427
416.4800785995233	196.5150131375444
245.3000956756826	284.67989708450773
269.20798092100677	168.62837228650392
119.55844536632019	76.64943639744659
320.05820133573246	86.20725607234597
198.65968016961526	264.0774882935873
65.90826722826587	161.8587817802435
21.122987273114305	183.31350385524144
235.11723965128704	67.75024508293004
191.53096212583944	174.77359960791
308.34959164230287	169.03389021364535
162.66594115239306	104.4749463987836
159.75029570030256	322.0179814505452
24.72909789043105	282.43212322372517
290.4045808795486	409.11681680832453
235.29118225716135	133.14119806678025
239.1951217757711	42.65188050422848
150.10978992564313	206.89529002366862
335.2950474388017	197.43616094008814
143.79491027369673	28.84955403829631
34.49229201300325	52.02998777013299
6.283833031387269	96.92583745136191
162.3877061399848	355.47117533497084
261.5800387052387	329.3908290813987
21.786325903637923	37.98068586500665
391.3411971285032	50.71696149020835
63.79485898885263	405.1547559015429
413.3294770584557	64.21182636223692
271.7940831344935	134.4815436370033
328.85138196302904	48.09142175083127
69.61561036898122	308.847358596859
69.04458281796235	3.6838724722854366
213.94132470943373	13.875669476944678
329.46227930387323	165.66150010882993
232.82803110018645	406.62726708552003
112.05120855890912	109.19995366988643
403.0649638367481	139.0039641888699
304.1752976158017	206.68606578787404
92.50627834913922	43.64080310877883
254.33591533357904	187.21191116920718
129.77751021725356	40.8542423549904
315.4118180056717	242.64961148729
270.782480127911	10.754634820731608
158.98966158066645	137.8123776972576
361.12236844361473	328.86416255241187
357.0191457306919	311.8461596232202
102.21242922056798	389.48851857800156
233.23863574424425	366.0108304829539
332.05126763983384	226.73622095612018
311.21047428478266	149.94289690006022
130.32955529136512	302.7163364587117
381.16267577389743	185.27812822357285
373.92578705133957	242.4464306417252
95.85224985229151	301.4934493296983
399.75859855163577	189.72271399906205
112.2493600658955	38.907624598376486
356.6699471919022	395.47235202905244
184.76937239121384	112.63282239440095
10.887620556099105	235.21401505230065
123.34921887973293	122.59355150743649
224.36407742737117	391.3495108705008
186.58446694195217	51.69166837515713
168.44470463485735	55.329377282406384
107.31831554520879	370.7994941953178
322.44444527102667	209.3567136782228
299.9457190054081	329.69762438861426
70.01248652085431	210.51286198679983
4.8117775081889445	41.794408964705454
27.14373595080843	246.45475251412662
300.4433148658798	49.9331784647107
177.57759066352358	36.7164507480081
295.4302537860564	223.31833873696647
60.943276322210295	182.06673702834837
292.6150132227679	192.67444925510094
254.05478863943958	101.96958345487838
51.08974177450869	46.539707629609545
182.13491874136076	158.50133433070985
74.06653813765033	79.4931108570951
285.66134599369275	290.46785201315555
154.96949106804547	409.7618275348171
31.282059358602417	205.834004810306
268.6233426822049	272.3399786299116
85.22719314273857	335.26452072380664
294.29930699343606	252.7762486696651
306.6000609727011	365.67731282896943
241.23411690511102	175.4578021703508
66.16718832843313	55.91655361558535
20.029012134089683	165.41446023154094
168.16873264217406	4.58248308339958
382.60934461628614	0.625151443347288
351.4349558045225	2.662838762922531
34.17224727094465	128.38650082088725
305.42762121717595	71.31384984293649
254.30355555254175	141.19314322176032
183.23841025198166	391.1335433229897
288.5770406929938	140.21429328870576
278.0366228614332	224.5989856180803
24.784510526974195	386.754111022449
323.49730368544516	412.8731322031442
414.0126117685994	110.38396916400553
87.28279419188596	104.79400012083818
93.76906874221866	241.571923964676
401.36973818944796	16.472897520817266
237.18555667897118	194.63360865416035
101.96424445246471	71.91485424103968
161.2632520567903	225.41269687961204
325.8124241100824	138.3562922413685
62.13452789060951	348.0839480889184
338.03538669041166	310.75121961376243
107.02059991520738	142.99038782649885
181.5079819711277	359.21420376360703
194.7508623486453	86.02942797310355
272.6237063882399	187.01606039358202
234.38037039314617	216.29457263149493
252.8726765561523	8.97929035061549
87.97575813315116	406.2221340906788
272.67252655834216	251.92687090009662
152.93836699028674	72.66146204876206
331.96696587781446	251.5105139930801
53.112388343864225	88.2042502942175
308.71507938018726	288.91566434459907
299.01316754622394	28.659784322316195
213.05786990546932	325.8502862665481
10.548252026028926	361.32112352463247
361.9827672209887	184.63647483916293
402.99735178886704	337.1764486914523
112.82757129846149	233.91172345940254
365.44126674299525	131.63057649498296
4.066546496510118	147.4798027113356
410.11849056762657	248.53038802129103
401.40406089377785	210.75294798091304
341.6343512945675	368.4518607465035
301.9438200712861	348.17210711865806
19.344382006408967	18.70336675414106
148.09984681174967	152.378354557842
75.446190459616	291.54874942137377
185.79858954068973	191.19808464480423
335.29943434168894	73.74282857705697
54.17481717114799	27.18978662560091
237.91160702570895	113.62931054149183
395.8798800224818	406.32402948984753
384.2775282986955	223.05928035226702
55.95272441177468	199.4358966176077
27.339974325174147	368.3052961795949
89.76957792187441	3.6542097700309153
219.86997341438064	181.53923614052567
26.150614939490158	225.9664476880458
132.24667752559944	183.73668436520606
12.907122966595612	208.74875559365947
346.1504839252109	39.92607237391121
199.6093900029901	128.6527368512385
215.70085776327457	202.5014109475062
112.59418551189533	309.4311281992038
129.9386455681848	238.20188943564807
78.78281124902514	230.4251794130178
107.4009286824965	90.2405883071151
162.19466751294686	253.26579319970975
43.52944582517949	236.55547839819891
0.20313725242463537	176.2876222525008
76.54635881853606	253.06070829706894
134.65409786295902	63.918067723404825
378.6121107527189	278.40369379684296
389.7323735650205	252.27231768597434
397.2556861414789	387.58769102696914
413.52180127527726	316.2498860647838
172.94945733135648	294.80809904538756
102.53904706419871	199.57194857382143
164.95347843016222	164.61566694980894
208.0581869039328	344.1968951897901
199.303410570022	146.85965169593192
251.868350255596	207.09690742462345
232.34966208175052	239.91195868579246
167.18126241871914	375.733047837771
232.68905915872395	156.6256594957967
367.25881741859155	72.20930701012962
151.5446615544682	305.8426400245876
95.38831895053	277.55461386210516
99.14061715674733	345.88858806182077
348.6778940483947	110.54227967833666
393.1840194370433	171.75154033492302
48.9237585235594	66.60172232803352
377.80344407922763	115.5521642858352
286.4965977408342	115.23067292977598
295.00879965962287	7.114493105353546
356.23177583017787	161.25433989282163
288.4300559578148	88.72895743311784
193.3567117530075	334.9191761868484
419.26766217753055	23.97385332600578
143.43497866209273	170.1400432861883
215.9036521569396	121.15045339380399
218.2721818240635	146.55825813204456
30.48021241165308	302.0439773473205
337.85462408415964	94.05721509891673
125.01674214678043	363.4601953665802
150.7494191988112	7.331321279554229
131.73737249441265	379.6113092723721
147.96989332286464	387.51030000580556
237.48916551977192	268.9516643241872
309.46655778624364	120.78452749597574
216.23325976308405	262.1667690445954
417.54991587995147	222.74289278964795
70.02364306782684	98.29534101413465
174.58123313104954	336.28904780778925
132.51769314233164	3.7777017498235668
344.0079829227863	178.9025426801043
350.6020368989634	60.43377430016161
280.84183931805126	26.786053745825097
247.91105204793004	229.93291091912874
265.516359610919	382.50134210847324
39.968091228626854	147.3292933511303
74.57835061659756	40.68434651611724
231.90789913820373	24.068051530336273
222.01928233220232	54.735019018151725
343.81478760831254	147.09679818318187
293.6720257709345	159.5709556005161
330.7940267898406	276.8513388676143
348.5582906920554	349.85205595144157
203.6020835803201	108.00814446041575
276.08655103228926	48.90476101365718
178.15333184181463	138.74195715436502
140.10246886583644	87.76370964733255
184.73060176728126	317.2280949537022
180.55486677443452	18.941132927880698
350.8996646997753	20.46763068861422
250.2272546508388	253.3905449858485
86.53266276139654	60.711080933510885
254.36535669189703	351.6587703475254
286.51302916622893	272.4770600031867
236.95151866053934	86.91105557630057
360.9562147449751	226.38782408022198
291.856953325211	380.6206141871444
68.01424357597288	331.70761301468366
113.89303734531266	56.880002953503066
77.56989172730243	273.16759024429666
207.84188343805053	280.4323143988866
13.737983351622843	310.7570310007971
412.60812462612586	379.4456927520776
90.03577244932816	215.47577885507374
262.4566358253619	292.3982363815826
100.02849349883657	322.8398404546913
374.9498054290611	316.3314192355906
54.824823309995644	221.7855464681378
204.5158147239157	51.570187627160834
364.33801336364036	204.01054974329136
273.37601129053365	71.29894644258788
406.86276880046154	283.1106562544542
24.986762323104376	324.7214525359603
21.92106077112446	265.2927580452088
150.1045620953746	54.03562776392599
352.60775529591945	242.21737157743013
79.07116923875812	191.57104893132993
225.93713110528878	313.25557765231736
316.1301603261145	262.7323269229671
14.081956511377536	124.55181701351995
197.9348140431551	211.4665878702494
197.1935789954427	4.738693714582932
84.77698458098385	356.9911016961503
379.7057596278064	149.46904731229972
408.55488959232645	81.21792070716145
113.19975762673499	272.7841679156455
351.77004078281743	82.62656652552492
41.75742058334079	165.54316283376363
209.03855635446416	75.88299736478913
256.92879448250306	49.48526030621145
410.31342321949757	159.96119729021115
241.61215297335872	303.74016988063397
345.9625534270762	211.73636886952198
225.6648644996193	288.03820546672824
380.87556900612327	87.02979117487561
115.8759210917288	166.12710355985467
117.38698125743676	290.3670148065712
332.66280641085893	8.277419205864625
7.544801417038287	254.17793341908578
44.128738280779544	373.5292551171552
37.28046284298132	20.837988443184788
340.97520797044814	127.78945501567758
214.47973120744493	220.85610512980645
