217.15084405917932	302.1556778344436
109.53825514852447	323.3809492825274
276.6088895342693	367.33471319664704
128.51876162234836	315.383253373405
398.26087565412513	73.30210386340744
362.24242782695984	279.0941867144672
365.8180022520012	350.9063704429748
376.82182191863194	216.39197363587112
269.7330788421549	406.1131722980582
195.44881081665767	299.7792240343836
260.6746529502962	120.53708782462682
334.1063281998552	118.15604054645961
202.38362413832985	172.92264081736707
122.3024049520826	341.22195098486117
221.98418960064814	363.97567966173824
130.37395014921276	112.31257773660707
314.15237886679046	330.90727445377155
2.378078120755264	66.50354700809864
325.40189418388184	313.5680490956706
59.03470792938085	278.94178433295366
104.01836783029887	247.8650754991316
178.05713424597624	227.25505030793457
51.82864395755507	104.17843177067402
65.9312765907111	120.58405347079362
126.04360014810561	221.7854910504293
153.02362815388238	365.5621075224565
79.63174537926868	135.829293928788
317.6181854025919	198.64604142354483
338.4351559149019	292.65931512843156
347.2163189371236	266.1953492168808
96.70838424584672	372.8192050554839
305.2680171298978	309.503268282644
183.08025126648053	251.12759733023438
86.80312184313337	390.83947857324983
133.55057034320276	146.84484263513457
163.27358618011627	325.13349211640775
313.5049762359964	390.6953199783415
389.0428524901536	127.9483537828168
400.66430162115245	32.173267864220506
128.13571958088343	397.14545572497815
284.7164690546776	306.8308687866638
284.27942730479316	348.8067115334479
108.24364351976499	24.064603109789385
61.46796583077129	143.7768386075105
204.5708337831163	404.8815020023151
3.686136267591695	270.30265976805003
199.05959569311463	71.46545468181611
143.35699544748783	335.74295390050617
46.28541576525167	341.0575688596334
262.37156129015284	84.40162302045617
46.310817689498016	262.1824434807967
13.170349715191687	408.24029992405934
372.1617303164492	387.06934979210337
330.6165058094893	400.6658007926434
274.65519679833966	100.56719996518383
324.0635831293096	351.7857975736971
151.34409242686712	110.62648528131731
180.68458350517062	81.52244828384563
196.9964319904702	234.99913953765798
388.4379293032462	325.59306505656065
416.91224444545213	3.8667103122929167
224.5177933028883	0.36085660637108213
250.0611148104199	159.51428818525108
9.25826883541715	339.2136959025176
338.20980319791653	335.3758400841063
393.6514866624243	97.20934195579503
32.999836188837435	2.316579580135835
259.464465709835	312.96403120942983
32.11779612469817	110.49284805482272
256.2469758472909	26.272573785034613
115.8668216609986	204.84987052479235
309.30125505539627	10.824081537833855
380.4575799645641	365.5527767113616
382.3783186848122	24.35558714567304
368.91577072970813	257.6615163480762
43.131840509716405	404.9517716895095
370.80426918631946	7.224922287732458
143.7241969174779	129.9357616058755
175.00522380452765	272.573581629704
295.4483311382267	104.68867947766965
100.00045989435918	134.55679185488523
76.72515200193342	27.024747362133848
419.42787994949623	292.16003944465905
172.3556741854923	116.90264584114469
37.835073430083874	183.98680458679397
139.15804239755178	254.21388976274585
216.00778064194162	26.906869693013803
10.335091144927704	385.7516718699224
22.773593312650867	152.93559361884385
413.62270603275067	124.93881391513186
94.19948748367447	175.35166629828123
169.2100684548888	20.34908958530592
418.1850464118263	322.60605618632945
362.2732051431976	52.73474874803929
275.6545810320647	199.5304788722591
161.30988218396823	387.63775961703266
224.77684255434022	396.66480931014473
123.19204727178754	241.70037622172202
377.83390593349316	293.282513826325
255.37837520775642	390.5178471811473
358.14706707413956	369.7380308912948
53.07802280848975	3.9253903745456498
33.24946937234786	85.30236275398545
161.79862402139585	193.44184587149795
210.94439955979635	380.35000118121684
229.08602321065115	100.59511085052961
375.7020229683379	175.7789423699381
56.74791172646755	298.8828443892375
257.11451018474827	370.7545025808737
46.264402482356324	124.43165237812168
136.52735385682823	274.50089518828275
367.46250201756857	407.06402600754336
321.3125121710694	28.96799574974821
400.53461498275385	358.84200104375975
385.4483223764494	346.0862974342487
52.174224696329716	321.1745498946831
39.376116068019144	282.1438621620858
127.23489707326641	18.02712902261554
20.843225148542476	58.81154460875244
177.4154660279757	402.39408984329776
158.39886739091358	261.6318584511424
201.7918880344064	361.36612690718357
364.0481852017591	94.59766659895381
363.7939780564055	30.994704181284455
74.68564355927916	374.2544845773754
404.0073900865724	267.2472239269603
157.42488168493998	284.0704957164687
54.685876720147974	387.4486746697003
28.309825647826905	349.9689424824017
92.18989817843162	153.8527369224973
110.24515135491166	418.82034964445
413.085647848688	196.59855837143593
253.08724103543702	273.4811693277724
270.00226150049184	160.96576425368198
117.37707260962529	95.45255533521758
310.7373458660378	89.00114981921885
194.74380471433156	269.3064916396368
74.35541225481663	164.59589907930118
16.04537768346107	193.07116015531753
252.48322733470928	66.05096960543827
195.22935977294262	191.73657858533892
296.720932653365	169.14302656822315
162.80455941598407	92.92528261947274
180.52694186950654	312.7517696974152
20.165190259181113	287.48261514121197
293.3537267055454	399.67612260950835
233.5795887116305	147.4955867880599
247.41759614719788	46.12617385835879
138.85304323425922	205.63583916023924
335.90846717538284	188.84120576809894
147.06571492089637	29.147359713643326
35.01999191995484	44.852166347959034
15.546263032794537	94.31293411517848
163.76532484936297	348.63365668763106
271.7363029141537	329.7112003995063
17.04634724909396	35.28540668006691
381.6885578088517	45.683341072907574
69.84190327832336	403.6487042820812
400.234380966438	52.43509212149943
271.9221252506488	138.73507174455173
327.2213417678592	48.371776103508516
71.90425091571741	315.9141923554243
72.89874987410533	4.5406227666377905
205.76914570948094	6.7189596792200375
317.9910261564905	178.3126053342088
241.25747483266025	408.3349840343369
109.52597580365365	114.86312360725849
403.1152378580347	142.43222600302158
296.50684376652964	211.11852704602032
99.20219414741898	42.89038772094247
257.2698501108239	187.60486185426015
137.3986690797021	52.037734355994
313.5639238707	240.04669494070112
267.3585036463333	7.282585839833832
163.9220259069727	135.17764213838964
357.7812194321545	332.5580397511742
358.4802951300848	299.4708898632386
106.74926978344236	395.5270105863461
240.8853157545572	356.66124380450407
332.6475384132236	233.13322404316608
309.56156276163495	153.30778035947662
137.75327844462353	295.62848867844593
371.2200459244929	197.26235625111107
370.8116098758003	237.78333836668494
95.49060202473474	287.2320795022968
390.60066826318166	192.17346849127577
121.60576328143352	40.13175764585005
349.85670195193984	393.5026172789319
185.6601603882413	102.12074089883384
11.8656501354198	230.92768239285655
121.59750974990492	130.98472906601884
238.4668436626403	377.3408821163766
196.61596420513715	51.790724107610274
176.72643529340817	61.50965911740886
112.88010020614429	359.73527190184836
315.04667281186056	220.29398764128203
291.7048353746404	330.10347943807955
68.89047560317705	208.21739234341126
419.291096023067	45.90256890666306
31.761464594516042	247.88093833478405
307.4373541412185	50.70251716883584
179.41760803728727	40.27221200090472
293.18874586267856	231.9256067273255
61.14408360688526	181.25004483286554
295.93645309250866	189.31092972361174
251.43699914744352	102.39783285250782
54.43915202100723	48.67625833045954
180.2094138040813	178.32497105742684
79.67009230539884	82.20867353958104
279.2386291731719	287.2684941425853
152.08248907211663	405.1994669476833
30.466259242025256	206.54912234883224
275.9758949091606	267.1890072964904
88.72143338581107	326.74859912917805
289.7498595432135	251.8834642689444
316.49133139578635	371.1213907685145
238.61295674138546	180.18637981801677
63.88619661491733	66.62098342011829
21.427585728524036	172.7341702162033
166.24430429365938	419.61560606377986
387.3033936984161	407.6994743978512
350.3538384815238	0.5171322248065804
23.411207959943017	132.08813862690926
294.9486381410728	66.28388734886498
252.09649455959817	139.26559539306976
191.1430860366266	387.8831094139802
300.8528190510343	131.0158956745752
273.38335687212157	221.6108183580005
29.850675494475777	389.5677737461885
309.6804827930257	410.7962879180443
411.93818577832013	104.8263356053985
86.98385264415548	114.25889781555773
86.34521643655778	237.5996460420286
396.0513834166865	7.73791592678676
233.018944145792	199.91244614214907
104.21115974184487	75.97407592205235
157.34521290635303	215.00238627859784
320.7495580623037	136.40646771278202
59.72478853892672	356.9199142237293
345.92898242072175	316.27143627836574
113.77192480132268	153.47377252144037
183.55292653201806	352.873859847278
208.883380448495	95.26187485384943
278.55380473164007	178.75208380008874
238.5781629555277	219.09190257936285
247.56980838531848	7.062109256142163
90.78403152874345	410.77862908193066
270.4325860446141	247.76365839834352
156.1742223382694	71.2891782060484
329.7594665953171	253.02885520660288
53.41103476128029	84.25212225415781
316.9498488440556	292.2767545890422
300.5853718057381	28.841570712670766
220.07463953605603	323.69921796025636
2.5181572938787937	359.7713164316783
355.3888827968518	185.1707856949614
404.1009143521645	338.11851148165056
104.94415156950213	227.24950694932045
369.66159230991923	134.42347200406678
4.986355684347865	144.07255324955347
411.8535495739983	248.88086927196696
396.8405631109329	212.076139638747
337.2996854287516	375.48284144330194
304.14849622343957	349.0680781530756
16.898076285877007	14.246293482912947
153.1551501772098	152.22891680183668
74.99327167175761	290.8174871297531
177.01526975358144	206.1881611935902
319.0496063056351	67.93563413994883
55.74484510739432	26.41948943780284
240.11066049221463	119.90578286383236
413.112716481686	403.6533193701518
392.3692905072952	232.22828036167684
50.41304993990188	199.6201940195702
22.44452458668619	369.09893206546025
91.80348782890073	11.35071966382977
219.16958845456057	183.74283353982474
31.565136124239842	227.0632481043334
133.63056822805595	185.3319902776046
7.215285274805131	211.44455465528867
345.3443618190267	40.23848867514237
184.00919224456342	137.29336149244813
213.6787692119815	204.3784591076825
112.76838121140379	303.2502085515383
144.69645906223374	234.97188075737645
68.0610114108934	229.63651892245903
96.26784681317679	94.24411026611729
163.9187087922838	242.66315155277812
52.248549270832775	242.57650382166025
2.0537245651788676	178.51192627798295
69.26052385142832	253.45983957086708
134.55458018275942	72.31525488089525
382.1078822417085	273.8139317941853
389.21613620446783	253.0200311239882
392.1719096026241	387.3935868521159
403.5198354999984	308.8707203485025
176.93005535357386	292.71996337653957
96.72556400184756	199.2751579743582
158.8244186497031	173.3438151967445
225.0538071286981	343.6513729145449
195.85480703278915	154.23967864468116
257.51035633774075	209.0292176737223
234.8062378760477	241.1082863921346
175.00714550570487	373.38837702420216
220.73611838239964	162.7334662721227
360.5194585782352	72.70017303458648
154.0534210602291	307.52167824106584
98.8277783435582	267.4499640453733
100.72887907897196	342.475514027078
354.19514880818485	111.75338081107955
398.3846486292321	173.93114488024395
43.33357782167753	66.3736007706932
377.5766787064522	110.21878851423958
283.01971805056974	121.3580736177131
291.3299896041587	0.3483840127943602
358.9052172908996	156.8687259122348
289.0889886416157	85.52809416682504
204.04878607402887	340.3834852287945
0.1413836429733212	24.915895691380857
138.3063963749079	166.16071114739955
220.38772050205682	120.52624248844216
214.171301467692	143.42978583565608
33.512853300518294	304.00749515154286
330.4650957340864	98.18371603186579
133.83491123941585	358.9920613083982
148.3362154557841	8.136034225960284
121.73693349659142	378.123543007066
141.97422423491318	382.34150854805375
232.4619503771469	263.09581392439355
314.48187518607796	115.61606664325159
210.27121604449476	250.0780390668997
412.10071357842816	225.38123657296774
71.25964011339998	100.44031987343392
185.13030392735683	333.11131773564074
131.2182475677092	416.9717202027973
342.92969460652637	169.7724594780692
342.1764677688764	62.550306259981035
280.98195356662944	25.248865903051396
256.4877344244618	233.2333957924892
275.3988962015318	387.10005500365463
41.38296678372085	144.40694389763195
75.18765647067266	48.83220795055622
236.39532408572416	23.659098590732597
232.99661223269882	61.49408147809707
330.3389340706821	154.12737981865254
289.0171050030709	149.38879422983496
327.40289556285654	272.67451752423773
344.28699842391745	354.95445798887243
199.26876453980515	120.1717637716194
288.0826165499766	45.79614556647618
174.60011620880994	155.51455728423147
137.06287692589498	91.93940196883621
200.36798562590045	320.3778525376758
190.1398904955169	21.797597601544492
341.39050856003456	18.294817311778733
251.17690529950642	252.83197880421707
88.27094890101256	64.22048317463322
261.2905405023598	351.13578415673175
294.89654616425264	274.97350758493207
237.7382062185338	82.78257844589906
355.17762788548583	225.18471281028565
295.31812068928673	374.4359597705478
68.16679830619923	336.4344010389092
117.47946712620644	61.338034893643936
79.27800987141603	271.30015167951376
213.68065133946686	280.0561437183962
13.827390234736407	309.4706237146136
410.61238710584485	375.98933571956064
87.54277480874543	217.5447323918313
254.61380028268945	293.7669666207814
91.87451296694249	307.02830930544866
370.3097470212954	316.95626882956566
50.46399138408136	220.59434199054212
216.74533017386807	49.17455491897979
352.4183431386538	205.56648658936902
274.5767902622567	68.53033407204627
399.33872593576365	286.9354333048855
25.901777056790028	326.146876739912
25.06878410135361	266.9397132411008
157.40814069027093	51.59770076771815
349.8081011049278	244.51689508967831
79.11750733211436	189.90307509354886
246.90190687592673	336.7616205160345
310.3351350087874	260.82985696107284
12.095358701359881	114.26711293233485
195.83342533558397	213.57224692319917
186.655727337983	0.5092292387208781
82.3564971281424	354.57042140414353
380.35383043342785	152.87131885519665
414.68866177753296	84.95980734155671
120.24386285036653	262.0105779096422
343.3874161446415	83.25138752679993
47.56073227311124	165.61143211696103
218.12789416613737	76.99463984760068
267.60254802463857	49.516061006225954
413.1356370297337	159.91533656621763
237.45338765480508	308.3048352415531
333.17977679741944	212.23016519841448
232.7710647475905	287.1374651947179
379.5309552194424	82.16110958564192
112.16928034131278	184.25103543222258
115.9724788649694	281.8923864267683
330.252391591201	0.6548636552182359
11.840016425611315	251.55709508228733
42.17994084968137	370.8504198728568
34.38724270732936	24.889973252052425
348.79043317330274	133.56786691913805
219.54775961692704	226.3860734484415
