210.8957809849466	299.52825910123727
116.29178927219981	326.85713972489185
278.43152623824506	362.6287960209477
140.03115150540782	325.7810996999124
389.69180651777174	71.25080289775316
378.395316800217	292.6065333411294
364.4360492238095	355.35280508929446
380.90734425663436	204.41362501017883
269.25767040714277	407.822196591012
191.63801874640478	295.69532128623126
262.82951115533376	119.69516619916389
327.85164241037637	115.06067201679508
210.435913437812	165.29705435499702
118.95214906242344	344.8259400243612
210.73820147734446	361.6737548226578
131.7055765718094	104.19473707669009
316.8946345179901	327.93078494920405
3.485193429301323	75.14840838626293
321.6778500187537	306.05159721585204
61.730423841812154	279.8773785939169
96.01489105531492	259.9490606765679
181.93103036141795	223.76241370338792
47.681800474119456	107.74174072399208
70.1144456335128	117.00401497048496
131.47049804229607	220.37476083560057
145.4661112464617	367.224189209036
83.93642333769169	129.26969286121525
318.05570393858915	191.36114995614616
347.77109075190236	288.3732178520809
345.8322331213786	267.300932140926
85.48135310525213	374.79967899060574
301.53771725308656	309.25358089086563
183.4823680662236	245.51770249383227
78.13610641196524	391.47149281546035
129.17937687253894	157.64885215544305
156.51996276108775	335.95684393508714
317.1756440794917	381.2686240055407
396.29143478661246	118.69767374855986
404.3220890761291	42.99146623133939
124.57048022904438	399.2972624277369
280.40734246735974	317.4227643081879
281.0912417347337	344.74022896004897
106.27402549457888	20.045057174874724
70.74799068878448	143.89881417306543
199.10207688846495	403.154535053598
4.9704588216260985	271.62731100279103
190.43780352017163	72.60949359561481
141.61417661802486	349.0107230593302
47.54715148058575	332.435744150308
255.5241123468579	76.5980770271988
53.56888149193394	256.70874069359115
12.400812522797139	413.6675265183292
377.6602651678968	391.6558863099436
330.0779538582356	395.056226807496
272.31999380676723	101.1433629410598
328.52599440665034	355.2650641483664
148.49784092257886	113.15030017320346
173.34902248381925	78.52047761985595
201.18562674809002	239.4184599108533
390.58309830382086	323.12406945697285
414.0502226625904	4.109814246928013
232.66453085929933	4.4026580285971155
250.35302900166795	164.6328593264755
20.23878691689258	350.3162091790488
334.7367080260534	330.55414132344157
393.3052017444052	100.29696030994364
30.636642534277343	416.0354264187351
261.75662258113	311.9875167175055
26.302029514112405	97.9020407567154
262.3368615166289	25.100917298474698
119.76267784957876	190.7105443695925
311.02254181909444	10.137228668455927
393.183337035343	360.03718084012587
388.3466925275219	32.546334294307876
364.22309219192584	262.09026727595005
40.5382309912761	399.92873139867993
378.7317265658337	16.197293867954006
142.05689783791846	130.74907113461282
182.9918133828479	276.7335987580608
303.70014783749104	101.4438232443025
101.7693600078078	125.62515950936287
82.60223746469195	21.78301575124055
6.317119369040649	294.11286260220794
165.91558596355773	119.28368841356337
40.542231089209885	189.5590736405405
147.3809148875212	259.71998596771977
206.77300058064927	25.744371371521105
7.056396328224997	395.1445326460989
23.768226317733863	144.15846908163567
416.77663060370435	125.89859121756506
98.51665468219669	177.15441608283936
161.14882085771362	37.00033116549427
5.463524924610561	331.9690054337039
369.5605452285305	53.93964671717807
275.80605508347804	206.39180308296451
165.77621285148575	394.7529780396439
217.8368836611899	409.03237284857363
114.93076094624945	249.01354328542743
391.61931453597447	304.93340049126135
251.85213371876665	394.27335795850735
364.75402342413406	376.5736462220389
48.09008118343996	9.66705322891083
28.603795249932524	74.83226893514623
159.43166090438686	186.32693337574298
205.09506731491868	385.7888149599417
220.60785496461017	99.00873106382738
371.17688552916127	167.3976332007613
53.89129412180682	298.8306766795876
253.82873230537498	374.6909829472204
54.14016024315246	126.47168452679543
133.50479317618706	278.7341259807393
364.9201946809597	407.88212469810713
319.7673723437861	26.37910686136529
409.73296696916066	352.77315527279336
380.17192621682165	338.3828233290548
42.143790131088934	315.1965361073242
42.77793229340603	279.7968578010819
125.72160420929715	20.79808765064789
14.188580637371148	57.11793091774827
179.87428695968768	406.71982782741736
163.99777674480134	270.07699866823
193.90660552600215	371.0483744887332
363.86739339661824	98.4164661003819
367.90954159044486	35.605325753818704
66.11698168807526	373.45988367792813
397.25341292200557	270.5229610603417
155.03763189507632	286.02250188414763
59.070077856289984	390.19773820086704
39.04112310425115	354.61083038847056
90.70842970865137	160.5403225679068
109.85387572868947	413.55213301295805
412.0276649454559	199.34578471970875
248.7928742844773	278.74712130042207
270.1784867201073	164.10282917620174
118.05668024004278	77.09272608408787
320.12856921957103	87.99107326177656
196.2779111475179	263.4871091465773
67.92514524708803	164.614500315929
16.351466991567964	186.9464749279415
240.48572112919499	65.59444740537172
197.63349647779026	179.44810703139885
305.70654770823285	171.48384287698053
160.47108004336928	98.82850825323459
169.1848619267984	319.7665975017596
23.421046349854766	283.2388535778645
291.0338637202945	406.98725643390077
233.99876059264642	137.89074997824196
242.06522370644325	43.26018220098356
147.39032304014492	205.7633545352553
339.591816295861	196.6520245337244
144.76319448584687	28.81071129778055
36.21646788199647	48.98772565660184
7.6250156964464	93.8067534697445
162.74644644739223	353.1571077782988
263.71743441056464	334.2789632628547
22.065611041529834	36.412500827898846
388.53459732672985	51.8205542914096
65.46447039927537	407.20958648859823
406.03679006780294	63.19550030728459
275.1847706556019	135.95023362415063
327.8529136299783	54.445058452684776
71.03900677835786	312.79463293486197
68.01922083179932	5.348341141493747
213.45624001298393	8.826075005027349
324.2418767242456	166.0755246165135
237.347331651621	405.5484207739925
111.20772633400078	108.57426685063363
401.95558553660175	138.88901302316495
294.59843131706907	209.97112674757628
92.46980676412744	39.681885823384
253.15428167924165	188.62288999889896
130.28343124103253	43.50339314553718
312.0751391868613	244.42879020915134
270.4154855882459	6.454376508457311
159.23137800030733	136.50207349885497
361.5277489513757	332.5606642393357
356.0059975127448	305.2852406019848
101.72915710206138	387.3277168191767
231.94647281733364	360.8358895968008
328.8571267980569	223.7551918044301
309.96376758873777	148.13200391786086
133.16201682219182	303.429743390243
378.35092157885384	186.16215038872957
374.80436768786257	238.09222975689315
97.1415495780284	298.1640790571219
397.03871290445755	188.22456195481843
111.41273538897647	41.07704165538741
355.5112183583226	392.12755611691506
183.0962439905679	111.28532737611806
12.876666636251148	233.19699917104649
123.82228817973045	122.37315559255006
223.49836536207442	384.38268428379973
188.26983994957413	53.89961949402144
169.69373701046544	57.36175595155221
107.9149859248161	369.68630007389146
315.3570485197766	210.1349894919087
298.26988478236086	328.86319736513
72.93644813267632	213.58832721206622
4.045717502922961	42.143776472315736
27.18667004907546	244.89228518993102
301.15110097376606	43.37167594970898
180.64157762177396	35.489017675440664
294.88773149284856	230.45745323069252
62.31865474032331	181.8433995404169
295.5714296810466	188.23042997476972
254.32911193275382	103.71609388882555
54.46563503532659	41.44006217190913
183.4619139923586	161.423109094951
73.4691623112234	80.03385074625334
283.3159672461391	289.1388508715928
150.56966332918063	406.6942477439681
27.731975780863703	204.26419357046495
267.57223324987774	275.4217916012727
86.10836282963812	339.0566681977736
294.7376747968154	252.6088995142606
311.8947946195541	364.0180765038242
237.96866580692108	177.8053105184558
68.64604308706235	55.04315914759931
21.90310968267017	168.44002512611743
169.7635938492706	6.347116438300868
383.6570719671518	416.5690806502217
350.03314395536205	3.3294766119126407
34.387487501557146	128.53954454108793
303.8906166000529	65.0541605982973
254.1196733567835	136.8541363982898
183.42880797553306	385.8713099926947
293.3577531215092	137.41843435895458
272.2343898153186	226.71906121170431
24.66773928421977	387.8830370384933
320.07013368372407	410.8363873934916
413.39865211818284	106.32881829433431
88.55967590246551	107.4431232622994
93.94208027498544	240.01636304194722
396.6289966545426	13.704959779035788
234.23899640121658	199.85785463135883
100.4378715547103	73.20680483197964
163.13803965741482	228.38177626819126
322.3624074050871	134.67444824811034
60.231464865525744	349.8631181976712
339.3405015048323	312.34322107037633
108.67238574065152	147.00951723397085
183.72897425145123	355.4918543365101
195.55463469705612	90.38023750719624
277.70438990759754	183.16183462789985
235.1482577079818	221.39443012448808
251.53153740028384	7.358923686065516
90.65409333672054	404.6921785170858
269.07317550250815	256.70231220148196
154.34878592540227	74.05745857436992
329.6876381311031	251.03476941101633
54.865839657976565	84.09673834609181
306.0014136643787	285.6012098510903
299.41444790008956	24.41025082622398
211.67396183393802	322.26803921207306
7.552819731663853	363.8828258849552
359.10034726691293	183.15100767901717
404.975156764578	335.0773678470463
109.34527968990288	227.1073001148054
367.30110729337247	126.33820034603943
3.0458397063434335	144.02064613095777
405.98363069251116	246.221331214261
401.49551612875035	215.264551021225
339.2527476957738	370.4531396906725
301.51448030465343	347.8336459497374
16.08039480692917	11.927037243878903
151.95932003048102	154.47389091330638
77.17945220745365	292.2638654139557
179.88828340131764	196.1456711917949
330.52646071187525	72.9065738504332
59.9038434587122	24.15747723097081
238.29937852113892	114.29172111492998
403.1618486769715	408.1198664688198
385.4122990183688	223.42908157977226
58.255482319447424	200.24745236777034
25.677720402190676	369.26392679537327
88.39556545518109	3.4209731060771156
220.02557640095947	184.31621241027807
29.4028046890128	223.992228035476
138.95923713413467	189.7022035139984
9.019968251473243	208.605635477185
349.9658108084841	41.022927168669256
198.45636673959564	128.27882950062533
214.0791867875953	202.7430569498279
114.79195716396887	307.88911768659096
136.5523392279503	239.71241328703712
72.29592458230208	233.34673726656808
105.81420432753896	90.84493833292287
164.18436255548258	251.72797502113178
44.49933803406737	238.08760067256958
418.41233630792857	170.9204451296723
74.85376871906176	253.63176685338297
134.76939440549032	61.41472971282209
377.4019160772377	274.5485055321438
388.7788407673855	254.47103724380815
396.97174552093264	384.7661751529528
412.93538560794553	314.74367598745584
173.19770677185807	296.08771629944056
101.46106405545095	195.46266168635606
165.56016489867164	166.59370118185177
216.51286709893586	342.4569871451779
197.45570587727897	148.91911923943948
255.1549697686537	208.28126837809202
228.2382039345707	238.57983863389546
171.07737479466385	369.378616733552
232.03367893692075	158.24668238113443
364.3947986910435	72.19569545998107
151.4205834135046	306.28073180306683
97.06957306921122	278.5929217963429
99.93583672442993	351.64414531761975
349.79009824951174	110.09115888706361
390.3172741249041	170.47823359845756
47.12229238823367	67.15676788347751
378.78700957653245	111.31275610965795
286.8615330143463	113.25731330626331
291.78884256881616	6.730824279390277
354.89481048514216	155.17715943622886
286.67941176296165	87.87819030912796
194.2912889903525	332.66627741869155
0.2201171972699527	23.93760524225271
145.94356418059573	171.47991875689272
219.2316328293763	125.94927781043734
216.335300498759	147.84665459535384
29.241158053451585	301.97034251428505
335.7287737577828	97.18793104413216
128.1486866868873	362.09412780786323
150.46979249424265	6.026365978433158
129.61527857895686	381.1646207734538
150.2438321288784	385.5627267401716
233.96626477408412	266.1505270935286
305.0590579364822	122.3455934937477
215.82048745517915	261.5885422930372
414.90984411946727	228.9243094640482
72.60740492191066	98.76350532253078
176.87804620509436	337.5959820671073
131.34350256803404	417.51198038650733
341.4806622904136	175.71345945978476
350.8133225699252	60.02105523890238
281.3178668646722	25.189337160689522
255.31647815813875	234.0026818725536
269.72028185879003	386.06764026905046
44.44796967515886	143.89719109545587
72.4909118056797	37.07739725769645
236.24033867932565	25.38421885040377
224.2002615555942	53.523387773614544
338.15757465155383	146.25279029154038
291.4791841367363	157.20244386564852
330.39816906017734	278.0388511265687
345.3347771449983	347.7750984420509
202.30515157325777	108.70780696319213
280.06785774923577	45.88659028751864
179.8440657638468	142.20175342834497
138.06717180988358	86.94056702161453
187.37799150754094	314.99562925275865
185.36718849294508	17.06809043650759
347.57767323634135	21.821592800814592
246.26445274812028	251.7536634696573
84.42630739140199	63.932127417892524
255.31697346294337	352.1759993012109
293.0726227845426	271.72286455523954
241.91481084466596	90.49921285402199
360.51740054639566	226.49499719290932
297.7766405245085	380.99764813704076
68.44777972719861	333.2741945415691
112.72525282063802	59.21738249720298
80.40423881964634	271.70370537585075
213.03208230932043	279.67263131272733
10.937730732570325	313.58972739114
415.1083152749957	376.96832251122356
91.31630365841298	218.0097259936597
262.3578044358828	293.50517742549494
96.28686128535202	317.45203273076356
370.6308988536713	316.5322322336768
50.92878532465696	219.07418884472185
207.14072315453882	46.13783495373143
361.567152647201	201.70992188039136
273.46437479220396	68.697009239662
405.55182867252694	289.32760920644495
26.12608030049893	328.40969886652374
22.17021298048221	264.6786171837068
151.28393114519784	52.343460069550815
351.4917848824358	248.01120027838002
81.24374960360944	190.939330617738
229.8325009968343	316.34352012196416
317.4030554721254	264.40426566353347
16.37854185002225	123.84969810983037
194.4586817929032	209.79677465731564
196.15220590737562	1.159430429370915
76.9917924783593	357.30646001392205
383.5566394487827	151.6798297093783
406.1767116931202	85.76933478978239
115.31624881391639	267.1104858424223
348.07100763394845	83.28680399540804
46.86020562025559	164.8757247046959
211.83917195034525	78.46044574592584
261.67301036491034	49.14190617841475
406.16771168034603	157.28668895266281
245.03340454969987	304.7238164622357
346.9581596559289	214.37893818177088
231.5798094528543	287.39033657630915
379.80288441479354	87.99622747793664
111.97707615410678	165.15104025947474
116.6173782103941	288.74968038304496
330.5628270211486	11.902232211995228
4.604001202463493	250.0591785467387
44.60327040816085	372.1760185993412
32.55015853177547	20.151621977211562
347.0511383440728	129.58330503775392
213.8427950871731	223.85780818125286
