206.0690946500364	311.8925416214908
119.10613200640312	336.7775531521447
280.78923847663447	360.1788636041635
144.17691522948078	329.3278517117772
388.1938223373256	72.2997339921967
380.80174324046214	298.15163647990744
382.2415306304953	346.0135233911301
382.1829988918326	206.6259481200609
255.63505015156954	0.10124426860628534
190.64483011544755	301.5325213921386
253.08015891086586	123.75723868220693
343.04555413259226	109.61632760287519
201.9786332003408	162.3655836765504
109.78383751984454	350.8359920748965
208.28972919796314	369.9290439842055
129.65985265163965	101.665612610788
322.5846280604257	321.1937042242357
5.050339276275488	76.87753893702543
333.6643325062928	293.94368698977576
59.48996575916302	271.3253661244048
93.30211791183567	262.2193813935381
184.82017496461157	223.44735525403706
46.88143556687182	124.16331681650206
65.3163468150393	120.78637396378629
143.02844639416148	204.36725457852512
142.68892333357448	361.81333869430546
79.23258371042377	129.91624677145398
316.86241429045293	187.16906827857278
362.6536689085924	289.4103062666497
355.80376405073946	269.4300614588996
90.18802434273043	381.5728478275861
302.4308848448999	313.112942998266
181.39721083908876	239.93916596806324
75.00169238236235	385.96835156196744
128.17508012122278	134.24308233158436
152.34624621632344	346.42981231766106
331.8754810018673	370.4654651957842
388.3701315286275	129.90908604822323
406.53404931435983	38.302139026030446
118.1553244244452	399.74530893919786
286.65464002145046	321.0154715251029
278.58043154694946	335.55044905367726
108.74740583685956	7.33068062689114
71.38292037363297	146.22053167423815
194.90066021744616	415.5849174805431
418.4332879065897	271.55048816690777
183.89902861961176	70.31102232770851
135.45525763844785	345.09973907305266
41.1652364806881	330.4883039480132
254.62736217656825	67.89445535880894
49.197673256031415	254.7355243093527
11.90663393605024	408.96805849510343
376.8869189822899	392.3963463306724
338.78598448854336	386.269924122582
271.3670641041507	103.3563747058191
316.8823651107622	348.72775680016235
147.41878779438719	110.17366340065375
174.77498956137654	85.12735244572971
200.2845434607786	247.12025966758924
394.1304553328029	315.94557509386027
2.602467978790939	1.5201340591743124
234.3210888008529	8.16992042747316
257.7170061238058	163.71645902151587
16.529571794707874	345.1780782561586
341.59113350368676	329.27526184416195
402.1379790767524	108.07510956696217
31.22184365972669	417.7784282818727
267.56487737510906	307.5924750228462
29.088498460674526	87.38511861651351
253.4854759113309	36.02724472855134
107.69364353983316	185.08337969665547
317.91933462971315	18.5571512540945
390.0877748398518	370.54869823098625
391.1807693437846	31.769579341909587
374.1353595249352	267.31733638529147
32.65958336760343	398.5903704676653
375.06613865260493	13.152547178238592
144.02536675975077	135.01758600456574
175.2338185873589	264.10385209250404
304.25998665020836	107.56311434891502
100.19815218140272	116.88493992087565
92.47218542025128	17.141825298632824
7.302478209549953	296.7177622108635
163.46288338433612	124.04069665325082
38.16800338691583	188.95740263610432
140.33919703066138	257.9379699209204
192.98442140407806	38.94811020326503
6.874379998890695	377.3592537271425
17.475867033039727	141.4273236885867
411.830108742133	136.16780537369945
91.7044620672284	185.07736674649593
155.345709956404	24.44665623008093
417.9909858472072	337.0178168109433
379.6713732130888	57.90868778245898
269.0198472659608	210.46193320399468
160.05758040921114	404.35620857577976
208.60408538061156	406.21751966287565
124.71979645328946	251.05088044671734
404.14291576058224	294.3006610413459
245.98015958015102	393.59643204387663
374.82015409431636	363.08741493320633
51.429163971674186	411.9019966491159
36.917034441839164	74.04529804819902
168.61256233839958	186.37218994581744
214.73242604503625	390.9051589958298
217.25516763906398	104.59773852164481
382.5022104078054	162.61318708726375
53.6109143413589	298.32588500425175
240.9725195444602	370.2535395720081
44.62841378468132	141.8574762604139
128.4901439101222	268.9003547149181
370.6471094372688	410.6558450492177
316.9544729410963	34.88278539529398
416.053425622863	353.2872669325179
389.6855391528305	332.61799302246845
41.087426823937655	314.5311498238873
34.942609887318625	278.11891534717734
121.16155790497137	23.550700558942776
23.083450451560054	60.64356338823347
172.70281819031996	417.14857794749224
161.85819673437177	272.121229031576
192.3543818022504	371.8557720864107
372.4923740755531	98.91173595835231
367.21240857607756	32.36008522005548
64.72247614070405	370.1118389538242
388.7776378231101	263.0030657224755
150.70753273914696	285.6573876764255
58.626501059924756	391.03142081165106
37.22216395531381	345.65659825114096
86.88753764896126	164.9800126085474
106.4938063855234	410.5727789323646
1.4375877143947942	201.35270459424828
256.95494330000474	283.8819967832461
276.35714597855406	165.85688934617193
118.98721581137154	72.53249579625638
322.266714212004	81.74689721587842
195.38117198228423	262.68363798717354
52.68949698234622	155.73050977869613
18.590070199589352	186.7881639860917
235.0645650906836	68.02502067280783
188.08982415493506	168.8278155337787
311.9395404673186	167.24008549052542
164.2582896778859	102.15311511079383
166.740377822489	322.68485015862495
18.25215824095187	280.73268812299506
287.83277016975444	408.30331325734653
238.04922668839646	115.17631291497383
227.0700521962289	46.22756901005453
156.58513419696664	196.97729517669453
327.1713926575734	199.18772298987307
138.00973811299946	27.55996480692081
37.47243819607639	54.96557492368645
25.660080242232606	105.66169555729147
165.7919911274488	359.09204743832953
260.17451992607863	327.41029431656324
27.698431607537046	34.97707988084584
390.68496598195327	47.309007619340264
69.87976511545487	401.92118067232855
412.00939718981283	62.29433480027075
267.28207857301135	118.19024636599671
336.68183681986903	50.92748645101733
70.21621738808169	313.8845723198271
75.25496670412133	14.392418991229045
205.80762535517496	25.265760949825676
326.2179885080526	159.61685162071566
227.56961836677164	413.3455725207768
109.50354001456468	102.1100728094232
397.8098021268953	143.98157812113965
309.5032222336153	206.9303580404515
97.89984656592752	43.64462439926272
243.49811158050332	188.31589950858208
131.59857137962257	45.02824586298961
317.3497124121392	239.34525767513463
266.7171536457549	13.193338263184284
163.389997482683	139.86086540726032
363.8558960007031	329.3318759648579
358.45368342145247	305.23614979730166
100.98810754342522	394.5004149417883
224.33230563494124	373.3138054638805
334.13785945781456	238.58234244101612
306.82137799300256	145.21021411991995
134.10460951460897	296.9781166479802
385.547485957844	182.0197155800747
369.2081438765778	249.10196557934836
101.09347170126604	297.33751837547356
411.9543786717833	188.263367220215
108.50816231049792	32.341877343479474
361.2529379792847	398.5349043240407
179.2000770251139	117.24665832241665
10.6531995799386	235.08315500609734
122.03387297184388	118.13995661708736
231.38706584888763	386.96777670278493
181.4909926690668	52.840487320038015
158.20866923374405	57.23667933121099
107.12200394810827	368.86203806439823
328.8660353065277	221.7594868411809
307.3112985137557	333.25684736803356
64.87160576516217	215.00241030476343
8.554419875522658	45.12559809427312
22.870389786544518	244.3349122490725
295.16967648013275	60.008637689550405
176.95679847765697	37.77972740928967
297.64856549786435	217.3024695096101
55.08002783070463	178.9287944484667
295.8653062968005	193.83811250399933
254.50605037989837	93.12749531080117
54.1268339932809	44.88486573209337
175.93776588495507	150.08620948948337
80.85330868749821	84.70863652005804
288.28710799366513	296.46418456285625
135.85962310672483	414.6922695406735
41.60082496000003	205.85965421111058
255.72538364694424	264.5140820312653
82.12407117636421	327.5999422113638
297.06558896756275	247.88821365250124
297.0187285982207	369.91427542551503
226.210383637675	170.07643194512787
73.8870401412995	60.54621361363314
17.927578863495786	166.30721295305898
164.50037961558414	11.324361343942178
386.51550094190833	419.07585558815913
355.8330113173311	1.9686629014586592
30.552515634735872	121.0045319297484
304.78517048617	74.3028836462215
240.23996812508454	136.76069701053447
181.7362454266217	399.385930617868
287.46631619239633	149.82206968494398
281.1944721252471	222.20461909972911
27.011215045515026	384.1620628040011
324.52082455931713	404.9518225913817
417.91232898180823	121.53618333576088
86.87462583902906	106.23964065864755
89.34416411176247	245.1776109954359
398.96880717813497	9.008134758096295
226.51152174732815	188.25681755626871
101.03567842194992	66.82270542326373
161.40515343211825	230.6662255763457
321.11990319498096	137.01914613338948
71.5618066087928	348.71235054569473
339.73895115041097	307.851973118832
97.41665003391958	143.42400583482478
182.7818640755327	356.6540174840482
194.2242328786504	84.98537906511652
278.6491767086047	187.19879434882623
237.81408523474477	211.8937823987947
250.86392328143594	15.347505631059569
84.89387451204068	409.985487897683
273.01569018372373	243.05927810704713
158.55486864288494	72.72164271093854
338.5120835338671	259.08479542188826
48.321764849293054	97.54868279462659
306.6724432762357	286.19627641097003
287.83690607218404	35.50991752476349
198.8011654636574	326.6519375152989
11.300134765124852	362.0650478933991
363.17771500701656	190.57388371204294
404.68309837615664	327.0155897663634
104.58187454355803	236.8373241630492
364.2715299627486	137.55194932491491
7.1967111634009235	155.4968697752218
416.32379401598376	243.6916804999998
406.5400636120289	206.0119584886407
350.03493905607144	368.9755917225691
302.3869664873524	353.26478995679946
8.109670974413593	22.773887450981956
150.94270944811643	157.2736119235732
75.37249644016676	283.1590742304607
187.9620856791708	185.0232335175524
329.4550554618401	66.44777664117981
67.70178912491855	29.12656654218498
240.45461136554113	99.64076520507263
389.8684643058631	403.43191714212685
384.2871941655171	235.88381921392224
57.661732988601	198.74273034865092
29.355047861674205	367.65670729408754
94.21026633257941	2.0153658739377636
211.5763592226323	175.85578160373993
34.12573059633269	222.14451628268162
125.54022855083652	179.40019669280213
18.831471909329803	208.17982498414153
348.40397437464014	28.29645816319571
198.95696407514657	120.16864106714004
212.88880465871156	202.6942506715105
117.57687082709626	314.6544818494423
123.97922122068617	228.74319449274788
77.87597996338332	226.5859197753211
99.13824822285572	90.58161042022458
158.39672120790135	253.84170391099534
38.23896579235193	238.8178865872096
4.0739166726850495	175.8013075105306
67.30083088174935	250.63443712969485
139.01563869783845	64.9532843238422
388.098324975172	282.04191074577113
394.48221897052093	248.67607899009553
400.2051178146499	384.39041569112317
419.7785446605581	314.66803523805845
171.76567540039417	292.0634255030977
113.6221211197493	202.09601730214766
168.62365634174327	170.67637659886708
197.47384381462064	350.16557077151265
196.86344644888274	144.57705273262775
252.78035509104637	207.31397431120993
226.7202879230417	249.32389759211364
160.92812725113558	386.2992889674697
231.10394721385688	154.2552202244401
365.15080980207256	73.10708865973096
153.48196838043594	302.008583950428
91.47551666660287	281.3873635308291
99.23888663471602	330.92140674051444
358.33581284747584	111.04952093642785
398.0272455477733	170.54810052482728
50.01055197765645	63.62116527143444
371.3444213137697	123.92133738880278
288.31373424097694	126.63498217284622
306.886386014199	8.053669802648292
365.71445185399756	162.78848866725568
288.74267298219894	90.84018635384058
187.18483684581483	338.91455465656475
414.53565031705676	14.98018887655376
141.87551771199756	173.19994557791713
223.46271430915365	122.31676911053357
214.58163751664506	149.21487071310796
30.890226978505954	298.8545086115598
335.5370447571058	92.89532688771672
126.94987906470422	362.4460756054619
146.19827497017414	11.420600651324545
136.52971888988003	376.79388861589365
145.26846166414876	391.2578256059444
240.51313502261192	265.57034614254553
312.92897829914415	122.28327021087001
215.18146701147361	261.8553817044008
2.63421546795171	220.67113457085293
65.64540172356328	92.2103134159594
171.9617984458178	340.4465630443529
130.57956533535142	9.312377808530899
352.6181867994669	172.4368849000338
348.3217215503596	63.54193314120692
271.50572251489615	30.831273959583196
252.40450789467087	222.66181539562095
260.8073345064064	386.56668261077704
33.15848299741585	155.86456153104652
84.69684049304449	33.50260487852093
232.87570561146373	29.207006457845505
219.387229444426	62.96166362992297
348.4620124225186	143.64711993377057
291.7261989344198	175.79084125278413
327.9350404444738	270.33550490403286
360.5759085452782	350.18860275877245
192.92823135448486	104.71140504538103
276.2952015333978	57.150418564069014
184.04278316916097	134.13768610984738
145.0128078925827	86.14286797467445
181.63187352596248	314.8916042049422
182.2709707361542	23.123751559542256
360.60809346514776	18.075781022603906
252.57252522418878	242.68966918012805
89.01061089597779	57.54362042597537
249.14929963595551	355.08204807609195
292.7860820832644	277.5247646222199
241.97985111526475	83.47943732405464
369.50843527767336	224.8419177525641
277.1030081187062	381.42531051915097
57.328576044877316	328.1316361750363
112.38821362441455	53.103700623713365
77.69805542159376	267.9664148610008
202.72633850826747	280.18553124136486
17.600340562541337	307.90709195066034
407.98864916037206	371.0881236419492
91.49118868748805	216.2587015245931
273.5830527952099	289.9137491820632
94.59332355775389	315.22434698431147
371.91292347426474	314.6370527544942
52.72378672091259	228.27469184389614
206.34046528494744	48.69753098543018
365.0172831144207	206.05651087037435
268.90826252924313	75.06260580979729
402.6671498526714	274.77136777835165
23.45796152015125	323.75114636872837
26.320937122431914	264.3945186915363
154.67444271733575	40.789497294957684
355.5617966136487	238.1216686621777
74.25483006063988	184.41045896736804
227.17583199803596	312.35293405535515
321.5082179760016	255.83307431564862
12.325825696267625	115.02661263204108
191.2674691151368	207.16588405932103
197.56554507924793	12.519653119404031
92.51877046775819	358.1243910511216
378.1900674534259	143.65357110822012
415.7841993402552	94.60349005795658
109.38992856303493	266.61069736179485
349.7064635669547	82.05475167216379
42.854389551892496	168.2908144207396
204.88562643077623	70.32092508619213
248.45398626341225	52.154018624563925
412.3310824072836	165.27227682226777
236.02370046881228	299.34837397747526
348.4241054392858	209.21259223537984
217.2829071688943	289.5863606755926
384.465093741131	87.99165595130064
113.13652012748231	168.12666494178248
116.64960759499972	299.4025366536288
334.6011632433217	18.71379192785323
10.181141330407097	259.18449983489637
47.34938730190798	369.29989792672717
44.567753900943515	20.469096559525745
344.31323025998574	128.05743120091245
200.63758156776788	221.826426598092
