214.5826567576607	299.9378215700865
110.26740400516593	328.0478056923018
280.40339441892365	365.75688340004933
130.4234470053224	329.240733920383
391.6228318390149	73.74674377972462
367.746258095255	287.90680578373303
362.06298714267155	355.9464838288223
374.7658897217344	208.39325881884534
274.8315503137875	403.55649274812316
194.99893903053194	289.24248541271976
266.88876796827554	118.08601816572465
328.6581665891681	113.84760147169283
209.991477302981	164.27688808687878
117.09382791791504	347.5658262962293
216.34506395591538	360.37550079830055
130.42334758723925	103.15359593283013
316.4625662052951	329.26360392047775
419.7107985173531	68.37556578810964
320.4228453731634	309.2323787431537
61.323105591881266	278.66564296557266
96.47095264236351	255.10770742984803
180.0763518186292	228.41527215383124
49.8631446495135	107.34460755959711
71.38791097304619	122.15245684929667
132.70857869715167	226.09460675066796
151.29592919875532	366.7285740921982
84.95580684491418	136.4805532132387
319.29721736350905	191.55791115538526
346.96968314039555	285.00782094410283
345.3772422274022	265.8921629513152
91.15888775222031	372.0645834880119
299.02904039219567	308.66323314608485
181.90647140831433	248.42725037174438
81.6118373490608	390.70530943723276
131.72132117831663	153.16095478801816
156.53973008206762	328.8171853605345
318.3256616283149	384.57614467451504
392.5857275527299	122.3987292729881
401.43091215028846	39.23460747902325
119.63056926252375	401.2674696810361
277.312987079744	312.2081165166014
282.7974927034904	342.89994116762074
105.15723188070646	18.404705097592068
66.49516162216382	140.55765924536476
201.45994833752582	401.91927739368333
4.910065992051149	273.5502846140112
196.49336432956062	74.43048626131244
143.61369537064576	342.67294882343214
49.78055824995255	334.7651856004993
257.37021725446823	80.2821972454553
51.97467206487938	262.23071075820513
9.324115923487827	411.87124508687987
374.469407278334	393.4604435320407
333.7077400657627	398.9101556988037
272.352216471861	94.47972804524258
327.4207511638216	355.11087541954646
148.6647953787286	107.42739387948085
174.74168339034895	78.6886573988692
203.19302471895165	241.91988201278798
389.86430646848316	326.1327530869565
412.85063940070046	6.9192192024611945
232.33181837243473	7.298426048313644
248.83546925679252	166.2297263064576
15.267705124526094	345.87328358037934
335.3636236751783	331.5153547897928
393.3612622210831	101.77703164386737
29.379570701367726	2.884381995243441
259.02042184139844	316.6042840437703
29.613346937814878	104.24697878978111
261.4045709594949	27.718734469241404
120.18201493345714	201.3323491396876
310.05921405016494	4.746486537349964
382.5996447964101	365.46995290322707
384.26180158129415	30.4997375296519
365.5343042393878	259.3097478930233
41.58918064084532	401.83608847527364
366.9014690440006	11.855501092763333
141.22724600640626	130.03629611068558
181.73016671673142	275.9766425348053
296.1848374619356	98.96149786743388
103.56621992684859	132.86469016377873
80.72153191091348	24.17849966455346
5.542342907534659	297.74430768594334
167.22768510823315	117.53520508112165
38.46334089784043	183.94739687623394
146.55017042385194	261.21062005236155
217.0944124499754	26.468267060655652
6.93504939289333	391.5758905486193
25.57478896251904	146.21931797102695
416.7863466295073	127.13682038545555
91.65437658661826	175.84045806830812
165.07109593666874	34.2137019561241
5.417981981469622	329.29715834935394
363.63513645679564	51.75919326234287
275.0175174991928	199.0400710827436
166.26311136643426	393.38984717080314
221.54483897029144	405.0267446133577
115.98026173944162	243.78735394363886
380.21239586600564	302.38971554579507
255.66563554944906	395.4994349614295
366.179095394033	375.1945641863307
52.26733633419629	0.43355768288608465
28.239860534620664	73.40920244803864
159.23247972913978	189.5216795802355
211.92923415114848	378.8246432168712
221.67750264880985	98.44914074769231
370.17987762600666	167.31242829230393
54.49268861609092	298.49857538749626
255.83386480488429	372.2880132058231
52.15904108502598	127.4583619330609
133.6614970021714	277.5981148370154
363.8288592727726	411.03614431126385
318.7231651648812	29.19378845248696
407.39143154769215	356.78967105844816
384.44396032726576	344.49989974182915
41.44451123751179	316.70999576435577
40.297983248000975	283.70703429808265
126.87564565882151	20.18762784681021
17.648539527210378	56.79165007722734
179.28406018181443	409.0909163478926
164.75799514235035	266.97807823300275
194.66007243591716	367.59069966650054
359.9373310675916	96.43418590668071
364.67733507291507	32.54761017214481
65.10227553716642	369.8582115426936
404.0593952491083	271.3324055606714
156.3985953449502	285.3017144800506
55.09316850844409	386.3314549253096
39.06930662911729	351.1177891924271
91.24381145214433	155.4653791463581
110.47563863984823	418.4484917676104
411.9349237224317	196.13474240018326
252.75740858739468	271.61118165795995
267.52051383888556	160.23472353840563
118.5859691413514	88.49251897317116
312.68168781910424	87.74402079476958
195.12730210041587	262.83944389491313
68.82593906411425	160.13177013348806
11.391737073750798	190.80880407794925
246.5939253464588	63.77101343379167
197.4726598753402	193.64796715557162
305.96002473469923	177.20957372674766
159.33795914059064	91.99248486924638
174.8553770319153	313.60112455505816
20.92114590399869	284.38223056331634
296.3826290743952	398.1480780985353
235.94932698157191	136.95253529670688
248.56491479514543	42.44997037924676
146.03735798569977	209.03873877724843
338.26138069698044	192.31214474356128
146.59487635295318	27.366973107024872
33.89246569187221	45.527587390686264
9.896854915834817	91.90594750150264
161.49460611826188	349.6764858800877
265.6593085356279	334.2800159827046
16.209837070482124	31.031879791886812
384.90465006069184	49.84274291577906
65.96906307786493	407.36340538311623
402.1296683890649	58.041861307491025
275.02529806195076	136.44643035461405
326.79863402924445	46.51460423388358
71.5448515169952	314.1786870375762
70.42140895630023	6.592400926785813
212.91456373849587	6.695930186007131
320.67204556632254	165.285630492125
240.24068121539167	406.25743157489904
108.92393994867061	110.63280876045702
402.5128845068293	139.8270370174996
290.7437628998677	211.46503206597953
95.0809920174762	42.137962350553
255.3038000796493	189.11620613509626
135.53286210871974	43.92163500424253
312.0036616770698	240.83259469112872
271.28024955848275	7.323572651369663
161.1690585084643	135.5538774063073
362.34370870859715	336.6291672142897
356.63002517675966	306.0870075331996
104.88547953706865	386.4887441600787
235.7732355497114	356.8298206189891
329.32425716536267	229.9317089086488
307.26589947280013	151.73868331952738
136.4862918592268	301.14857924502536
374.5649401927177	186.50509510329772
372.7512824794385	240.5014225891916
94.42726641200198	293.2760235247098
393.94648316800186	190.0671706956025
113.90069979626354	36.93135845963323
352.01100312692495	392.83521647829724
183.86962443670336	107.25047808194668
12.157567801936072	233.25708210697582
122.1253678565664	129.30290684296236
232.15289440302644	375.68312388189776
191.90341047112943	56.04454790726752
172.6374299054393	59.87734574843054
113.32723143766766	368.57047925462126
313.24120017277556	209.89122446814406
295.42767113221123	328.3099684785331
74.83013399866446	211.3769613130078
0.8078840891298498	45.01674043113543
29.06100932226413	245.66644892989092
304.5678846844307	43.209574096619875
183.67591135077893	39.0886473564485
295.0621908901101	229.92017889036603
64.3364227537531	181.82267494165515
294.7635312175731	193.15940413717317
252.95427171275517	103.82092413089427
54.69186296168556	38.65102064183758
186.22793821051835	168.44784346150095
73.7235225117159	79.28344332982542
285.90026271425336	295.17867019274377
145.63220869734684	405.0888783194651
26.84219970883994	201.61726796006644
271.58428430689037	270.4853600187465
89.20442750724297	336.1682503641701
289.92048454750585	254.89862276755025
311.720789433709	365.95430252561044
237.07392351144574	181.86865875341485
65.81133797856883	60.60801945388883
23.80139226123449	171.5046346145831
171.39867744421423	6.951835795163205
383.8653448831309	413.92568957282333
349.38909980130944	4.213796971032796
32.20328405939897	127.35113753546418
302.919765533853	65.97665544703135
255.22682741668348	133.4263314496042
185.0066865239428	386.88231217623286
294.45115500659034	137.28580972893812
275.9081773523661	224.6329402534172
25.628447267545166	390.547073353069
316.85509842384477	407.15082817744195
418.33351200848983	108.35750331977371
90.24548024955148	113.55319686369984
91.32673231366623	236.40296876760507
394.19706201369627	10.000440741087134
235.1940067663454	203.212637427794
99.46078965038333	74.19554318037785
161.05544473825498	228.10374241619945
319.64943861674396	137.25758633880852
58.067127463282254	352.12098255857006
338.99869224863545	312.8822169977186
112.14772288562031	151.61695309978728
183.2111067542361	351.0865650673904
197.38790070243448	93.16343747466337
278.9694946150201	180.37252325593835
239.78537815026996	226.7552669155297
251.36133770428495	10.994880517613012
96.27534127961201	403.54777578786917
271.2486381413745	251.60564609837883
154.5442689508646	70.64897313712284
327.8984864429848	251.84187432083542
55.11279710838279	85.85340220618102
306.67887547955263	290.26994872731274
300.63696350161666	22.189557908458283
215.87407542432197	322.7304872004503
5.214321697692367	363.5083685471226
356.30418200318655	182.37626007667987
408.20684983661005	337.33365708813625
113.53586244709291	225.18019479273514
373.3870685236378	129.14532571510287
3.5125561436157686	144.82320255701163
404.9921848296268	248.53285097246302
401.49366476217045	214.35420991425556
336.84040975527415	372.4802449272381
300.55671801020435	350.0337961196111
12.448390999527998	12.421688640227522
152.39180413115415	152.1757158373888
74.23509034342709	293.28697498316313
179.69433430735012	200.5787320250542
322.830696301644	69.94401882489925
54.65518278419421	19.666821369576095
236.77521155002282	117.9824187491748
408.20040216971864	403.41719154897015
387.53529743344734	228.89301509214943
56.04136597560207	198.64008500747084
22.451951113473093	371.7814579362155
89.94425533786816	4.585867128181389
215.43203577089986	185.23404144422153
28.247205022016068	222.10770098253158
140.41255489587957	190.93272618760594
7.448726199845591	211.64760465300853
346.0694905166147	42.01808204121627
195.89587155842796	129.3576258045203
214.65310942348984	204.08261706416832
116.43504127960587	305.37894082339943
144.33030284801478	241.12591343243474
66.35020110796134	233.56762067814924
99.96466532042048	93.64808210749403
162.72482894192092	247.45756530024838
49.354943393939394	242.15930658102002
3.7050605389167983	173.34012261241384
76.04109160831385	254.86308466675197
136.08652004319944	66.84453489082787
381.921340900043	274.4453737987418
384.7335392594573	255.148978504245
393.1571913780073	384.94437896894175
409.40543382229333	318.46058532426525
173.27538297062358	294.425571671858
101.40284737566978	193.7274958302157
164.5957833827411	169.47069477339906
225.11037004404707	339.69802339512796
196.44792885063785	148.72082282960824
256.6727107108291	211.75562032939567
223.5517151084677	242.60673052942693
172.6895500676635	368.78010894180215
229.21005302545282	163.82991948138513
365.1913158730501	70.44582804389896
156.20093836652427	306.3493649793513
98.93442844031621	273.788449692597
97.96510251322626	354.3702602968223
349.2153439057348	112.51807061298842
393.3143916936973	170.94375639702972
47.489275261615866	67.04279266685558
375.24604216844693	107.2245777601268
286.4804424776731	115.71218359261427
289.7986534759165	1.7808532137255115
358.5533756830143	150.99740995304074
287.8144414546934	80.46297907993419
200.44573923946362	334.8488805104562
416.17585586185794	25.427333925805087
145.20391318582577	171.99756177106323
218.5310248164499	125.36602792537924
216.0992941954709	146.29073381887414
31.032272905280063	300.6379210054686
337.8273137080067	96.4208644052962
133.4768781055972	359.01309968463727
151.61077047580977	8.186907128766288
130.59605351806348	381.6143549617428
149.0422039584809	385.63433429132874
230.698148795755	268.7704527126488
308.98951653446926	120.6348544772958
214.21811641610486	259.35728106067717
413.2623502243348	231.15614981543786
73.24063454928735	99.81641600498605
175.0494499936858	332.9248764158964
130.99749734651706	0.32236846359532123
339.8109291512056	169.38330465875651
342.8878912827215	60.966543767685465
281.623729242428	23.414615780177588
258.17529799352286	233.97351098105648
271.6958533193339	383.03271523879596
47.88900597526629	146.8979422289914
75.814623350675	43.97748142182191
239.70363314467068	25.71510742610756
226.30555876448636	56.011127007084255
337.24417951532547	150.49353188988107
288.4573682619145	157.86100103489457
326.6961216393754	278.6927726138907
345.26178950834185	347.43465412939486
204.14315502582662	111.02973679510356
284.591088620788	42.39090748083854
177.15982653170045	146.64130644581323
138.2813621742415	86.14433282640786
197.8859566100549	315.60952150425146
184.945945685657	20.109265414953175
346.23884458934765	23.058229716691308
240.046606404235	251.72177544732145
85.49814673113474	60.542324169014144
255.2727637429885	350.4824077856683
290.44724213833064	273.8247525336601
240.19411341976524	89.0255885835607
358.36872997432545	224.7349743129059
296.0425095111765	376.78938387265043
68.98915365372666	336.0713755224368
117.85977650593031	61.03346471814971
79.41585056494559	273.59740742376107
212.65390146116437	278.20634454997025
17.035763809438272	313.9471602586731
409.4877699614793	375.7874504882876
94.65589598290288	213.87332039126048
263.8097774537195	296.8209456523004
96.1179303951632	313.5716093002581
372.24766989097185	319.409122987406
50.04863765695954	219.1141785842815
208.59312822707219	47.37782827371438
356.24856604580236	201.29515959534646
275.03811761381917	66.23827459053412
405.86795170441394	293.5975421507222
27.73373382794911	330.5182130477348
24.97037277156985	264.40144255493084
153.61396212258177	49.90133749019949
348.9805318038538	245.7510982376403
80.8726826966891	192.8848107343029
235.73260666019547	323.97755588078246
309.9426060207345	261.3657283288197
14.215165376078133	120.06978937304872
197.26217384503727	213.76631678645094
194.4820622914896	3.409545017522414
78.8209382937685	352.1064661468432
381.52067321237183	148.37146308943463
410.7521865913877	86.3684929527956
116.76878202415155	264.1881339051843
348.4926286394906	80.43109446178272
50.814247496798224	165.39728925375638
215.19414528819394	80.15366856563045
266.0616904236822	49.60952833866587
408.3828266829574	159.2045191713217
242.53055708168253	305.6939648794407
339.16348943410406	212.56597864571202
237.4576658151194	287.3606370856418
376.6156543275901	87.57559281472459
109.97236247709606	170.4047269618373
114.56902650138294	286.4172695516517
328.5271426546027	9.75816877834817
3.612809130426876	251.00791024595927
42.59696008093303	370.53361925450224
33.757676448809534	21.237330882510435
347.1545604982292	133.693703418228
215.0601556208069	225.08676183860342
