212.66437072879958	298.7681029251648
114.67468929322068	328.2926973770458
279.3893024005972	364.14817117736675
136.23734373826096	328.0838988704567
387.68409948009446	71.16537520545127
372.2835133928123	291.18722980462115
364.8297868357823	356.0052053572364
377.5709288818256	206.14302925424244
273.23529731374737	405.1712525487027
192.46544698221322	294.10252883496963
268.5080363317127	118.0527056047941
324.82343423282174	115.63107148633888
210.87445250580518	166.39015182831187
117.3318006775681	346.9580831802679
213.2142950487974	361.59187629450605
130.28380581787926	103.24233570217238
315.7586044762667	328.15023885257625
0.9909151122710138	69.94960714825339
319.8291311403747	306.5851159782741
62.04356690903318	279.61781300512143
94.56093147207254	258.2894194013515
180.9991002911067	225.06668395371972
49.03456094318577	105.30519555582393
71.28770322329343	120.29117782794852
130.49154492553248	222.86591023580496
146.24602350345168	367.78071679032865
85.51981307789276	133.69815771426025
320.1247640796634	192.72384870514676
347.42539816991643	287.32244427000023
345.6932151765506	267.9645408437241
88.11998158470497	374.93974685536847
298.78401363009294	309.40057347487567
183.2517956911147	247.8031635694302
78.46224145587276	392.70195567805354
131.1182654497323	155.56231564833683
155.85520192278872	333.2886214418896
317.99267653722677	382.51985716587706
394.5222611697709	119.69792288640025
403.3300475893622	42.439433809237826
123.25992103832084	401.52904318174916
280.32087853111636	315.45087675710016
282.86795270904344	342.02769636916196
105.56658540523046	17.509073069890032
68.8625327592176	143.50394835950598
199.96664112470353	403.0320844590478
4.941124805736683	272.56133808619614
193.45038607034485	73.78403667996575
142.965964106052	346.5279481690992
45.87076718527376	333.97558137549856
255.7524258033769	78.88988980335576
54.40390981863517	258.43868438980735
12.278751678986769	412.9414234453995
377.44856831739	393.1339216039491
333.2857487332204	395.0043346463021
273.2036298392321	97.68376410906912
328.79851033349206	354.81275450828474
147.98136920528455	110.47586582343612
173.50825148195253	79.13582892359113
203.86708446002964	241.84601242189848
389.4988201535241	324.7351437905909
413.1568039262677	5.740403213041686
231.47311317770325	6.400941549514329
250.74534098557248	166.71027551661828
20.49463725283633	347.6718561231728
334.86568246729695	330.9926241966884
393.32796582680265	100.2279291425832
31.113678655022696	418.5700442641323
260.7451701763048	313.4945982498673
28.73682478226719	101.15383245552293
261.37677580684976	25.632270171718346
122.62717633654782	194.65128156090756
312.9485416007605	8.755960874127883
388.59860442992743	364.10439825983144
387.28128756899	31.010014517068388
365.1676266502839	260.12302678487646
40.527254400798036	400.11598435109306
373.43557386232874	15.056656067828987
141.20375164304687	130.42485500464832
183.95939315833405	277.22492705656356
300.4325226950485	99.7595513032008
103.33832379055974	127.89579565647931
84.42870741561657	21.470744264215316
7.394635048627657	296.52334070017207
166.84968803063126	119.71480865315174
38.878872490072645	187.80340399699773
148.11532917934315	259.9485684024084
211.9004592895218	25.742373508235055
6.500787483651314	393.5982465594368
24.889012246198075	144.6606162308798
416.7589328923538	126.61154997510266
93.78970743670078	176.2787069924541
163.139445672313	35.50877354087359
5.144620249310672	330.54230743559066
365.83520702345197	52.0720048068117
274.25832651627326	203.17874045372366
166.845647309828	395.1334619236277
219.6681265748096	409.19510008610905
115.20601170762566	245.39670910506192
386.0737084931012	304.1054840690995
253.28194939235058	393.3494603166029
363.93276808859105	375.24161173311467
49.93414636115495	3.5332569179454847
26.042039688239225	76.788065561664
159.83036535895096	188.0264057343374
208.4143816066237	382.4364865119093
222.07486182499153	97.7025248494896
369.77772296194644	166.7608629692215
53.19641914761751	299.03202037925644
256.2318469113267	373.95389821199774
52.548607743219506	126.27459537241431
136.5484833023825	277.2575950338579
364.08836692488256	408.434862848724
319.11898305956333	30.028087214506137
408.8542344766968	355.12728223992974
379.2454490538641	343.71342492910674
41.80556856720293	314.8503368388569
43.23660139318584	282.44338456677025
126.28214542678363	20.501575006487027
14.538819942118417	57.503639435978315
180.03452345060523	408.87810658100193
164.7390053642614	268.9966499025462
196.1342001049435	368.6027711208299
360.7116166499809	94.26799499834038
367.49774204498624	33.543035348825015
64.55414347029784	371.63957803241533
399.11663959177434	271.07036691416255
155.52482732738181	285.853639719064
56.04447022744596	388.9033866191719
38.11128529811586	353.4689720141774
88.33710613154192	158.3545966473998
113.23175338582456	418.87894781667063
411.33670016406086	198.96119228299872
249.28771642604144	274.7801709993925
269.9132428407504	162.0822059466562
119.99948760599756	80.63174008817711
315.8214331933975	87.93246274694985
195.31585036711633	262.61399010209146
70.29746574850476	161.97733922562918
14.003934626769313	188.73385435217304
243.62316369977984	63.37494993263211
199.93905492942852	185.64227579617608
306.99575531026437	172.4858438449865
160.4617560440419	94.96625035885023
173.99221975857978	314.8020596407157
21.382061514253248	283.50420159116993
291.8353229479079	401.7128123486235
235.68561135946175	137.90236913203015
246.10015545382606	42.72642615727039
146.8391848309491	212.18497129663572
339.92463753398454	192.55165390492607
146.85047424235643	24.14445322439414
34.49659200078402	46.42240337646966
12.506546046051604	89.36996908598117
161.49789947437353	351.28425239946336
265.4190010134049	333.69869310173385
19.803292837061107	34.41380079999091
386.34645223199084	52.47063431598197
65.19042394214378	405.6653983339133
403.2413123873635	60.93596919674392
274.79243286212176	136.10535231750754
326.4664762591014	51.10939479854244
71.41578488675535	313.7814442226656
70.17332600912388	6.2442837187348825
213.0501182908862	6.420382738459194
324.0975574953858	164.8660920069601
238.10150510501137	405.6798695736067
112.34816418154266	109.4973666376501
401.9326675734372	139.30117323997877
294.34817724227304	213.61894355431488
93.38696873857522	38.88167005770326
253.6562038875768	188.5614086203663
130.52520362606424	43.427748364520625
311.9815496474106	243.0988215759321
272.06478531258426	4.472695520836762
159.06754180530552	136.71821467317446
361.242951620197	334.8615187254762
356.36740266087	303.37204965717325
102.47208155551967	386.41548649169135
233.0153008364292	358.0745669105949
327.58223944501265	225.21804866977382
307.3292974774684	151.01990380723004
134.9340107264343	302.9708144036638
375.2764400711982	186.72917516469872
373.96026641453983	240.35628536407708
95.30508387102327	295.48722605398024
395.6669319242526	188.5265554033106
111.80147963626838	38.81851492763903
352.51614913480694	390.83097116039863
183.50679332543467	108.86894528222686
13.794909909201833	230.9882452910459
123.1863535605405	125.86298098652055
227.13042347321328	380.2106164400959
189.95504273690372	54.92372542224423
171.4966960722255	58.92125184256607
110.73838859687461	368.3291090365918
314.26575831716804	210.1792819959229
297.39524039914943	329.5257540407642
76.14812077202528	212.55425082350698
2.6454580213020336	43.23692243990848
26.88818214021025	246.61639009404502
301.7047912524562	42.276593206057285
182.18505692999136	36.49677113353933
294.36856388650637	232.0977426846424
62.98324776378762	179.61474432675732
296.4018478627992	188.34985812764526
253.12260384117795	105.2662558100428
54.377915595929444	40.06499076188282
183.95455959597285	163.68501807492504
72.3970247929264	79.19828406143006
282.76795739036373	289.1266100159811
147.86411005761678	407.0474847312039
28.07652330786702	203.9740170005428
270.19098560174336	274.5266458312288
89.59152951255827	335.31786145312157
292.60845029338213	251.40763063705324
311.61895791506225	364.4004008155744
236.26524062996432	180.1854954360098
66.65386022404472	59.50093972724022
22.825143833315533	169.92856779024183
167.47816979716217	6.292203983365102
383.7582343248301	415.2851322674073
349.4184328086223	2.9242593069735094
33.182809571248384	128.15069421404746
302.3494832927764	63.9738645539964
254.84120548211416	135.06223823997203
185.2729094122245	387.96195635993047
293.18981205185446	137.8057843357666
275.77163688056544	226.3015918990598
24.895226556261544	389.26910354420323
318.69945203251905	409.2903542705548
415.30186270557215	107.06482822102737
91.09579004035506	114.09466585445328
92.81318436731821	239.5584323043577
394.4927409013664	13.92462341805811
233.61898686696063	200.6501244404277
101.28932652191821	73.39330581569722
161.62463308866884	227.95898555299667
321.71224332076326	135.77672295698696
56.84265574625664	350.5050337776376
340.68115959842015	312.9588960384764
109.45438728200558	146.62568254292975
183.75251667086314	351.6012680909937
195.73783196763182	92.32610454599283
278.7171374718121	182.11094040302982
238.21956497727143	223.25508787964418
250.70646264562538	9.442576422394561
93.36194103517124	403.69576924117246
270.09824211998824	254.60928694425337
154.2955194908836	72.65364957864189
329.66184630187354	250.47245064654507
54.711785233147346	86.67346461419454
309.6174932260052	289.3046828533334
300.4135389222935	23.136394645985245
210.35464174012478	320.6176830273936
6.361246626214231	365.2637985307042
357.3020588125176	182.28544905521684
406.1987809504205	335.51249759945085
111.89255599545234	224.72954565624227
369.30196257322694	127.14005255199962
3.1126591328319457	143.97653364836606
404.79161690239096	247.53594271034578
403.0580841420659	215.6070070158637
338.08102648358164	371.43774560560365
301.30699317925865	348.73873880218724
13.544657147190227	12.320715585417599
152.92867220944055	154.1068876420311
75.47563994697947	293.80137151855905
179.10064430059424	198.49454142913066
329.5690969535163	72.03849568117393
58.583777405553526	21.453546054442103
236.92930161813584	116.16565112686423
407.2836567087101	405.5034189141909
386.1378626671136	225.18958112588933
57.92726170481233	202.90836963353686
26.380981060779856	369.8471073714007
88.30438856386246	3.19392690853034
218.37395157245643	184.5084412849454
30.568300277581727	222.25287330664636
141.17921232716836	189.2335281231253
6.966034174823022	211.20153427468267
348.5118822843649	41.853855033982626
194.96164132620956	130.74268482994435
214.40147558941717	202.76317125262312
116.95877271493826	307.6192830714085
139.8061994236639	240.4555734162419
66.28477469176626	232.04567982282666
103.30677150993127	92.22769901423993
163.11984676368684	248.5753730839483
46.90351982742403	240.71042954541932
419.9417006529534	171.0252295593526
74.57509239834529	253.22013165265173
133.54584113412898	66.14444189182883
380.40643383901164	272.8972421229737
386.8346121000707	254.63435217854115
393.68314767513874	384.3556644245326
410.87933720664023	313.4619283778595
170.72691266587668	296.47814197463964
101.15147498421474	197.09401761982022
165.8492026345456	168.0577503963422
221.4473799233239	341.44223920855603
196.93195482183484	150.26220796929263
254.94098348376914	209.52620118382387
225.29864361111666	239.89106729031892
173.9141730303068	367.8327514611925
230.04221259554674	160.6330739363929
368.2436266838175	71.47792344445801
154.06502381614442	306.75245293429253
97.52930901861221	276.90649671794876
99.41082510945348	353.25341885638767
349.81130047805226	112.55467097741409
388.77911644075135	170.90129234693424
47.63940257666748	67.91761891220015
376.43986112564977	109.30976747663853
288.47355864554333	115.45438047791208
290.99697379690485	6.425530654838829
355.84648689786906	152.92060546263485
287.2967375758426	83.89530310866016
194.87682972894285	335.32515510516095
418.6562142705534	24.76155229314543
145.87955706614835	171.45498771299287
219.26175571905756	124.54802997757129
216.28739569097823	146.4719590605559
29.955854155725152	300.3494205842924
337.17732026078505	97.22605030149154
129.01096551933807	361.2691036348477
149.03273641735768	5.687257558332764
129.6541434972607	382.2302151046228
149.55861407836784	387.2717876989199
231.6530087347121	269.1535285203464
305.90625018977823	121.81112732587992
213.64060578529526	260.1081981849477
414.39791596829104	230.7240633055626
72.94141992107338	97.79577723511804
174.7479338052341	334.4801172323398
132.01677067461495	418.3118424433501
340.2215800505333	173.98774545282603
348.6772957331866	61.60228312012826
281.54157196383136	24.558616271470978
255.96871710819505	235.1481763889945
272.19327876848826	385.9585898529577
46.43505970717066	145.37029076166087
72.7583429660737	39.643454580465686
238.13361085040827	25.430545528737902
224.56901605906972	54.41149517775172
335.9393350897635	147.72142309532717
288.4856782356162	157.79957317573812
327.0408435495546	280.5007269021398
346.06097117825067	346.2464200942744
203.36026645934848	111.43592212524655
282.02661425046415	44.401685468084054
180.0198434971244	141.78106884346693
138.47559451347703	86.79434112146055
192.90723200036766	313.26740093355846
185.9552253833325	17.29031951109807
346.8392393167612	22.961823728021677
242.12138407573502	251.02742444612286
84.81436039120301	63.10008749658621
254.32649205752722	354.477023021831
290.7709859030166	272.2492859756382
240.84678145145503	90.1281921540738
360.5588883304285	226.7801706576031
293.85496870617374	380.9719162652849
68.77060628414601	333.01566371095987
113.86177811810296	59.04827046895273
79.07255759169156	272.71067850241474
213.98841324474324	279.19151269603896
14.180412850231292	314.31560206981595
410.9283515486592	377.4371594068372
94.48519275203861	215.59418468382194
264.67141686429176	294.8142242502996
94.94052168785734	317.4174890850471
371.3935285954934	318.9645294608237
50.26284295775812	220.86384070943663
207.12727158244329	46.592612780155484
357.57974150717735	200.6736854219607
274.34149684843857	67.2013397551592
407.85976158051676	294.92498599713207
28.011596903112064	329.344520179609
23.56576360545808	265.26688345410025
152.41567420467118	51.15727185729475
347.9402773680059	247.66097099407358
82.07087009968019	190.91380617866398
232.04148584118167	319.9576122320826
314.0360296544609	262.0387847213494
15.56556550914645	122.82618689278029
195.18011215563695	210.308994384239
195.21271546996812	1.0672590524980732
77.70878457969137	355.65512847585006
384.68375673399123	150.04890079215215
408.07882436185537	87.88246041357768
117.5766577452613	265.8502433067967
347.8697185204125	80.83822431182378
49.41832830154188	165.01131348675574
213.28515501049458	79.68197849462115
264.007109283575	48.972979949450114
407.5700276286261	156.85287853836803
244.11948682942224	304.3141353621794
343.83651207186097	213.23766187215486
235.24774375539414	287.8523607978395
378.58272788124555	89.11792777199787
111.35289657231607	167.45438919407215
115.20351593577362	287.5180975750895
331.83568055677927	10.023517242931973
3.4001613615170214	247.36980284613105
44.82125838690223	373.79220864975605
31.582423784134924	19.598095595668443
347.3357397650756	132.7789909809918
213.22391176405455	223.78526126567348
