217.398700015656	301.4484182452964
109.09213638640851	321.7874551443697
277.4998878298157	364.88117436061054
131.14280919779685	314.29505059856484
398.42137415029765	73.30158676188937
362.15039952480424	277.9865666862431
364.3717185827434	353.43923416022784
372.82243316469254	216.71771687026379
272.9838537430331	409.4181659894713
195.67740394273997	297.3872985071847
261.36392959382135	121.7531084154675
334.508561433046	117.10295191477113
197.3331932507831	174.8367660383688
120.89254891424542	338.09236348358286
220.95822432141014	361.26651680546894
132.435524920726	109.92424173035053
314.7763237431806	332.9772398152964
418.7305245147893	65.1310608990075
325.7633822432786	313.75761699668504
60.61652965089509	281.974568701869
103.13613646018138	246.66976623811433
178.81330931296804	224.3404135682273
51.8344849231578	102.04782645775471
66.45403061034894	119.33276862262436
124.35156915602577	217.64020897158903
154.41222051400985	365.43668779283956
78.01026872371058	136.6203417302857
317.860749206706	200.28648767064874
338.81096566963475	294.0467400057578
346.82861376309467	264.52835899441357
96.51114839102736	371.4849354110863
304.5523953738848	311.88042102399464
182.43012703521487	252.86832515784084
89.6976052617436	391.0392539747026
129.7002229204308	148.88978883448547
164.19363979700142	324.8957761051703
311.8283680647021	389.83911783374407
387.5695861169024	127.63422870884355
402.0178904852726	32.87237962452061
128.653531622633	397.87237064140055
284.5974157089561	305.725579321913
281.0162010204354	344.59539036634254
110.32566130025636	24.147203279747718
60.390812690410975	148.88290658085486
203.12069673582033	407.8676865067161
2.6481289282574765	272.85016822687317
202.56562188793086	67.5154304778116
142.71960376084996	334.498515467106
45.71190021635901	343.9645174378175
263.70054373121985	87.44997638883099
46.219571213622956	263.0147186435614
15.480728285300833	409.40552735172986
374.32897949677164	387.2179600494789
329.45992749652044	399.6086849346601
275.97989606481207	103.66685064402806
324.9268234442762	351.9524663337124
153.73711839652483	114.6258031088031
185.14559862967744	81.08016596941219
194.61610999598074	236.88495782294652
387.1865320564962	325.90186778814797
418.9695665014617	0.8582787954279497
223.88449039359057	416.6267115276414
254.36008038835803	160.54172177605378
9.160838818518167	338.1239738260902
336.36230357174594	335.25016257604494
393.3265034852217	95.95436772324243
32.84490751633267	419.7208500844183
256.76238590568505	316.3262525951455
28.63817655758963	110.06675631397061
258.73370808217254	27.508223657360627
115.38558535953109	199.27985775168094
308.91617397516876	11.363856286603879
379.76419686898527	367.2954888678019
385.19288715349785	21.429046710826093
365.9542086878468	258.3393212687466
50.703387061676814	404.9508569265985
365.3784222153199	6.975099016838109
140.1373246578078	130.58381224601516
178.0495559160713	273.755949576279
296.7684369856421	103.94426961463911
98.69957323175807	136.9438971353953
78.803410014916	26.115450491391094
417.19512032821837	293.50965224189184
174.3264261128961	118.02771455702711
35.853897563771206	182.58960920148618
143.14307204816927	247.33715565586436
214.66033781171598	28.246432164328887
11.149464930284719	389.7618756363407
21.309464171072193	151.0455083053522
409.0368994151106	125.9480352040262
93.3367096084668	174.01894675091353
170.93918303517083	22.143189562665974
417.5706327393489	321.5876201901616
360.79338297610144	52.099044575468135
278.0896793050499	202.44430449710762
155.95713791661487	387.1651857907311
225.56931116962625	396.61535651971286
123.93910278878236	239.2280146870288
378.8622840877519	295.8465968459687
253.60566622615693	391.0852176461804
358.7530844630944	373.7446175461364
51.99938036895992	6.695947128206407
36.08163537588636	83.63086577258312
157.3880054006115	193.24629760877707
211.87323118177108	379.70354661567956
228.6032929009066	99.75290468189486
379.0743274531719	176.1850379978219
54.86783334735139	302.247794455948
257.94084674696086	370.3630869203406
45.5818952878776	122.76278999576304
138.82777546836076	267.847837639252
367.96285429179443	406.3122853396792
326.4921786651291	26.75797403934289
399.6301864820828	361.73140937124913
383.1157077457593	345.9405307669564
51.065871788266186	323.3643201869897
40.855715861850115	285.1314119784482
130.65081060765567	19.92762619094319
21.247322901290605	59.49125766765353
174.73549688533433	400.8412453536531
160.1767382525657	262.6333448077842
199.85362316834357	362.58284631281595
364.18837480563985	93.22306858398483
362.8392451401251	26.94729387415097
76.45499118238371	375.16808397028376
402.2253234815281	267.3083217195108
156.10455797964644	285.89077150228417
56.32360861269749	382.58021189602454
25.46998935980793	349.8167454940478
87.99151074399104	154.2290458275282
111.15159458030041	0.8704145841484269
414.24712845042217	200.44706740606185
251.09076060044603	272.91076030692767
275.28972001020566	162.28189779408862
121.28464704650665	92.93999594761233
306.81783352890585	86.57462528858798
199.7455566859182	263.42385518396713
71.23574407397052	166.1275213867369
17.816495518121137	192.05402086985114
254.60691278587527	64.75120544010538
198.60518456963112	196.58551218084605
295.0949729973693	169.46834602304432
166.21441150648	93.44207527985857
181.52158331214366	313.1144235977848
19.6166755539891	286.84322416720266
291.9437755085357	402.2562488525109
231.6732337857111	150.4027024636547
242.7835080346041	45.14902524287719
141.09662053759476	206.00628002346463
339.05365542003443	192.1793951389618
146.98205772815703	33.14507693609557
37.974685115085755	44.98716564207895
15.141936970260886	92.2201855986449
161.34741956583605	346.12672200370207
274.9223684200581	325.44864740938874
17.856204030287763	35.671638278130416
380.96736226802864	42.8282224842026
71.18755879294882	399.4573762954588
398.4857134356957	52.60819265452574
269.6473146082288	142.13882227434144
329.3824871168196	49.126945851818434
69.91938856602856	315.6914416201559
72.33102077138341	6.318204736742805
207.20616186599807	9.258197101280116
319.23791584535724	174.05327818732255
247.0058426909461	410.0783259733342
112.44990374501846	111.5194794830305
398.95222877716196	146.35196175385988
298.34768343591907	210.08618508959216
101.25192886039702	42.45405710307536
255.08550604692212	183.7892362009213
137.75448436494284	53.35557763245461
312.7222817961438	243.54558863447073
269.77329138066636	10.20480699801174
160.97087175562763	133.3514132477319
360.7805050919984	332.96842411007333
358.8457367636704	298.03745176186044
107.94040477174886	399.7113306680514
242.00312771354183	357.20850256737725
332.5248314352399	234.77815878470082
311.7547037362618	152.55939047993388
136.5600851051479	292.89093371781615
377.3010910302038	196.49632174578153
371.50417467991605	238.34951791048246
99.04196767053485	288.22387046618076
397.1936149384415	188.10341715426273
122.8782230617338	39.93857154184539
349.32320696256994	394.14167710863165
186.82639907216037	101.48652456703452
9.503580932364862	232.85257390070907
118.57420319277831	132.0565066138592
237.94425789369637	376.8454602230987
198.13861752993634	47.649527694108244
176.05369777479882	62.89377976666896
113.20953221494135	357.8060604705512
316.3348401282665	222.60674079259664
294.7128065156994	329.9448382369716
69.68406621205764	205.58283750604556
0.08672035262862132	45.09546595117191
30.334498471146066	248.01654241618576
309.02573109934116	49.58327393041658
176.70201813825332	41.8664040309781
295.65223435582124	231.21528573471556
56.5290646002585	179.7328309124956
296.76207459978195	189.67759093463525
250.23491749372434	103.61701276351381
57.91850902443553	47.5971429082115
178.03268637957453	182.87571274631466
83.46061291848301	78.42227459777577
274.21698157917416	286.4131489406848
150.89870463553646	407.65474719996246
31.41646372638095	207.7270486832622
278.4862719060037	266.37777286867663
85.54389661681839	328.495893068987
294.21957908711204	251.43670646341684
317.16915090825074	370.51184930326343
236.50326264095932	172.78393131980835
67.93604082383654	65.04471551135227
15.63029744235945	170.31426205347043
166.72201653977083	0.3884602526432987
388.1152493419918	408.4829188297896
347.87295795115045	415.82645367367246
23.290949443468147	130.29675392729686
298.15235890007546	67.55002431302101
249.2365160134787	140.42073919160995
192.65179068124112	389.0997411083909
301.6401145923656	131.20979426679665
276.22624764828413	223.78427848764872
33.53535027497119	387.123639980726
310.24205052077906	410.40331907197987
410.8600671698088	105.64460936189383
89.36422749714667	117.36523340606556
83.76828662688592	240.46132880277514
399.1056543599284	6.485967585052111
236.95199398978832	193.95188304851857
106.91088167074088	78.69834427739835
160.16416431539795	214.63184440135817
321.9805615390152	134.00449847645405
61.05442484674037	361.7578333190509
347.3299760739704	316.1734860538713
108.57495499083882	158.68634304442423
180.54555633032098	355.73468291423393
208.05702493101614	97.193221165059
277.450030888044	182.43082902604652
235.29338587896004	215.00659295611575
249.00899224681376	9.999361390803859
87.2671723706703	412.3095693866253
274.60338043241853	245.10631034498195
153.90037493465317	73.22919592989007
329.3356894259828	254.7088768183457
57.57675501817332	82.19068465692267
315.03348700741486	294.6023306701689
300.4024084959503	30.566175813764445
220.84584450647898	321.75451346986125
419.58042108733537	358.26209173980897
358.9174936160576	182.49131380123308
408.8824797316132	341.0610943927246
105.21684528001416	226.00797142658004
369.66862939744396	138.4562442913968
5.056916297975087	138.95087234135096
410.6118438247241	243.8753399569717
394.3425335658424	208.86601857247356
337.8888487918058	376.95851906785475
302.9002115388008	349.8739257792351
16.154454977865605	12.001300762822453
150.66978459953557	150.74273395802004
79.0155231441978	293.0740760520614
178.05505927986204	204.20368414319398
320.32695064940117	68.24022386188183
57.95865877297031	25.792678493447898
236.0214011792259	119.76908884869884
412.9295468262726	399.13812352627014
392.0595651477954	232.14924155917723
50.19023758965319	198.9970156499972
18.71656695185198	370.1928172809966
93.74949740439047	11.868742200377248
215.65646288314613	184.45587052357436
29.967439680846642	228.01880228630205
132.59292075235578	187.7517919122
11.797684216074455	212.41802121067985
345.34752928768376	36.840226755227846
179.91331013253412	139.81359021397896
216.87455318660065	205.58174783507764
114.71647814824965	302.30308440196177
144.1761754704933	226.73311497420315
67.27494676732074	228.2956063745392
97.58124327101903	97.72249112460284
163.9364625732164	240.33625999463592
50.830690500332025	240.73744148366325
416.7402649273689	178.86771883465858
67.5703719111469	256.8993299043359
130.48490996123007	74.98836905507376
382.6889385661771	272.62095509127494
385.55767795533967	252.78308991779474
395.8893413067983	388.18643936942016
399.3722782100259	308.46670033595086
174.931386278782	293.5902743587433
93.48826714981149	199.669012882409
157.37072606773904	171.60815499952471
227.70404612006507	341.73171853261294
194.08096235469793	154.37082095779465
257.9761120076348	207.29011670305377
235.74494438329413	239.1322939485448
172.60030177998016	375.5862104968417
214.37201582718995	162.52062676062448
360.2414486997598	73.35524690579778
152.65877790171828	306.3192968190888
100.22074432590664	266.9907598545195
100.96055811423531	341.31212383272924
354.1806652558586	113.495847451528
397.1710147264335	167.51469915058354
45.48462343192294	64.76570098708704
375.51876762134066	111.3204108179337
282.2976973796426	125.18014626076852
289.350469323922	3.075664307794126
356.8643939292857	159.21918227607844
283.5879587164518	83.41577169375195
206.36149952334742	339.0307515930989
419.70586040173515	23.459801952220026
137.32844966463256	167.92585762783358
215.78307816444436	117.14444679577721
213.08046128418124	139.75199914737763
34.99587879954226	307.1021558600387
323.8940246800221	97.33549072436195
133.35524303759078	358.4854603453048
149.89793746328414	12.110328511336718
115.59410293974379	379.21471630532506
137.01672436628778	379.03185313543753
226.3386412360465	267.1852653206657
313.59954620622744	114.79257931832002
215.97486884631869	249.97479640881647
410.49288887704864	222.53481276293678
74.83391833448218	100.48181276556309
184.47255243112537	333.6342451747392
131.20852522145245	419.12968809167296
340.57025071747285	172.1609209788476
340.5241652914908	68.823162510297
280.17457964023964	29.07882552199452
254.15131476459277	228.7703491043686
274.6147340315674	388.8179933322447
39.87156720360574	142.37789846256754
78.79322871835201	46.83874518282237
234.6557971399036	24.23483527629364
233.75464449735512	64.74669966972054
333.0613039865125	153.04423707012154
289.7102281993327	148.03861588118403
326.88599683888344	276.0332517381721
344.6941783030338	357.5086537869008
196.31806335292384	122.32902882725121
289.02040278017705	47.638804750390484
174.82128541661143	160.91853565616103
145.84753750428848	91.69785911771882
200.87254714822893	318.59710196685336
191.56058954004004	24.93584582365962
343.8634182594242	15.798717187658346
250.81532336628482	252.65563802573752
94.16983768340044	61.39442183139352
261.2160053341602	350.06334144376495
294.65392178526605	278.84950023915167
243.7475991957184	82.22470152380403
353.613107925434	223.42201733433996
296.3475835564779	377.035051645328
67.38921503575848	342.64620321943875
116.83344134600118	59.03213769029768
80.62895666239349	272.644019216257
209.22510883494942	282.4339852532193
14.107256557536754	306.89175809740993
413.49716829619547	378.4831097731399
85.49222240493476	219.80727287635588
254.4088582456961	293.6503584130687
94.03869718158137	307.8573342367867
369.8104062740845	314.83139337795416
48.15075711116257	219.3143113179627
218.25617613584822	48.16342851837544
356.08146040774074	203.35890707203478
276.29556779025063	64.47336199821488
397.2421626081349	287.17231650047256
31.355253515013803	329.24474981213945
25.86275475547304	267.7190209889887
157.8787926889091	51.10938012851177
350.9710396909809	243.91252899150024
76.10386502061856	186.46655719864796
246.761226196318	334.73684720558356
309.84683303372685	263.98580045846427
7.421735547953039	116.91587281689772
197.515959200677	216.70002986467082
186.80504161662805	0.4057825397837509
85.08481486471767	354.3120724280306
380.7839039067861	155.81345327390605
415.8913482701845	85.7724138197373
120.82431614193675	259.0750332551122
343.16770001888966	89.49138464577486
44.568043489204086	163.41567820652415
218.73539667375957	79.57830628708987
264.83699403772135	46.89260435216388
416.3664195778281	158.1589265922843
237.5388455970317	307.1831024711801
334.7272680806526	212.54823324960358
232.7745300904624	286.7959866034826
379.3744911207479	80.16950813966082
113.83517041187578	178.27619152193324
116.9707093293805	278.7477996647867
327.471026178293	0.8219712018472538
11.138511275789185	254.15869045548223
38.70775816588043	366.7934211796233
33.76687020227953	23.120493764008767
349.1261681415907	139.3874928940559
217.88866523838058	228.29328040324899
