205.46714154146397	308.33451932718054
120.61516789642062	335.21719084966026
279.450705331019	362.04806109677
141.7027588147395	326.94363582451297
387.23723817086113	70.32311271810748
381.45055918038895	298.58954416149885
378.16642211155806	349.653980034688
381.5447951521967	206.35336708261005
257.39724806196625	419.36429532701504
191.2980170308869	300.39998060977763
253.09458528273336	123.76884332672168
342.92993774355006	110.79528442806951
204.08921896402524	163.54454319861608
109.7706372481358	350.1872575148244
208.2598199712535	367.30606776649796
132.16330901984082	102.79104064059135
323.2571931692487	320.71301733941993
6.013203895373252	78.10242326023679
330.41479382171127	291.55903540154844
59.77246636712116	275.54778335088815
92.18015771373612	262.1734671852155
185.76132060577015	222.8143955149949
44.25129649830751	122.37244776715725
65.57379425369184	121.94192931713192
135.4951167816129	208.85974004286558
142.8346171237041	362.40339609539853
80.10293809880714	129.93466499576203
316.0069737629484	186.7308231920114
360.9049177818706	287.4278577959165
354.6202207073365	270.48964181448076
89.04228768715994	379.9770569293873
301.90171916530807	312.6694842061909
182.2552578241284	240.99051948889093
75.17910416138922	387.7663009749916
126.08343926194526	139.7453234230885
153.88279830865977	344.9030810048706
330.66003642875825	371.9523235551914
387.44592188912037	126.70010931084084
406.8014144904353	39.18268502377987
122.30489743602429	404.1287818465913
287.1022666658312	320.3750961535923
279.0912651723465	337.43638796126174
109.81014194329589	8.343376265869118
70.7851381092311	146.2404986832084
193.9173889473101	413.37287160134093
1.1811481019016508	272.37539182693536
184.20986887229054	69.908560144288
136.36565339431405	345.8370659332116
43.992964275262224	329.47404176093056
251.1137843000054	69.14049638280939
47.25917756934141	253.98945681095603
14.48483079039907	407.8958123206338
377.7503830871974	391.8303948651717
339.47236107460026	385.9052786428832
271.5488016220512	101.84331546442378
319.33364412619454	351.46071637381266
149.07572871412526	110.5707620037689
176.37262959740386	84.78305464396898
198.1068428700621	245.8032776909075
391.51454407385177	316.15608767119807
1.2074849079153867	2.9056177402544643
234.33190490156232	6.640594539699811
256.8486732121729	162.5745258623623
16.55829784960821	344.9463421335915
342.21325393570055	329.6947611882355
403.2956387839094	106.31182532520499
29.757672200488365	1.0562862240975155
265.0824525925687	308.6541745630114
30.989811325255104	89.55132132968473
252.7736697738515	35.09205489671624
107.67607875462947	183.44467837890045
316.49764614777024	17.691152769341034
389.88583200510396	369.3001965791116
391.64236767443674	31.571896323214826
370.46121770892444	264.7784644759543
31.73085340229492	399.80264998662375
375.33247808686525	15.639883180061904
144.28035056625544	136.26826978629586
179.27078243459042	266.2625063056104
305.0050473745206	106.67489038216054
100.50332820822588	120.46580603480251
92.44654388971684	19.02008320602765
6.181949171490744	294.6975221975083
164.48539309715932	121.32915717909466
40.95304544942953	185.9060734084982
142.01571462638043	255.1757021223348
195.50948206187965	35.30442171993982
7.258712832739334	381.3430112027823
17.67587505419189	140.8905999117543
413.99536757498703	136.08120472626473
91.88760546922371	183.4433283799556
155.17777404067283	25.525894509112106
419.80217634538803	339.4356972440746
377.0873322091266	55.50181047914267
270.785977056413	210.74703757401366
160.61877353095906	401.4081925750845
209.76007539756782	408.07851865799415
122.76946138390736	252.62308621734942
399.874740594409	294.48636568645134
245.76894734334314	392.86396350746634
373.0538673529589	365.154325428568
52.966500674174526	415.25709256154425
35.19516083718418	70.7900925229359
165.2271316858889	184.84712161513474
214.07127949489814	387.1305955389619
217.5182624977139	104.24576684309056
382.2708636786465	163.33232751655714
54.12014844316683	298.36360510348885
243.40448378617833	371.28314322276736
43.61482739546405	140.1383939435229
128.14295314123007	270.38899309036645
370.7651830994717	412.50859458164894
316.7498537940119	33.504680912780074
415.45941625592786	356.02753505547025
384.97728832290284	332.1453666795931
41.7690171850855	312.1478257446143
39.162981348486426	274.2683430436374
123.06187887575712	22.63325208043781
20.900190187565403	58.703454461362874
175.86474810213025	415.99401651414297
162.9120509311348	271.6102715529693
192.29630845905683	372.4030330050097
369.31974976553056	99.38880315821316
368.86470716112245	31.90869347172537
66.75592235485927	368.4476835597964
390.4071928272367	265.3400081243087
153.8663477520293	287.1589627056139
59.49864971606075	390.03574509120847
35.54864021576023	347.63394032884963
92.26545536948728	166.1409662570624
105.78960139858528	412.46006479714293
3.1705580664708553	199.99617950754822
254.16140100757022	282.77579774531466
274.30133468474105	168.42041761933166
117.67362708351675	72.00979495139597
320.2102252171727	80.73017577131948
196.2892547928899	263.11810965366703
58.01542559383656	159.88871220883675
20.814440793333606	182.00567637245442
234.17798532944204	69.11770286258502
189.35042046332705	170.54243523853947
308.65474410555737	170.59666645672334
163.78055353618336	100.73280743374431
164.0061687717908	324.9790823032475
20.690031484412035	282.7002886971628
288.52154852863515	408.5211845177204
236.77906011030947	120.45792173495349
230.9111448972681	45.00617604919324
155.53016264271872	200.25574734794915
329.8659940301788	196.7829433588211
138.99214201650284	26.506504909550983
35.81331727825311	52.25657864187149
20.385582709683998	102.9163023340793
164.05050890256604	357.83220516945255
260.5509437874457	327.94071806813844
26.410284585079427	36.016776927322304
393.21950624552596	50.40771067458909
67.43268812438298	404.2737032167613
411.00570308314656	61.7776813787767
269.0891084718255	118.01420077389511
333.66339096759583	51.46660989135756
73.62711250047619	314.50713450359183
75.1385229173802	10.993417422916469
209.2612169983535	22.998117359392857
330.49188541960996	160.23911797981452
227.34837945951213	411.24708531840304
109.78555940851224	103.33434379516983
398.3978197457092	139.87091039790536
311.57555983716594	209.41523225278047
97.64144173245585	43.304830009516444
245.87758392956235	184.35168077811628
131.6534583092903	45.41461884050803
317.1392326723257	235.21254591152257
267.95235249080287	14.251463714861734
161.9460919526578	139.2361709063514
364.2587480593068	329.2152396094894
359.57655918926025	304.58531739375974
100.5267303758844	394.82779494678175
225.1639694001409	372.5965866731488
334.31395721265153	235.68036248044558
306.3799040035247	146.79731278979048
134.39600224152917	300.1341585830671
384.7777450765778	181.55591994987506
368.7122450546705	248.53140272746302
95.01583487026473	298.88142436589857
410.6262083813332	187.75313548780136
111.31405859345165	33.65249463799364
358.4533446714458	396.7852881314938
182.01028902344157	115.75209524316384
8.125348182905638	235.31305424170597
119.386076877446	120.12248990081258
230.21221595257788	387.63687465092966
179.60395401772325	54.152665556638
163.65212759442593	56.427067777971274
105.26637659860285	368.50710293400306
325.0159383292693	220.01849910205243
305.41284140047344	331.98400813152296
63.83515824677234	214.42785127747806
9.767421599144624	46.513810756979254
25.834967068911645	244.72518081048503
297.84834357368914	59.08914127664297
175.5235199107477	37.89690624430197
298.0146203873807	220.0402501492051
56.85793107813279	176.03530873964272
294.07747642348414	191.63120119252414
256.84279445123764	95.78678075013477
52.63293004152989	44.20366525259358
176.2628753744856	151.888898139236
81.37978675716938	82.2750417245061
288.6296043654574	294.2213140965977
135.8077942613096	412.82371149664516
42.84677182532646	204.81245790400806
257.29108606285206	267.20457168851516
82.38208892914808	329.60616076686784
297.8254566057231	250.1964129827716
296.60165904399685	370.6267944817591
231.22621663667644	172.50731217361871
72.7197841022571	61.07705823544052
18.69816567413286	163.90566142317775
165.95608638500562	9.663201789872874
386.8426869706433	417.53259378680525
355.78719477951756	2.940734578431673
28.667589012430952	125.53769766618474
305.3461053396257	73.04337225445698
241.56203462463068	138.40365465945058
180.48550429239756	400.4201294829184
289.56971172336733	149.26150178304496
280.6310879863461	223.92854779259613
26.538549839287747	383.38072943781845
324.24670678497955	407.073295456317
418.01885138379896	119.53791317311305
88.27215448831035	104.63471899350657
88.12434734790968	242.02712287291928
398.5431612162884	10.040072846308876
228.45425243195118	190.81301257564039
101.46132471167543	69.55781275441785
160.70769077847265	231.5402904052501
323.7631924605371	136.16819089490053
71.45260343908087	346.85301901361083
337.156106651238	310.1091792511861
99.66514857847557	146.0572161703848
181.108861406787	353.02107125886783
195.4230446221104	84.9881338381247
278.1638289609099	186.8802437461998
235.45331676733258	211.12502741629447
251.46419397262554	15.809786606271643
85.24848810149649	406.96460602572614
274.8085815790723	242.0728292610253
155.223820489313	72.49731067186848
337.61205109426174	256.30557935658567
46.94328386342898	96.72144153377482
305.9029492922348	287.5964514458719
290.0303428341356	35.198732307286704
200.34005254276997	327.72917406459266
10.548531697919397	361.4032928970882
361.89298155853476	189.31756648630636
405.3611066925668	330.9884434439828
105.0694022893552	236.83986292161427
363.3276035942807	138.0661322375616
6.687613704227951	153.12340117765265
414.8437198832934	245.33333712170344
408.37953480959703	208.51637755629395
351.58607861052405	367.50383006159257
302.26828370092477	351.9008755309835
13.013899276721537	22.21884865067674
147.69299655932386	158.39256689324029
74.88123426994336	283.68101675716616
188.81706799683852	188.54571057683114
331.21037359729615	67.50276721428749
64.69209059593707	30.197588538661442
240.13338497310804	99.46296688511337
391.94209690867683	401.0382340007263
383.55290698314604	231.92433627194117
58.18474272657156	199.41567539823637
29.304537142226568	367.0264750903794
92.62033582875209	3.0129880332348784
214.07927099830064	175.733583141324
30.02577504547874	224.8017537465082
123.31084894194106	181.2705847884017
17.959169042110663	209.64313667486223
347.13434474230417	30.340670210432247
200.74047097019388	122.70569912100692
214.2175267286635	202.8166992393248
117.2979606701916	315.69520119188735
127.48500109908872	227.28859234215844
77.15421803884479	228.05797427759842
98.20053426697903	86.29180556637245
158.7089124201546	250.56987268993458
41.96051072215128	236.53167151664164
3.7056222541762263	177.32643567541874
69.03611488533505	249.69698984177842
138.47581465361785	64.92658106198841
387.0295164163205	282.27071001973934
394.7038572304232	250.05643377774763
396.8895784133523	385.4117070006646
418.17452319303516	312.70544088680856
172.15150802665502	292.5585978765248
115.64954738551776	199.77089974313708
168.1139884373437	167.73171257904667
201.64304520392133	351.18032156080415
199.13051969512696	147.6952096930463
251.034542948061	207.63796632584518
229.54507917077558	248.1118540662371
162.44371724500652	382.3760703404559
232.58309193231423	153.4574248858311
366.79768891289297	73.6415452484561
151.41280013609506	303.4684557974084
91.38795603730306	283.2937991108253
98.10085263325821	333.41325703952896
359.1941382806206	111.51714337628563
397.2901336066026	168.73076909897247
51.879019879341406	64.1257831812868
372.9341990526577	120.36208871944919
287.8270715594411	123.5806977440975
303.7053492428626	7.802140954977475
362.88698441837676	162.66843846015237
284.37366403499277	91.19891165264214
186.9473767034876	338.2728798998993
415.01962080682205	17.929918453103465
138.5496323716059	171.95879803977073
219.48284902852012	121.93833079784598
215.59557135468543	148.89506656612227
32.55681810217874	298.7794787619048
335.39682622953774	93.18781962681761
126.17839278413234	358.26565395305863
145.8291094802404	12.22556659375563
135.7330928080162	377.50098046637663
144.46585897904498	395.8828575374985
238.47813324748446	265.59685107949554
314.6019961004797	122.0596558781799
218.00897810914873	261.2942826762369
1.0722121545715138	220.58798965832602
66.00201845602778	94.02730351807867
170.00525619377132	339.6429613122687
130.49657955870458	7.876814821767123
351.5643946818214	174.9136878528425
348.93243207332347	62.70951085696813
275.2970798544694	28.554694350842
250.939100117562	227.96934678407055
263.1415822598487	385.47566998211187
33.73954140425795	153.8043979755907
83.54578614075612	32.4522356118497
231.0418843290357	28.119805993867452
218.72493460200076	62.968503324405056
347.08855629541864	146.81023882667535
292.6956209352405	172.67110925544083
327.6228044191066	273.9343270858865
360.3368895019307	353.43203165939747
193.29138435468928	103.0493535146008
273.0887361095797	56.95485873093236
181.30316147498027	132.38543571325005
147.78396436811474	88.5162052545801
183.02967149582304	315.5077166042768
180.51592734170467	22.638216359334493
358.49315985937204	18.73700657970303
250.86411589666977	244.09112680297687
89.67882407950411	58.23514769834299
250.54625595359536	354.16523113972266
291.10604277208364	276.1728961933446
242.72849087213143	82.5464703637149
367.87449906522926	222.99380110451844
279.94093067581076	380.4366350421385
61.43449965061763	330.4536407486987
114.3219815334072	52.433079431459475
76.58825333865946	267.2335194563213
203.62568476764204	277.57704795296894
18.052520241425533	309.3529593005465
406.5242327884683	370.5833557726569
91.75123008274547	215.3206279081609
270.86193858405767	290.68313802693905
90.85569056740478	314.8039232354936
373.56053364899975	315.63707579691794
57.063925089714836	229.3541736741155
203.55174238948837	52.13439281558432
364.4906776348995	206.3005118534969
271.65729057882913	72.72980722850102
404.41440585910897	277.06097217385474
26.455730659704884	323.1011782841397
26.684103689615114	262.40538971046317
151.32150390496574	43.42780328427926
352.887891950439	238.4220862186516
76.21088896662083	187.01416723494398
226.98159619553937	312.365097486952
319.2479530098441	259.0915320810607
14.16046162199685	118.47405761324345
194.46653432393353	208.64425853744933
198.05036089361	9.643465476071988
93.77789732716887	355.2065938995686
377.81868645293855	146.42764274843208
413.71217131474265	92.18955813276632
110.62280309215572	267.5338765432244
351.0091268605219	81.35064174017901
40.60241008784958	168.86974614669643
204.95804436977596	72.27026912458795
251.2768351475346	52.38130017225288
413.0596203139268	165.13612622473732
237.15797389606274	300.299156821276
347.40302257267484	209.02011889045107
217.097537153188	288.51272186792124
381.0328900569002	87.39858991954732
113.81894688607318	166.82391445803916
117.7028204127554	297.4006705549474
335.53138291762264	16.441589756395977
9.385689334549038	257.65583579365097
47.317862263287765	371.82209839685834
43.628871656155106	19.319947864488093
343.23017977019094	127.6987978647119
202.565426416997	223.73985508834488
