216.40897700850735	303.17709051744515
109.4411723927442	328.7963216538887
277.02666404922746	364.5004940859077
130.84859233156843	325.159507685232
394.7469502208199	75.70569694068747
365.6789116073741	281.61394556829975
363.78119864707077	355.6318650747643
376.10326535752466	212.29562268797972
274.715728180161	402.3205730240274
196.74685838900197	291.26171612141366
263.4364741844526	116.92221497175892
329.651400717733	116.2103581337625
207.55778478225594	168.0278807659017
121.5657966306064	344.1015636036613
217.45135972943453	359.6473776052329
129.10340319911472	105.42410981092267
314.0736318980496	334.8011438414253
0.1896241625811159	67.79408297918665
320.2349242461812	307.6083953986005
57.54808995767488	280.4892296331936
99.79984852547715	251.63305165537724
177.62904419596455	226.3615395722994
53.681938774943276	107.21734849353963
70.9054307740112	121.18875148602318
131.445619239582	222.62491786228873
154.62693443329596	366.1783728917071
83.11360524033572	136.05262348706412
317.3984663429564	191.38306940115882
345.07489372280054	283.365077053768
345.5892465860946	264.2137156466617
90.87008962749266	368.8348640904979
297.20523224021167	309.89515819078207
184.30141196155654	252.71671731392678
82.61824342933993	387.94064228013735
134.46070226248767	151.2221538065984
157.83565719118008	324.30500377700974
317.7369603583719	386.1194591921163
394.94125609882315	123.00702793333144
400.2494219479691	35.21573710762966
122.0447414481216	399.12336553734855
276.0316355463569	314.04619794698556
282.9947744777108	345.81642837979336
103.72032100652905	22.48397074202049
64.02085926616338	139.26673518944952
200.80508824358427	400.211219246808
4.234155115399885	273.9503973684454
198.60745958318702	73.82206231162756
146.25652183436426	339.72197412735125
49.29879503564591	335.48055111035194
259.94170492727756	81.34689477017085
46.99335222381184	262.7251510324968
5.1899586671675255	408.78610818894117
375.27789325677077	394.05628266473445
333.90390090131217	402.4805710211256
274.3773907938281	95.86628542071246
325.0094590752217	351.4105005224383
148.10954844522044	107.92958732208645
177.63641244694838	77.5832556621184
199.0914432439017	237.87967688185276
390.8949530902239	328.56285424895106
412.0451596160051	3.9658668777123895
230.97800485098418	6.36272430903968
247.83169792354883	165.38233796812048
16.918991577695905	348.76109351945894
332.92890322572623	329.8261175087884
393.6713107431184	102.99929859369266
32.47315463019243	5.148770229275767
256.57119683398884	314.7943316363903
28.616039699084155	104.62497195378775
258.6315068308399	26.011718646932287
121.12869725355897	203.5543876703752
305.977557859069	3.6708068652477523
384.94723551699894	368.21479216188953
381.21270546638846	25.5378270370559
365.41699558835097	261.80074026827003
42.31998276453752	404.14794109690047
368.6430842661031	10.458587611163102
142.0065256577031	128.3161398520701
178.2365694848079	275.5345056551499
293.96434551807056	101.07301939318391
103.75222848848355	137.5325843359165
76.13709495197915	24.843188316710954
2.208807212036527	296.8459062317666
166.2495568822208	114.32280233810845
36.189407998892264	185.58343006274484
141.11047741562098	260.37457933181474
217.32597548340988	26.74922978673534
7.188260406585096	389.6982887841998
25.91961192646455	149.16154465067046
416.52620124987817	126.71136370818587
87.08292980631457	174.26517832332684
164.4365468851812	29.806705383775824
4.102886928561784	325.5757789571972
362.85795998656846	52.13105296128226
274.53799810272227	197.6578748072777
165.8484974018489	394.14780178280927
224.52150151287196	400.9075755490772
121.03563837937881	242.67445735448308
378.45000546635424	296.16348956626246
255.44599431193237	395.3883470577248
361.08673475380584	374.6493276672102
51.82240863312615	0.9804668252107773
28.437556731793723	79.69587070485137
159.3629744366677	189.77930738343264
213.26081732883608	378.9974976138605
224.40504460005798	100.28020505004078
375.17047532632773	169.4792488248535
53.72063268023803	299.778297503943
254.78048910513522	370.29334251634737
49.38651474484514	125.89495590843931
134.3968303689373	280.64941329582655
364.1222174815626	410.43063784229133
319.5386761781818	25.442554878560813
404.5423704216364	358.1231732813885
386.8544316987302	347.49017077970666
44.05531545452175	316.7253289215995
38.325087741144664	280.04707153245806
126.17304267456431	19.91078316456358
15.876200451146877	54.199259929798245
181.3142240137864	405.39785734216673
161.69274806567853	265.82684071427707
196.99577250244045	366.9035494023711
360.8558074925266	94.23898183835563
362.56586464611115	32.69838290890221
66.72845641129538	372.6394112736991
404.65665974387423	271.04463357039856
156.34950205269212	284.4046283618619
52.918293514983716	385.98839918381645
36.40380751221284	350.2391314745769
90.6318209396885	155.16717630199614
109.08030709018193	3.3146924109187914
413.6623666863566	194.93163889057584
254.65265513184775	274.60935215043025
267.4440652811839	156.35321618162536
114.73630967887576	92.07917659002442
310.92428328717295	91.51718266872804
197.78137470318345	269.3423025422128
70.01207451726123	158.10270466434133
13.979747381381733	193.2980445817471
247.44401724232745	64.15723946177428
197.28469944233586	192.8216011047066
300.22715678204986	172.81113992103678
161.00777427491522	92.08809347310348
181.17279050504467	312.8140186938235
20.007249027197503	285.8129224695375
296.4337146091943	399.7359586444143
235.2089657331488	141.08060481404067
247.3242814431752	44.43462886188964
146.29751467226822	207.8570489600033
336.93600280686803	191.94696479154953
144.62438023052283	27.60415933214959
32.77865009727556	45.17456320849738
12.958504706216646	92.24930378355279
163.48375247240332	348.32461545821974
267.4050938645571	332.04312130187367
15.2148320902943	34.292880335018964
383.3969768812242	47.094792148670166
68.31661165425507	403.9315659758003
402.6332180629942	57.92828256662254
274.8393695755766	137.2612434334616
325.45456870716737	44.54515202027914
71.37609419410273	314.80467352444117
70.79167361248045	5.673983052964514
211.58254343685482	8.219948881757404
319.2108226967692	170.41104578712748
241.57870937108999	409.513590834524
109.46935182926298	112.85383382544607
401.04296485696005	141.74529337760154
289.3323365620757	210.47115581518497
99.02805810365551	46.625940450872335
257.04566070542904	189.6599200021832
138.39196087176546	48.32810747535155
313.6553074661983	241.781319197527
269.77596701978524	7.357168673221305
161.4805257047252	134.47460714129681
362.92000880824276	333.85385169730307
358.64122182200293	303.22746793689174
107.00553571013752	386.26303038047547
238.22783397768364	356.8686423817044
335.06427887042804	231.9462502421825
307.0385088142289	151.6003984376011
137.96518883822458	302.8325086087415
374.094513994008	189.23713986799663
370.8625314586634	240.41753650834835
94.17465366026916	291.35851410668624
393.7565367145538	193.91939918390474
117.9842690665333	39.71638757768131
353.2744900563308	392.61779329073875
184.8730551650854	109.4324627449483
12.356762454674273	237.0345453253625
121.83180855450179	130.7283625538762
233.81073716136373	379.3235747327283
195.07235611816006	53.141804513214325
176.5114989902396	57.63127636040027
113.47339351408046	363.9061577902498
310.6285096027481	214.11703620862113
295.14173008441827	328.9973783068796
71.65804564750457	209.77930483976374
418.43015394429113	44.740149844918555
30.430745644342135	244.21077902792538
305.0715164469755	45.019114911820196
181.8994563425622	39.000050490751974
296.12642766952445	233.98932253739292
67.94913376466808	180.88548974066492
293.52378042191094	190.88128012824086
252.4213126211224	101.21532440130123
55.79754783787704	42.20394511411268
188.27612967203078	173.55593269709874
76.74782493534818	80.87459403048052
286.9940645954832	293.32378936031444
145.24132779793158	403.99722078007767
30.17925155674247	203.7899163609977
273.7030591647877	269.21759440724577
87.71660447952613	332.12343678114894
287.88329185502033	255.7446759070577
313.8272866630208	367.2008600959897
238.7008963839553	183.4483728791842
65.41884408745588	63.004990677543795
24.42091378871664	170.0249512838888
170.63517705113233	3.4068611892977416
383.8153359762081	413.04544804263026
347.54353789147854	419.9125296017165
28.989014341963372	129.61550143639633
298.6819963105693	63.95418109213165
254.2551477685791	135.33539198141605
186.85279173454086	386.653268153507
296.34731834362435	135.44812450687576
276.057947802694	225.70501101620903
27.28597231297674	389.630737090835
314.89467117098206	406.77748459644226
413.5729147721801	107.35544747930292
89.37712814012043	113.62981999528358
89.51294145132525	231.49281915570157
392.8353367835754	10.247692920384786
234.37194859645575	203.39047659846227
102.12686536703406	76.0174897814725
156.22706929952685	225.57229191516274
319.1890518337547	136.71431661532293
59.291946113046244	353.63543925674844
339.9968018191702	311.63236220749985
115.21032609755692	153.53301280199722
184.4271281582879	352.18110879556264
201.3180773586696	93.1306643031327
276.8281217351901	177.06238148693524
238.80084844558044	225.42086280732912
250.36715862205688	8.796734024844492
95.62322112863994	406.2537985994423
271.86090879725015	245.06340148526368
157.96089506580878	71.0141452045695
328.624056483964	254.3446705847247
57.19127751474022	87.1135291873113
311.46996310037065	288.06720374008665
300.22048149341714	22.129805643194445
221.3044578463838	321.77934505349634
3.478537388478117	362.43446187541656
355.19665292085045	182.75053752143043
408.2938584776376	338.85881725958126
110.58692376768595	226.28845333142354
372.21735734613924	129.54469523715963
6.413391512873332	143.36455118855682
404.46510770603595	251.89312174600008
399.52888845582186	212.59884129528405
335.54311349334466	373.57037247603074
302.30070091976165	350.4857600949877
13.760065236038889	9.38817575309106
153.80033014318295	153.2230262064563
72.15058568540456	293.5512596016326
176.3492574051269	207.07703528746143
320.681673905645	74.46029003657286
55.27133999126629	22.991670581393926
239.07999901943816	117.39258875270819
405.3971977220348	404.5027704606845
392.03214518226014	230.33678334263294
53.6619874647564	198.96455068935745
22.889720851768953	370.7873768663766
90.05366716841382	8.206233407323307
218.90982744940712	183.97309891261077
28.828094863716426	222.86388453378413
135.23875111621098	187.31361283819328
8.533432771689537	212.25753644429642
345.6321422596156	41.96776343562067
190.84882837444482	128.44919157798682
212.20010851570268	205.3147155785777
112.51669368549697	306.28933318182214
143.91698632840348	240.93138250151253
65.8858563465504	231.69996558038784
95.704697463559	95.32595198230376
163.8813225195489	245.61563619875534
50.07584223938498	243.551910974012
4.819785386827776	173.47735534168822
74.40288157987224	254.86643825746404
138.63134359705137	68.32800605330077
384.9922466966496	277.27163340138884
384.1487952029844	254.13775064340393
393.8160669422461	388.7650504273015
409.505947112947	311.3452007111055
174.32858546992804	294.5411479117592
102.26287049891141	195.49297522787342
164.631941927771	171.25365807016664
224.47275615107236	341.55951216655467
193.32791918839467	151.02692788032616
258.3289042538413	211.51729798458717
227.9484451350945	242.1883802764112
174.37394500059818	371.2043984376399
228.4789116369315	164.33967721849749
364.91987086086874	71.71658657817991
157.6577980820308	304.918156897015
100.56855277959151	271.0034843541048
99.65310597474402	348.78411488288833
353.362228051964	112.25585645676851
394.4032731110396	171.17945760063208
46.33795855082874	63.655290461200444
375.9697631952252	110.49621616712264
285.8643709929698	119.09002857447186
287.5907524872197	418.2036545728841
356.36898196004495	151.70399247638207
288.2839357944713	80.82453562715965
203.3218209668442	336.6122917955696
417.3679951291384	23.51011944221285
143.79860953984533	169.6173724359316
221.44225417739054	127.58732446431327
215.3026849007438	147.64560379545105
33.361827079742234	299.5878068583954
332.8402356505762	96.60304412715887
136.61309508973338	357.97908472008334
150.2293865026376	7.113939822951609
131.08323467760576	377.9726076429434
149.0667329042138	384.90131177516196
230.13855040226863	265.2976350804934
307.62448328438137	117.94654841341524
211.0710172813997	255.0317549843803
411.639969680054	228.74679269366126
74.11840961347205	100.38571184693261
179.23241078978768	332.5783638932405
130.27450070832475	0.5780080836595421
338.7316694791137	172.21844816575654
341.7967036474205	61.10584648045282
280.1008403367936	23.706546371454156
257.11746526713665	232.81027285100748
269.6551072755095	382.61688054469835
45.8957513493598	147.5733342600777
76.48989863579689	44.30402810005715
237.99396890878944	25.230950308841923
228.326328647428	58.56811909986568
336.13507920343983	148.86787125837265
287.0014714142281	156.78772848896068
326.52425881468884	275.35655785590933
345.2385655046935	349.87083143561324
204.96573469298568	113.52915915273663
286.036527059875	42.03370346485644
173.7121037797187	153.73631309829958
138.70294828507355	88.27769500042746
200.45523744326684	314.12582615457956
189.49671042504716	20.174872395466192
343.23647589296337	20.83943646330355
246.29753421829113	254.545542687248
86.27693677765589	62.91566662107792
257.6943354055639	349.9433222700983
293.7692320337797	275.06281735548475
240.82994426282357	85.64904267352935
353.6208705492177	224.89530120026282
294.8344989375354	377.2931919144423
68.51686334431582	335.9630846017576
113.44578543560293	60.437668637280815
79.11752994926609	275.7660789095792
216.30326440337873	282.08477495183644
17.41240123636345	310.18281176853094
409.6009447735616	377.265094325914
92.02105335542699	212.30852940771834
262.7142757461742	296.59010536425444
91.81747600151958	311.8067716086986
373.0023809341354	317.5701942754929
50.627258094820846	219.57388748359904
212.55034916270782	45.23662809489902
353.4378183337527	204.444445914028
273.0112936766603	67.15756070713593
403.379468343337	291.6924637432605
29.555570568979757	331.01203547560027
26.484520209656825	263.04929205406165
157.56337538545782	48.26763993807767
350.79055590650785	244.31017715254927
82.42414822142021	193.36833406215524
240.40123501225463	329.9228490891104
310.1772674482494	262.5950068059663
13.625651717338428	116.70976752543349
196.84993804889876	217.0078039331821
193.53701914304247	0.09734487601798282
79.21558525814713	353.1980461471354
380.74202196520747	148.92453404552575
413.549076630257	86.12234851714206
119.73295068299306	264.27272749390914
347.49363548071557	80.36632309131892
51.35420737964426	165.97356093960022
217.98740969246086	77.91114232532883
266.8454986525789	48.81160400053519
409.5332175505026	159.30121161811184
236.32366688792965	305.4167083168324
334.19870609964903	212.62302250549152
238.67331612048653	286.37714460182934
378.6665575638882	86.47460329829163
108.30738697745534	175.7565295680074
114.18363253398897	285.96029397796565
328.48742843357155	8.132933434785446
3.455408039864378	254.51004604396215
43.49131199274581	369.178564215703
32.451432173027236	24.706640512654886
349.29866724827656	131.77483527530308
216.04157458975328	224.32922329570377
