210.03496728267888	299.9881794192223
116.75629008217973	325.2992969805818
277.5576471013003	364.08276308130274
140.4915550279337	323.72110456538843
390.46159908432554	71.72682188214287
380.3714123353868	293.959230882383
365.7966634778949	355.2369723423433
382.4543995288591	203.49590266643233
266.7537476469527	409.2727482632642
192.96564122124565	294.35524946745846
260.07115806207344	121.16823426268945
329.2174262478456	115.8423426688458
209.79997827523533	165.81890230257176
118.46723191262645	344.2568099965126
208.41929174864646	361.83859954598364
131.17412316094178	104.79791258337906
317.05644087867563	327.3808885808396
6.775171086317308	76.98478886890878
321.5457427751578	305.3165712421407
61.58859167728331	280.10991816911195
96.77570340943277	260.20467483252907
181.50571884360767	224.10837206413873
46.93145569649134	109.09323567390871
69.21396953314631	115.82336551753129
132.1920993242179	218.9735726955659
146.79979541060237	367.2070025154696
82.72740970790093	129.0833327202505
317.1191738977937	189.68720799108684
347.6782530366938	286.9015046853579
346.0145933076267	266.146499316325
87.40229686308275	374.3478119422436
303.06513262328525	309.172047522406
181.41421372576664	245.06551390476824
78.20013024909844	390.8621276108262
130.40151586022156	157.74515088587157
154.3926728113898	335.8391939973909
319.67156561296594	379.91052528719536
397.41252670537347	118.80648213077255
406.2268878295646	43.030482423048774
123.89619451139038	398.22787853250327
280.46738677832576	317.6552487335523
280.9209864391902	344.19150813271375
105.8135502442515	18.09770387890955
71.79381036140146	144.1178370583757
197.83170052703557	404.2458436905637
4.482231993240572	271.30364045572685
189.65555357601227	71.02790705246147
140.47933156070778	349.00854910213246
48.84575314036493	332.749911956985
255.52348005266282	75.22569930113228
51.78368833162353	256.0049422057132
12.067079023466286	413.30444804309053
377.5589225691968	390.50534062220106
329.813848112377	395.21300040097566
272.8011987388385	100.78485882545594
327.25725245329795	355.9076804341744
147.8561450855249	113.23320311609908
172.73903350292795	78.7567066157935
200.4247323753933	240.00120741000214
390.41001418979187	322.46042426970894
417.05539177623046	3.5799870331813377
231.53684736475626	4.596619932181229
250.3959616898497	162.32175453723914
20.590858232278155	347.5634355877585
337.0522336260167	330.66191416007626
394.8427001853493	100.60557520701023
30.055980869655613	415.62691640855536
261.56324109091554	311.7823571438164
24.95150519304427	96.09834751247173
262.2138332600423	24.788151641012554
118.17380714454951	188.52470908010557
310.12770601982265	8.51978722419739
393.51600888331654	358.7562129173711
388.63384305273064	32.52536286199918
363.7751619223997	263.2483013802929
39.68241148665654	399.6186826025835
379.40310005094017	17.123186193045115
141.80535001953078	132.3160740776684
183.85698443246497	276.95656987618173
303.70882656696006	101.87537578911943
101.64463199678212	125.87553031794602
85.63524207799784	23.598517203815558
6.388062077018224	292.8593274562366
166.38918111180982	119.6625710053523
41.46485742752008	190.53290276875418
146.97355235654476	259.59319660622725
203.56570841282894	25.096193073011758
8.049436425118838	395.61157209641016
23.146552423875395	143.8799397339411
416.8207366905105	125.6702962759436
98.13310109886248	178.5385394097064
161.50837793787622	36.84131004839352
5.640413932786276	332.76036163948925
370.4587862650915	54.72460878604003
273.38964992696845	206.98310210080444
165.19841285516443	394.2855964854727
216.5751197816141	407.91264015149176
114.74895157305419	249.83416965315624
396.45305618913943	303.6936021747902
252.54763091658862	394.8702926275446
365.89658907636294	376.63446425326
49.29690160485505	8.7795238759947
30.024741493729202	73.74743402285513
156.71056299330664	186.0329866960129
203.6903366911	386.8306114507204
219.7941403701915	99.73325327884316
372.2573485664794	167.76036844890652
54.64496854814553	298.2154109088226
252.6939147961653	374.4308505765057
54.15674276702008	126.40960183178645
135.36590522778326	277.3999613283328
365.2935952971443	409.3905398891662
319.1475501986032	27.106576722557456
412.6504459897337	352.2247792231264
379.723696661071	336.83994338060234
41.853135057598315	314.9939622380792
42.1679224120731	278.3748535785911
125.41068502973489	20.962556319813217
14.493832374412602	57.63520151089414
178.8929179357995	406.1979348960704
163.0551784988703	270.8085241893716
193.372990101965	372.0400078221516
364.60059580668315	98.5230839547872
369.136938985672	36.28793817680306
68.39815146561232	373.13890923917
396.52440402409553	270.13825553455246
153.4918347540952	288.1707270466332
57.48906164662591	387.58468772812864
39.99672301790583	354.6068113596283
91.9286534786853	161.52173920676486
107.98390062857754	410.5984191352935
412.70813443155276	199.14443519696786
247.27597870379495	281.0968119828399
268.3290111735685	166.01771060631185
119.81646225640533	77.31972005191653
318.9725211294227	87.34340245851708
196.72271119823716	263.84443786532916
67.65550092202878	162.75707887462264
17.653588609192905	185.95505712169984
238.74545468751526	66.82555104545551
195.36934011861754	177.24487962136288
306.39462167976	171.25856959118158
160.7786260002983	100.66455385114043
166.28834156167522	320.81623122937134
24.43052653649549	282.82939983548556
290.9668765626608	409.09612488294715
235.34558046421753	136.72177469271782
239.95928573694317	43.889722752336155
148.77215399856368	204.21160385243635
338.8074550877882	197.7208746773537
144.10774503248405	30.335943457035665
36.30187515575055	51.19460694212506
6.207897942016928	95.0529060746292
162.87360244193445	354.3970120087453
262.57485380083773	333.7161561133703
23.10420620196753	37.767211652138705
389.4796150283925	51.19281819415088
64.78120964902823	406.2288656055134
408.0269242013255	63.47285009280825
274.16934953155646	135.77893284876114
328.1253901415019	52.71118597350555
70.57037568073105	313.33064440498
67.63215379161231	5.010655769587509
213.15378181098978	9.30795844795053
325.6664958499207	165.9625396075707
235.78891582845768	405.7177842492183
112.27858016413663	108.06127287771545
402.0633430302583	138.39227779208176
297.4607130137542	209.00952945742756
93.06821537720683	40.28896727231734
253.36463223493382	188.928437131349
129.57187764278999	41.60745714020899
311.9611949862744	244.8304398973608
273.8024913153624	8.239395432612028
159.7920513098658	137.2904751026114
361.51286645665095	331.580561579117
356.23090029551787	307.50326630162897
101.48356865136209	387.8947309317523
232.29909696673343	362.2481024765932
330.22145653030395	223.61645831114726
310.3423413998646	148.37662594543679
132.17913300614225	303.684300628022
379.960354581788	184.452738237262
375.5096092768694	240.00788587213566
97.24123722312486	299.31502523626546
397.38328156756813	188.62495566490844
110.93105146970902	40.97290796768064
355.84964902052405	393.00299493638533
183.48881847202432	111.81109065442627
12.094328975651498	233.7676504705757
124.48025306927981	121.45263712622258
223.84980871766814	386.50615472797836
187.23843108321284	52.56842227692072
168.9091163257089	56.53856597003005
107.38244962304377	370.041908607265
316.66452378828285	210.24737713075334
298.7721541568735	329.42129210743025
71.40338936582822	212.76234011403778
4.550350143449221	42.04909534803727
26.921085168470768	245.1157381208396
300.9579500412849	45.1622738649955
179.63748371718913	35.576682841207386
295.27686176849363	227.5753113114472
61.6893822940481	183.0206501486142
294.2072711535753	190.11832793404957
254.76012684970854	103.46104826612842
53.79486317529781	43.4619315737811
183.5073941340828	160.8218397514985
73.7932988168728	78.32311910298088
283.95600819504153	289.5015279669765
152.02857646686167	407.31205873616955
28.51787539627352	204.16734601458924
267.3100206746231	276.43804009256246
85.06734466821905	339.6326504876605
295.7872617150156	253.1335666351543
310.925831524211	364.16556017468656
237.74897252791132	177.49626986879161
67.12589791097517	57.22576405186737
21.391678778565616	167.61436512211586
170.61891494413103	5.989744982462221
383.6009595595878	417.28125696363367
350.9619431148934	3.0981241110763365
35.142225225449494	128.42974396718324
304.8730984946864	67.49170762055826
253.6872314675366	137.93061246205497
183.33740515806994	387.80960231593286
293.41171490375666	136.95647843479028
273.4747993808082	225.6074244630122
24.569395523539104	388.4664854346374
320.2386399282064	412.54129383633517
413.18092108117895	108.02344877135843
89.84376615229246	105.22545167564387
94.54483892575756	240.02480323096378
397.9227189216462	14.460314751276544
235.05061540661774	199.3569068690841
100.39263395460884	73.43073295195133
163.8966615197089	227.34192777126285
325.5716770186609	134.2490462216532
60.12570149544494	349.32534432392896
338.8697695549013	312.79848617244164
107.93372854202237	145.13936855806173
182.90110736243037	357.0330536915987
195.1913109948472	88.61399347592628
276.9470160933157	183.68482710311227
233.95318644572697	219.27153025625685
252.1192895235359	7.399162914784027
90.70184121109838	406.1258486019833
268.71641761077655	255.2990393634376
154.93616471025337	73.64690075285186
330.3149975286617	251.31204767094036
54.953146339495	83.66410773488893
306.27984707433905	286.0078507923059
298.74257118091225	24.056149918143184
211.4228414633461	323.5601194071503
7.805559504250719	362.27750160122434
360.5793048617814	183.59993562241917
405.66591151704654	334.48840306534004
109.64560535423455	229.38025361064652
367.3139897112264	127.19295640641332
3.008776524164278	144.04511429934212
406.1566435511872	247.28052050759584
400.77398379458043	213.00862009382814
339.9026742071619	369.9070016838451
301.77657444422687	348.00201810393526
17.030498558266	12.47029639676893
150.1529498347162	153.63078241887823
78.38415829286622	290.327673782027
182.41772627964235	195.85198850834786
332.74726727365817	73.86221303688635
57.61951804806782	25.212525439829214
237.4627934918223	114.38693577266292
400.2383627029077	408.215296833789
385.11447901381473	223.3460064757966
57.05702828660978	200.48093687898287
25.643052998557003	368.6799491325493
88.59186961144395	3.9530425986017232
220.96273631106567	183.97181339670368
28.51530000966575	224.53098171058724
136.47364307666936	187.96501030182242
10.045601200109452	207.94708991175887
349.002743070139	41.52710949990222
200.0258511079952	128.23928922670387
214.83103705386662	201.76279713120496
114.11276439122658	307.2558497771378
134.74749863656987	239.30019964342367
75.22045724164998	234.75846126053713
105.1043369256502	91.15320313519354
164.12815004598266	252.21499704256576
45.09541548209507	235.90404837802686
418.901036027326	172.3851182201936
76.09657384417554	253.72405524915482
135.2747576700323	62.06153349703628
377.1577323421164	275.188034151926
388.85477981081675	253.6345680114617
397.24186633170956	385.4574472354311
411.40134500594263	315.62562351759584
173.12996086615786	295.7385157950998
101.97025167257821	196.31600160837056
165.29541255024708	165.9663824908211
213.77580757318376	343.0198442305709
197.95993431631794	148.35710188418074
254.25461477095465	207.82833313543156
229.3601982293677	238.94336686274002
169.84321434584345	372.04827817521414
232.89096142938226	157.15770831319594
364.64567319149455	71.66968091867199
149.95377381103356	306.01907906009785
98.70771754253052	278.8727944238309
99.74139362331641	349.79900277062393
348.9405033837745	110.83925485459648
391.2159839254395	170.5206625638594
46.78353752375717	66.36819420619344
379.79868690754887	113.02854406799517
287.1275042359888	113.7280432849851
291.78702274843187	7.073188565688059
355.51942798847426	156.61432849404284
286.8673773459936	89.56020845453244
195.38913675148726	332.7381225136633
419.9234157756617	23.5475115861303
145.15826797010143	171.039456304756
218.63030485366787	127.02238243390445
218.32662014950543	145.75121820020522
28.707495039104167	302.86160953309604
336.5757043620126	97.60679472652383
127.75768448420934	362.46285108012063
151.2699031257033	6.103048003301336
130.37515551648806	381.5700416559061
150.0510910550297	384.8092416263826
234.47702738504134	266.8411897766519
303.7553288454049	121.97135437828607
216.40895940384328	261.8708183850241
415.37346363846876	226.82926952503547
69.80032847186922	97.44096395976958
176.93854036584747	337.96739756010476
131.6639327118433	419.22186125377357
342.1703541780933	176.5837427147136
351.1198958114123	59.72791238587531
280.70200603350344	25.598475281861244
253.2101151218242	232.41454138744942
268.2975262805738	385.1588932056042
43.251844732575485	145.0911410431713
73.37393874115665	37.931920193947214
235.05803977862385	25.025044034255675
224.36208522418062	53.21021513015038
339.44801230655634	146.17706136508735
293.7610305354329	156.6442587168135
332.23574399443237	277.89708794537984
345.51740474304916	346.9438911186754
203.85506377116235	107.76347805578877
278.98138106326576	46.710232463658414
177.2078648657099	141.4286566006649
136.87800787708733	87.31769921598166
184.6643629113406	316.15919237649973
185.40771663088802	17.145702599148997
348.54440129573794	21.00441586384572
248.6848805526055	252.30044062008744
84.56104067968553	62.729756752893
255.54992164073826	350.8813450310613
291.8000743711347	271.237457838103
240.41947090468102	88.69637029954171
360.8171432903688	226.75158534052724
296.1611904756857	380.8947576476855
68.89017276647087	331.60195014434004
112.77126212891777	59.015128533867674
80.02443617362202	271.29232581239023
212.47535983340762	280.223789355715
11.8135732038729	313.01610965055056
414.63686973039125	378.115747231984
88.93249958204478	218.66506639197738
261.0333317140455	293.3273073246056
97.01317493312301	319.4477325970719
372.1480288473429	316.4943169872165
52.398213333817125	218.76221647426678
206.64414317559854	47.90434172518674
364.0244948749101	202.34246492056758
272.9778555825672	69.52662232521365
404.228136641094	287.55209817798016
25.0802280833075	327.8911752207424
21.753590013347498	264.9847038318295
151.11602707583515	53.389530617366766
351.79632706486063	246.4300963209056
80.65086438209187	191.11172306790917
228.84679030075793	315.4005618841828
317.4653162440317	264.35801791160804
15.578638200839581	124.07215429549362
194.14116842767433	209.59273227019986
196.48727425829702	2.4333565522161424
78.12960657251087	357.8279618419688
382.4994166611325	151.09196789155828
404.5957060524499	82.77771724904028
114.09158671504933	268.9950605266294
348.4750204844632	82.89316699110381
45.441274450748494	164.80051676001546
211.0371187690675	77.78288993346341
260.3783399674998	49.23560562972669
404.63479194436263	158.2377722326305
245.67844055825282	303.14625036686283
346.79781702521046	214.5220082566278
229.5452915825225	287.1340624836739
379.7188619078798	87.2819097670335
113.4733422069461	165.17613815735453
114.01185249928672	289.1862239857004
331.04642153867036	10.793439176682757
5.062941196273889	252.3328952762764
44.16760439287543	372.2723654562715
32.53902337063308	22.340222308183254
344.3325665033819	128.38839860137716
216.3845398860676	222.58946523442435
