216.82718312832517	302.5802126278635
109.61996295142025	323.3223212961853
277.2214564794314	367.8756143723638
129.02997503353816	314.715283895534
397.9987854022566	72.78188949821005
363.12145139728653	279.3819157352455
365.8811380877497	351.46809913174224
376.8918223138252	216.41537052133057
270.6894554920975	407.2792194231616
196.08179924104167	300.0743596122138
260.93429785442044	120.46904891478225
334.7762403895981	118.78303196787023
201.58658916507767	173.15453838816123
121.75633909111863	340.9073159722128
222.09849486271662	363.1233172325239
130.5757009226395	112.20501430715973
314.14543516597035	330.60774241003367
2.5290374756319345	66.58368328842795
325.64181878762975	314.11517976324876
59.31039104154426	279.3786596422974
104.26059012993318	247.75686763948346
177.5397384424763	227.10310296995854
51.778213883059074	103.6899570990963
65.89618512272564	120.53568554604814
126.7873029896189	222.139497078547
153.22708712212125	365.35174551528956
79.4698699162103	136.75294440524289
318.3012618058105	198.36432059942325
338.4112260952107	293.3334147553093
347.0681501466844	265.5426044642084
96.70936300981363	372.765160661419
305.28844210521993	309.69201066944055
181.77777512776993	251.05314756186493
87.15748104229425	391.1468025295403
133.07346779316993	147.25588425881224
163.38559014856256	325.50031512433156
312.40329186517	391.27142020126917
389.4451542610799	127.76956090440741
400.69645992202766	32.24494412509465
127.3644253258704	397.2197257691013
285.1048555075047	306.3271709896825
283.7823243425143	348.6672047243899
107.75643298878451	23.708473172295218
60.548191364381374	144.5184722176806
204.534081708653	404.00804055273284
4.38059424617985	270.2391749258695
199.01135701995466	71.50199114894635
143.26053395346827	335.554623250738
45.77894888263424	341.43108420769437
262.246381827824	85.14885009237591
44.84901636728491	262.73083774371105
13.726637393469899	408.1622364950618
372.0298622746056	387.02746462332783
330.2578474516471	400.3097345264473
274.0668718068054	101.06730069232368
324.3890454283587	352.00385995941826
150.7010898507748	110.90765336553312
180.83538959982246	81.6892652391191
195.96250818613345	235.1104545982764
388.65792115932163	324.37945807192483
416.7234051966502	3.1163559236378133
224.4194392878534	418.6724493687106
250.44661617383304	159.20604633994884
8.26784169788247	339.78172825663444
337.66064156821966	335.50635990627114
392.9378748241108	96.61698525570716
33.04496440833816	1.2284292546124105
258.27448834871115	313.8787920253127
31.156338793771237	110.20805076053496
256.63877959784594	26.35454940210847
116.3324087804458	205.03495056663618
309.9055914095817	11.7235423213578
380.0794137129724	365.46142300131254
382.8279409257943	23.516957882600707
368.3053142112726	258.13775063672443
44.308932263754855	404.45259161572335
370.3094752238449	7.204723338379157
143.54174402191742	129.43531931230257
175.14490255822034	272.5584113118112
294.0539688997695	105.00286253132877
99.78415399240455	134.64483405661267
77.1275845293135	27.263001767371556
419.9825974830434	291.5362802377785
173.31327403217537	117.01095915170889
38.231066498931604	183.68273469941872
140.4920957021896	253.40477864184112
215.97928622522667	27.122744135551752
10.292426070397745	386.30501899183287
22.73285075690959	152.53660729454984
412.41053440368063	124.93636999581885
93.81405773051776	175.23335749516755
169.3685259498476	20.585501036102965
417.78212151638706	322.68952712635377
362.7031592843455	52.24323198165634
276.7530241121006	199.50427721557537
160.80534599577547	387.7993532110549
223.6139587959123	397.03215926970296
123.991484428801	242.02897488353824
377.6622976251205	292.7981084307338
255.3056584023761	390.28769906253416
357.4077593540413	371.1473894102326
53.004319233556544	4.230809244259078
33.68882877623833	85.27704615196242
161.41299957317176	194.1616792454457
211.222771425666	380.02268635705974
228.45940544991103	101.2679546607643
376.5233765524115	176.22682987043837
56.62069059264388	299.3735136884258
256.8201529462883	370.07851514802877
45.57202716217913	123.97997855623777
136.96564615210173	272.96597392803375
367.057007207086	407.2162120818729
321.6617690934367	29.00750869898419
400.6855266731225	358.9111635780135
385.5070152946424	345.5012430554764
52.560488942741934	321.3413481510141
39.29491149903234	281.9638545247846
127.40977305199658	18.815021956189078
21.46773631969386	60.124436462332184
176.4951857326648	402.21911218464146
158.44459615126962	261.86325939347654
202.40933829385315	360.7325441495456
363.88072738962825	94.33479529444948
363.719486787557	30.51912781531959
74.98186618780471	374.0075642080267
403.6703349679326	267.81515180613223
157.33094025817206	285.2253692015259
54.99753367427498	386.7778763549248
26.9252579035055	349.7279751211986
91.12958249726904	154.12019193331355
111.06565165923857	418.6759615633833
412.3861178820028	197.2483747512572
252.7165180438925	272.4463451651856
271.1751131527512	160.78769778431388
118.28077598700546	94.71384154641241
310.41765679900954	88.1367302166499
194.87349735077777	269.55776602064503
73.17268718743344	165.36307999119103
16.081134542990917	191.77745620333295
253.4557838047925	66.14882826046428
195.38400801700965	192.5010693054733
297.63719274324626	170.03331462992674
163.18518149725506	91.49597208169752
180.48619128359204	312.60336041378804
19.75586360920537	288.29678678809086
293.03466000642305	399.4693874684295
233.59996356942983	147.96051591610848
248.26642571482589	45.71929189069657
140.12551406727766	204.95023134422453
336.03108653533843	189.2801569203987
147.52624001277397	30.31174381771207
35.07015179991376	44.904687426800685
15.213213852241216	94.62819070603662
163.91486223679445	347.8648701265739
272.0715918418088	330.4328639541714
17.149232078507705	36.25903319203705
381.9164695390137	45.937761729539744
70.21418307978907	404.2570643478905
400.4720839607579	53.15365088007071
271.8147565314334	138.2814986267192
327.9623608288486	48.125170520051036
71.5909127136548	315.59093606128187
72.78061765209591	4.089982858942172
205.41948953016316	6.93040828206623
316.61567067422095	178.62846542563548
241.93694617383673	408.56137128065564
110.13372197424198	114.53088347011519
403.2228352908183	142.64187347024216
297.13758137833116	211.3842964907532
99.85909626310442	42.49145318331858
256.37001574532894	188.21695695668157
137.29844594789583	52.369372247415015
314.6547744740373	240.52939963959267
267.5709348509104	8.624444109427802
163.79250905120273	134.39986308277432
358.1767887240287	332.2387710500836
358.7529850564943	299.1689898978592
106.5036996271512	396.52799171864257
241.06059540752906	355.89597766611854
333.1613500729862	232.2796164820664
309.76236333189934	153.3540055886551
137.58897045168942	295.05702367094096
371.01874350585814	197.44754047979808
370.53748943644854	238.27682656518937
95.86972035907817	287.07903594548185
390.98557979058495	191.9490384935359
121.44292095099924	40.3319446286605
349.824875614533	394.34134335798217
185.48459548838417	101.32496420505753
11.474301385543855	231.38556505181683
121.7231197161896	130.96352443862642
237.82880921821922	376.413883580884
196.7340896921423	51.01042408403627
176.5859515136971	61.920319260596074
112.71195361607002	359.5389401583332
315.1632128496224	220.53108775332015
292.2048781946872	330.18721001995954
69.64825663632948	207.68253627624168
419.23700439071695	45.051074760450284
31.84316022463888	247.62844089695466
306.68380079380375	50.037329578168155
179.4880812683243	40.61879748612809
292.7434949282944	231.53867443195588
60.584816682287276	181.5914932258363
297.29342662360034	189.83040599886948
251.96777062893932	102.61328572294121
54.724416974494076	48.416234058600715
178.94371831956283	179.461067618319
80.28071816494227	81.34528421963502
278.6299878284791	287.5853135344669
151.34564414466678	405.54411552710206
30.26585961490278	206.66673924539347
276.63469650333775	266.6186299875708
88.47846742478114	326.7314713449849
290.7549618394184	251.41266074659643
317.2026727040295	371.101282746192
238.81085735021182	179.08867443001935
64.64505098962117	66.7132103995878
21.26503852327055	172.67611493652913
166.4365441897141	419.52596639574
386.998322486955	407.62251556181155
350.4743643816997	419.5569588340802
23.43297672252645	131.78336590861494
295.47820948435015	66.71892328065701
252.0160014795257	138.9999374108876
190.7214206042024	387.9170533995477
301.2342341876219	130.99961590032083
273.2368025949925	222.59536800461223
30.414155332155506	390.0882633301503
309.6838074888822	411.54284819726945
411.36447844796703	104.88370539440433
87.79627084748594	113.90955179269528
86.38818149881307	238.88953101319314
396.78700244025447	7.79216164815537
233.76607812570924	199.69001090711484
104.93254284938101	76.2561799135991
158.1182750575437	214.75911775142959
321.2550104485382	135.89740849965526
59.74714718767188	358.8563694927081
345.96077314095544	316.4168465013133
112.75917148974338	154.23046792322774
182.82945700104997	353.65911553054434
208.12422412639523	95.84461465598653
279.0297879846084	179.23076140965503
239.92944499413642	218.82477238468766
247.71953310640157	7.593107975585524
89.52233965389016	410.9207204719575
271.18270996009085	247.38041837721548
156.54249362273293	72.57271182399103
330.4941754381924	252.55955545895307
53.40497022979185	83.80582273026236
316.4554661240881	292.9347982913567
300.54851727482526	29.582212448883332
220.48831432715727	324.0033964047763
2.5715692465937052	358.94126412015726
355.4667879921411	185.158152994939
404.953637954829	337.8237203341055
104.93430323816231	227.17307282776312
369.66602957626407	135.03118094221216
4.809545889189946	143.31110589488955
412.19375746555187	248.52235789582826
396.48408217156725	212.22536400080625
337.3344768993506	375.2476432982537
303.8244664550624	348.4511128301433
17.113084868189457	13.633250009812397
153.0261783176128	151.59714887908456
75.85585838001599	291.702754922416
177.4892586736058	205.69543025784424
319.15539695585437	67.00648508551464
54.800426322117524	26.49131177026009
240.0472431368928	120.67083864636395
413.75003451645284	402.83991786990214
391.8811195483893	233.0703585947148
50.273514624626664	199.4771487720745
21.123317252905608	368.90587592051963
92.65634836301801	10.758895746313968
218.48023370372866	183.65806686517888
30.986787661877234	226.54207942423454
133.88175315133034	185.82050055584304
8.057135180284407	211.66107389694974
345.8500509433821	39.10670489430212
184.41694417807676	137.65709333687883
213.91204002626088	204.38782980748744
113.13944269332846	301.7861206567962
144.46944466599533	232.70298149280256
68.4418648067809	228.56896331684212
96.00981440678372	94.53399803166106
163.8652206339416	241.7346207092262
51.412955552383536	241.73737987339337
1.3771651875957318	178.27272661364762
69.09179168289815	253.37654668477924
133.8033362133172	72.65458365877575
382.51516001993053	273.2713300279764
389.6114637151747	252.96830298331273
392.62400884142204	387.56824290832793
402.731752330904	308.29489315692234
176.5049294707113	292.70959364250035
96.18084162143145	199.71664637728153
158.23524198498598	173.6556770637963
225.62737926164553	343.4423049676538
195.94963595648824	153.9506922294007
256.970093764032	208.6362341114749
234.74677224762786	240.21399163933702
176.05311085968626	373.65243266386784
219.78221606041166	162.2593944394663
360.6207793276689	73.34190173537648
154.21071994656745	307.65370023049894
98.88311338987208	266.9197584345368
100.80620629471376	342.7077106539492
354.83345783692323	112.2635008224046
398.36829413541125	172.82305764603402
41.12222933580247	65.7391757952892
377.04026557062673	111.10001083725527
283.4652430967323	121.75885158056423
291.56479560122483	0.5028507208746604
359.38418072213057	157.14595705559722
288.3681455142984	85.39147756983368
204.78897316226352	340.626975334405
419.84513206361095	25.13694556869622
138.27572552727426	166.54052082834934
219.88453668880092	119.15240283423283
212.99248793909803	142.37449692714807
33.024401124928936	303.7365217379442
329.62565061839774	98.30797517767895
133.06160248333606	359.0289644051664
148.20631324251437	9.368430185220634
121.253507513247	378.0219641350377
141.9906482161335	381.6924188026883
231.52821949327773	263.70306591069766
315.034521150009	114.91998943447348
210.45559508542487	249.6908695155753
411.2163226072812	225.8894673251187
72.49086191315898	101.12861836436326
184.58157411529075	332.77993809969445
131.99880243056836	416.8592361760913
342.5875245698864	170.1513543453013
343.059824987482	63.40718585319059
280.9983452101544	26.028335582882494
255.41796679766728	232.95634403611604
275.5797972130993	387.8526144195397
40.74755405509549	144.29836112764036
75.59223318483714	48.606522305507404
236.44897364291688	23.991374913834985
233.0441201413089	61.68574565818508
330.60665779912574	154.40942093248412
289.2258918498077	149.31004980648925
326.87884354565057	272.8035133005002
344.3080940812576	354.3696603588948
198.38218833902172	120.98735481663664
287.29572233425654	45.80372323784475
175.76910908635458	156.15165865030633
138.23752961905362	91.94376074992994
200.70905003675935	320.4004819944854
189.12783251007275	22.617856451681263
341.6034776673313	18.443815111901976
250.90411249156884	252.68876937374932
89.18549701059682	63.65268259319971
262.08607376966074	349.8781448952974
294.8060889379805	275.3208343115887
237.86678542225883	83.45391093387055
355.55493373161534	224.77103553699354
295.9868748224589	374.8659168981623
68.05056519788079	337.9037628720793
117.3386765932742	60.52279250578858
78.61623087286208	271.57372652459935
212.01285266304762	279.6321872153745
12.954014953915028	309.67137347539125
412.3220433142885	376.52358693962503
86.8916984685935	217.6798356292252
254.50795782599042	293.06944757641423
92.15338702195618	307.29658904790017
370.2271293218361	315.96321399031683
50.352350127268274	220.15948312332404
216.9654633400929	49.20043000925403
352.04211332030997	205.00625966393258
274.91446246818816	68.29166820810374
399.1786142225204	287.9718877318598
26.975695025539622	326.39594148964756
25.16346707286756	266.74304412191714
157.21294930888823	51.448170295184134
348.96147280958013	244.59586448296076
78.99360690234424	189.8180313462193
247.25508056883695	336.19343128931285
310.4981734820759	261.289018769912
10.708817877041309	114.54881177347778
196.35089670743037	213.49594115043035
186.56007806827844	419.9582105251649
82.54996325775586	355.24120342273187
379.6689728451424	153.4009610749709
415.44394968883665	85.14269777836847
119.9955334589062	261.92995853632544
343.7209355769233	84.43604463702997
46.461555850032425	165.46269127837098
219.05663328372765	76.73971824901103
267.7826275331024	49.845013955561804
413.5042228224467	159.92164645458004
237.2974041734908	308.8592297598433
333.3111752841702	212.21004899992087
231.66912194900894	286.87839278233815
379.51789539986333	81.61372520697631
111.86398481815208	183.92534108714295
116.33540346977331	281.9529429801601
329.9578440366938	0.48837869792349486
11.937011917149471	251.62458487293793
42.06372695552	369.8807804118967
35.035888766081385	24.94819242163118
349.1743070239466	134.1968015632655
219.83723115366618	227.09060757789427
