210.08525578308735	302.13626201708456
120.70936227857406	328.85472316515575
276.4557133891768	366.2304240411669
137.09266217859172	322.7012954754665
385.03553898747083	66.87506850538969
381.63576608771916	297.2728006359557
371.54395223909603	354.74769020912186
384.78630956747713	204.85007539912695
260.85667774635573	414.1733200851918
194.47964851506384	294.17755614597763
253.12686454876035	123.79480892714311
331.3952603409824	112.46693272362913
207.62693413706486	167.6034316832422
117.45348687733978	346.3588776837608
205.94667545678593	361.83879460672506
132.27484001087606	104.03963462657845
317.7367984805603	325.05764583774123
9.46826484936177	80.42993350046976
324.6768673804321	299.69589232901427
58.48088932463383	280.2003294960394
98.0100738139439	259.4332198631761
185.38554751550618	223.11235323813125
43.761969492345294	114.80200413135577
65.96032175436274	120.40824149906429
133.68412261948626	213.74554902213416
146.2155795973058	364.42378949372187
83.37660518955435	123.75481728353483
317.7758271186263	191.79955456459928
356.91093427377314	286.3059760951555
345.8085752650226	263.76265288416926
88.31903454938336	374.81404735395563
302.9364963080356	310.4927162778793
179.53256008158078	243.1824639960578
76.97019192833447	389.3949688898998
125.64372893503221	149.69689378573156
151.1749287327743	342.04550150707314
327.0304529052349	374.50311624939525
398.45100823305035	120.465278437206
407.86936695799085	40.81322396413332
121.52674172579543	400.0790664196027
285.88504446808093	320.12676568455424
280.2342645793447	341.6562101222022
106.83469804902569	11.716187017489213
72.30111522895028	144.00250446468337
195.33950095528766	404.77259791211077
5.541990275057819	271.47324357407734
188.12805140473841	69.81721640725668
134.55712955628093	346.4204228278575
47.95619235999986	331.8919963973894
252.56383558606956	70.19327136377001
44.64501327039934	254.18194358891708
13.554471311060254	408.3317250158644
379.682399522307	390.5640683014998
335.2883683444245	389.6707041172097
272.44038977408513	101.27113756658868
324.74874922442496	357.1411736992691
148.03819191965806	117.62569242610554
174.1457185169097	82.7231019881799
199.19609022453034	242.28123400720906
393.7426166002359	318.2865486844609
418.74522228712743	4.756759279843152
234.17176466626066	6.920339661813033
253.1474032383259	158.87463638405558
20.338723258127306	345.9670125886318
342.1070421643096	330.52747014352457
397.19914230582395	100.01963355079823
31.38213410211732	0.9200151654840136
259.5279825786648	311.0297463431102
28.704175225881677	88.50491171238285
253.16144514947257	29.532864231316495
110.14863610389862	183.81575252393665
313.26986356838705	13.414029728428066
393.72885801193263	355.74078946705947
391.90658196489363	32.33314980223993
365.90989890297834	263.7484259185724
36.60150648960837	400.3422457869688
379.03859589878255	17.788293268141878
139.19064118041865	133.9142736413015
182.7096941432244	273.4257500749269
304.4726881269696	101.035429122466
100.55816765930143	125.64417458563562
89.66561056813346	25.84629956252728
7.765932634173671	293.0760326867629
165.86432724155418	122.49003389692561
40.49391882893867	184.17916896385984
142.99025937572628	252.68604928313647
200.61016220626297	27.603265678451855
8.118664447783308	390.2567400685005
21.879513053570083	141.48156169498256
417.36577780095945	130.38610491195476
93.01592650287363	183.46835086589934
157.77556431850226	36.45955020319521
2.387942591848322	334.0544777901185
371.45648111325204	54.25831625198098
270.7981019249476	206.03121249198628
163.73958007415064	396.01475478626884
212.89158364182066	405.51818768041187
115.75673703362718	252.4684196744738
400.03808613733537	301.52400018699853
250.85945655214041	395.97343300884967
366.90206641418786	371.9544409845863
51.29619290950149	4.776883245241618
33.51993643174971	70.69297677807575
158.24946436027705	183.71158979439153
207.4748654724044	386.34343908822257
222.52983786980593	101.13877180639321
373.6481676717969	165.25406817937355
56.37935687499713	297.22093087621874
248.84604743415485	373.5868998741559
51.71432339436461	131.9548631881439
130.47358007725026	274.32266453190124
366.873602168751	410.9519496642644
317.0883954911727	32.365070116574714
415.3164522842914	353.63187867573606
378.1438864927487	332.7037097792016
42.2971008971428	314.85468857962366
43.534058807261935	271.88364994915514
124.09735004079572	21.657278524159764
12.44304054462172	57.94302502559771
176.09149031567756	411.8413256230592
162.35272820786133	270.75531503460223
190.39682778563804	374.0061807637062
364.49565573899366	96.74490322036714
372.57530268106206	36.8510631563584
71.71421693411003	367.0937544762383
393.2424579687352	269.1219761282135
154.56919810265293	288.70106080177464
55.74914165074685	387.63689205267605
38.32603960091393	348.1801638080888
96.59746319869463	164.4882395495766
107.30786108340179	411.925925389295
419.28347723072324	196.47118226623982
246.9118392036488	285.80312803719306
269.29355837749057	169.1954771668184
120.42299875986629	73.65270704851997
321.7610630013131	85.84741280351929
198.97976792782632	263.5826621765672
64.60782719938894	162.3355702216648
23.15380214599966	181.76726885007233
235.13826022214332	68.31390569074038
190.99944779518046	172.720284639137
308.75656524534395	168.09365969196938
163.4732909530198	104.82499895543118
158.18302122922037	322.49261482518585
24.576684067359327	283.04817355033754
290.0627024711591	409.0086753738987
234.96952162703587	131.0082365166727
238.90941038495797	41.830118516528856
152.04347313274184	208.85054946707652
335.22651822287605	194.23005451208277
142.48656623023308	27.44874970416268
32.99841066019154	51.38639054787733
8.145251811055864	97.9292964561236
162.43176101071626	356.8492161650553
261.39319893458577	329.1275507341301
22.23076889518932	37.78059842455762
393.3315526418645	51.377264129903274
64.65128639060022	406.74036624305245
414.91446594108686	64.17090317851293
271.31707071959477	131.38489491200346
328.754298725232	45.61409268097473
68.2778829458502	310.9001029897297
70.53664621241482	3.316952963568499
214.49982155859576	16.590312968541802
331.68414373608755	165.4852864330346
233.40303416046507	406.55826371796365
111.39058225401811	107.62384674199835
402.21760941248897	139.1613646657978
306.4403784563889	205.12931165044412
94.35561561295962	43.377341103635544
254.5088406127573	184.94009068066205
129.897877384888	40.413347567024374
314.78787960310046	240.03325962264458
269.84062370175934	11.132352833930835
159.14531816903354	138.83253413959085
360.72396680195754	330.463254407105
355.7891685872064	310.6170853044223
101.70642128801973	389.25902214955147
231.87912348924922	367.3662365883197
333.62928134961487	230.15089027971402
311.6137527693813	149.68961582841516
131.85239786970814	304.4381008271608
380.18032751875916	184.75586603214066
371.8381976738295	243.2785337455215
94.19313863103642	302.4350392541409
401.3183621454476	189.10521119093772
113.02103290131484	37.69870957032809
356.09675086645115	395.28418034613463
183.857175256869	113.48838990938899
10.10874410789455	235.54653137124959
121.44827546430267	123.37831065896712
224.960824049069	390.70444517273876
184.3009404403615	52.869098365592556
167.3413084571265	55.16986400692101
104.87094416303447	370.63598329299026
324.1810356567007	211.2514235809609
300.9409379366074	329.1949657828863
69.91474488495774	209.30892348202997
5.124009939682654	41.511065897298984
27.274064738022474	247.23854550199312
300.14207281514854	52.7258307243007
175.73614060471868	37.01554612848721
297.6791577167515	221.8847283288975
60.76558442560834	180.56215307004246
292.4985609768871	193.27730014895957
253.34198050977125	101.13775250676939
51.129920606263866	45.94860525041937
180.69479644894508	157.73770155275034
74.93475673742182	78.75749813223128
286.65956663659796	291.0334904522932
154.23842691765577	413.2576746080289
32.60813270976106	207.24042676564576
265.4634256118616	269.9957712189407
84.44568845115401	333.53454738921573
293.4283316828771	252.5670923549955
304.2337848318801	366.9171214172476
238.78077310364162	174.8359095139602
67.57340443215513	57.94136751327822
19.23137428486691	164.12674440425002
165.97884820203748	5.828166109868562
383.5838344982057	1.172511330485861
350.91742795964433	3.093879153688081
32.92674565744484	128.34819361186368
303.286869192373	70.35776694096951
251.69062533696243	141.67045650614878
182.3888046997788	392.1848055900274
288.80108382219424	143.13570982411542
278.22563052487624	224.5651322987854
24.513390721045514	385.4084048549476
323.63336334410513	411.82012907499114
413.4997428491141	112.33898634019059
86.70802644919591	106.73304048379931
93.01456444069974	242.66983004514566
402.99832800404226	17.475212799400584
235.70478182801995	192.73156891374418
103.536464443894	69.71488088843255
159.68966296742016	224.289226321682
326.265672215079	139.69873178330232
65.08901548674727	348.4799210599517
338.506523796014	309.8023750759567
106.92195309852097	143.0783082874541
181.75072601736116	358.78238286402967
194.41880084650177	85.80458407153903
274.5903998494384	188.53762323220542
231.07293640284576	214.7729748493113
251.86140665741158	12.385968954078361
87.39731833533524	405.2839777561086
276.360958190553	250.05557129603025
152.112910493321	73.58369148082946
333.94454170909063	251.46308815838145
51.76607278566035	92.35511658500866
308.76906502287534	289.57238740592703
299.3114312737548	31.349100587467042
211.297086436234	327.07498044565244
12.338561976597036	361.0445902313431
361.72117234997586	185.23723665363602
402.87572636476057	338.2436292785374
110.13730334773825	235.18414009218935
363.84100650623805	134.79911067400306
4.576040059368964	148.87272944376667
411.4575694527279	248.5609726108438
402.86765639900847	209.44670482463502
344.3211013339932	367.7727378083642
302.00272883577276	348.8490925190632
17.06393217111164	21.28152842103201
150.13854945689621	153.48497231171666
72.73494883499158	291.5194243783106
186.75533640367252	191.42103592067193
336.0321154439152	73.30330197287476
56.361502994928266	28.671659529505302
238.29340704271743	109.73632781370699
393.6707011411443	406.3130667059218
383.7876186270823	222.89144502040844
55.18037611329247	197.84867408339235
27.9481024942193	368.1616556015224
87.95645095248095	3.146864708848373
219.40443134415779	180.30434025002563
26.845265449265682	225.52994257475683
130.8984619181022	183.41492634652488
15.631679071629867	209.93409173393232
345.00295513585814	38.76205113383953
196.75184713205869	129.1601227737957
216.2100079084506	202.93375904836344
113.99584328431675	311.85255800045996
131.97702072756482	238.74677723458854
79.23089222476199	226.47318068072647
105.8327034996842	90.10505490224988
161.50476520981735	252.39292831916939
41.7682135057378	236.13486206325743
1.6125004798254776	178.26037579146612
76.0647058946636	252.78290065725085
135.11267041465916	63.84086779668648
378.6771219050515	279.27469773350896
391.5832666236058	252.11817399347072
397.1506098015458	388.1076890176372
413.1331343031993	317.0364914548444
172.8437994642182	294.26347896671314
103.92468344381051	200.69662264087978
164.71988586401966	163.83766893965694
207.37721924637114	344.64443216836503
200.1495628308003	146.60895217826527
250.49064850131865	207.40276582452418
233.2932959756023	241.04272231394344
166.08865886898	375.34170096855246
232.3673858768867	156.53350992164462
366.62655391636076	70.7117039398474
151.97424872250036	306.58350940022206
95.17912906745244	277.8632999398795
98.29624711069427	343.7025820933865
348.57201110105683	110.20724700203692
396.09532488711477	171.6113529503742
50.08236708197818	66.15697058789323
376.757227636759	116.32983092486586
286.7381550732342	116.74668150612875
296.5877223629729	7.239340643022224
356.2652250135495	164.2655995788724
288.6328265676516	86.84340078763664
191.68230741040423	334.39300409849363
418.9976015688376	24.54490609393835
142.4786050730019	169.3320045949021
216.4418190308727	120.54628780729146
217.87412923883346	147.46777927557625
33.95006440475854	297.99248442953524
338.4612254253567	95.02173897928141
125.91453729545277	361.17756343851283
149.28743393403263	10.635985157434488
132.2422600109932	377.4589937492755
147.99297797201592	389.3506684546469
237.73286601373783	267.129625153848
312.9312452997156	119.9182283814761
217.20885417096227	262.226517602119
419.9561788304203	220.6748379465274
69.21425202427753	97.9222442475054
171.11480606174493	335.5201023818588
131.55688780156487	6.126570089656672
345.57672348327804	179.04064095941712
350.2989078315567	60.84695105284873
280.78382086584026	27.486627880690843
247.7105895204137	230.16649424123537
264.4394274277675	382.96488308977337
39.28314837945008	147.89954870267673
76.97121241348044	37.58219560355298
229.94283746575	24.140483321830743
223.19543866844205	54.37608220956937
344.9568808475424	146.50938285802516
290.33642787670465	161.87309584621437
329.9501166413671	276.23920893209646
350.94591941906714	350.68917399854587
202.441033230505	104.8984186261781
274.3920603003603	50.189329796326774
178.19202110002632	134.6242453751479
143.06889922555817	88.12505261795813
184.76937472675885	317.85377780589874
177.74621311182233	18.212160704141002
352.2783197388237	20.153423120386137
249.75736381759637	253.92603681479898
86.81008346548184	59.15236007236796
253.67197079161923	352.1138367864594
287.34692465428026	273.1480663158225
238.38426081168475	85.42985631008625
362.2478638695184	225.32250532151306
289.3374651751438	380.4601441256435
67.5894050852817	330.3283319665608
114.54966923290142	55.6302057396016
77.8337733316391	271.1236749213018
206.3051891195826	279.40868062570445
14.907867890141302	309.78595267819236
411.1783996365814	377.4372923172498
92.05690857874788	213.51166269023346
263.2897678571339	291.85440407177174
96.89361285741683	321.32733393334337
375.03490472506564	315.829724218718
55.67649368549181	224.52931151613458
204.37692615846785	52.38391040356545
362.45779264847664	204.98119149201145
273.87975270852456	72.26639081920973
405.49781922762014	283.67327294927446
26.784495311003532	323.3239269944575
22.961736547203095	265.3488764756844
149.32479728855097	51.92195207281064
352.4055681870382	240.9705391369067
77.14091358103165	192.40469736781546
225.67866652970534	313.349639810382
315.3486258994358	261.78072759459405
14.504365055587106	124.55650064742359
198.41396655225455	211.58595487364448
198.41309671494426	6.414232406259941
87.30642113934634	357.67147503046004
378.1121975193505	148.41742543175928
410.48580601734244	81.54394762192206
112.88580194387282	272.2936452598317
352.1496869399283	80.72435035478372
39.70488229603525	166.7411924647118
208.31450940120004	74.46626790847283
254.9096006814341	49.63139584127202
413.97271795109367	162.95904669830213
239.64180448602235	303.1400101806919
344.86779664615096	209.15083454025486
223.0110262426488	288.8312347181235
381.6169956748182	87.77450681265131
115.22391772877366	165.56054187511293
117.65352955142907	291.22665387625267
334.8686236451133	9.131279875499576
10.209217669847302	253.05302853479392
44.12158039968521	374.0680346579253
39.69922407121924	19.002230594563535
341.65084584648264	126.63572137079944
213.75231059049202	221.24348387261344
