216.0930898442625	302.4762656327186
108.89672465148995	328.93679467416234
278.47573326378654	365.55976663314306
130.52508915030802	327.30857214202456
394.6172296612195	76.05084352784249
365.6465349494587	283.1329697792043
364.05057189352925	355.60996316993
375.78739949794607	211.3739493114614
274.80150299764244	401.5137654437234
194.59749822320765	291.12419560173413
265.2330640248291	117.0861086105926
329.4244634929799	115.72769417017241
207.68332869819355	167.78059607662718
121.2245913465891	345.5545548050929
217.8238406657782	359.13523202062555
128.66195076223954	105.45950586654507
314.0755658259914	333.8243350375099
0.8218087696786319	67.45945640060309
319.48014846357245	306.502496738903
58.55442691061446	280.0051894367558
99.914168202223	252.22814723751063
179.05526426263427	226.14238954160237
52.75798853556989	107.40887545145473
70.60394774944348	120.9738546343516
132.3601562460413	223.0872843613282
154.97527468540116	365.52087675028173
83.74282470768462	137.44805503397984
318.20041730468046	191.59020436056989
345.1002318167464	283.2616868215677
345.11615268833697	264.0427391752255
91.49774130315981	370.22625791183344
297.80351737905926	309.4041143446134
184.42917323117348	251.57878737357373
83.07862778059163	388.66090774728303
133.6005582755238	151.66980507413683
157.48133205821944	324.6107761625195
317.65743628995676	386.04613443165726
394.18729116703946	123.38352269900584
401.314912345969	36.18503948922217
120.99237026197088	399.38395182237554
276.1092021303613	313.65409545293187
283.3230904236387	345.01655919510165
103.69968210467351	21.157555589885455
64.58805831615838	139.72401019320947
201.13839299723125	400.46689357253854
4.947310820696095	273.88129934796433
198.00266955876646	74.16420027268171
145.91398684150732	339.8804115198463
49.90633487694324	335.82795985521653
259.43148280655504	81.02562894392808
48.103958108064475	262.54174518176234
5.600462357153853	410.1335634811773
375.35471495867057	394.3523232674063
336.0043865854802	402.9112039898515
274.81177355408107	94.99028758595735
325.5379182586078	352.42184092901573
148.41326911028133	108.02796886708595
176.947893753872	77.79600449745193
199.89760652229845	240.08568805304702
389.9065842918042	328.04384602590443
412.3372527380218	5.453823499146883
231.9896316253791	6.095584486709083
248.31285414414316	166.01477614395188
17.85733708910089	348.732136530912
333.44102907654207	329.9652826763236
394.6863948461417	102.97522137913413
32.196158234976274	4.892420906625933
255.26697959671628	316.8466583835077
28.40360036769489	104.95194190062576
260.07640841706944	27.203933813757196
121.0167876066899	202.46706209633416
306.25364050614434	3.4363882491562188
385.0913609728182	366.36988018657775
380.8039835851074	25.752543757946064
364.7757234753139	261.2888622388639
41.70342462663475	404.15004796246467
367.8525047517201	11.613868175499872
142.39690808950635	128.89795496290807
178.86610619169807	276.11160310701564
295.5902284446658	101.06533339614151
103.65371209800125	136.43820379433518
76.48416669257314	24.492709140692547
2.64644085168741	297.0956591033334
166.26231026694788	115.07803923793988
38.34297138726912	185.40600565320372
142.6573408503073	261.67771720432955
218.0529871482383	27.36956875819445
6.970710606256595	388.67642272478145
25.994045414250568	147.88222403435367
416.6912225992825	126.75733999275599
87.64541663859715	174.19283079001784
163.78448263478074	31.516742324638255
4.423725777534695	326.5932658324274
362.5163530293071	52.08815572286231
274.01085342645905	198.38903271425266
166.0781709850124	394.31903896591393
223.45437666227073	401.8392702319929
118.94150252742035	243.39290649552717
378.8058280050037	297.56611175815823
255.8279808792435	396.6585704744429
362.320849329312	375.3541715891659
51.20337571266877	0.9916813659572685
28.390864181410485	78.21106432758428
159.4336639296071	189.335479924531
214.24593640415316	378.01626288081263
223.18951325938613	99.85507879081851
374.307273378275	168.65131808944574
52.96263620963016	299.35970581019603
253.38881593233342	371.6825842205969
49.86843754681679	126.26737355154694
134.69416476662505	279.4872626232491
363.8555790342605	411.0845547322848
319.58964855984453	26.355933049186124
403.0441332791179	359.27604239067136
387.7124593978576	346.94981227445413
42.800738391815194	316.8110182560812
39.432803737561855	280.8902435843639
126.45099550245071	20.60733652398153
15.420644705087708	55.110519809124376
180.78464412197408	406.68166378116894
162.2974403090849	266.3748641336416
194.99572365474867	366.3878480101999
360.7408925149375	94.6580707993862
362.9962924524691	32.76002716971698
66.87447177121712	371.21643183394417
406.11730896163607	271.2858857976898
156.68355124012967	284.83541751920046
52.943488847848776	386.51240922773354
37.02028935778358	349.93124116256655
90.93017668619177	155.05362052989017
109.7545059661599	1.7938093316940957
413.3774364457493	194.85552734672567
254.43081117736116	273.2936695151413
267.33701207456295	157.52014349842608
115.50953040013394	91.26587437319718
311.20092832201897	89.921179485723
197.06472160000666	267.68433108722877
69.24597438411632	158.31346472458625
12.661105150440875	193.08500101483853
246.1528875788242	64.06715827727426
197.65969160017514	193.1306405420082
300.5281679999081	173.32522940038734
160.45062638347443	91.28772669412488
179.22350778432585	313.6053717154731
20.343878164581387	285.3257120556136
296.60198008181	399.8684365551771
235.7727670840728	139.3237156738997
247.3940582271703	43.11633847458933
146.28062960414144	209.52305056704677
337.61416206670515	192.88867107688512
144.9005867513545	28.95049595092098
32.703345498433066	44.102028210045574
10.96873592971786	92.0520446127732
163.42394627769258	348.253454867648
266.00540552101626	332.5812799890751
14.837648173758701	33.2512525246782
383.7530641853829	47.74381236999289
67.78458575682956	405.62991306032114
402.3549009574738	58.15411313997633
275.12346897998907	136.87090802531364
326.7744168649425	44.715806270997525
71.58334048693276	314.1064177971017
70.30256012661793	6.212858154223828
212.07322908564146	7.397776608206355
319.68310611316133	167.63164609530094
241.36347713963653	409.4122763124583
110.6809665019473	111.85387570439943
402.3733998400023	140.85204054153078
289.369513701374	210.36515146715803
98.86459022545348	46.009664766973074
256.61975627722904	189.55933002153313
137.61778354714895	46.60412530628975
313.3055020013048	241.385837687592
270.8769789533353	6.968732096300859
160.7655084577628	134.92187417947846
362.4660956102403	334.98086568982734
357.78482079003777	304.71670959222575
106.26508529221424	386.0453161249483
238.55706345869453	357.46829775288666
333.74705896239254	232.15607632140637
307.1718892048137	151.65720579777172
137.97189814367664	301.4403308719942
374.37531737715926	187.74839570320208
370.0250370145349	239.06109960233417
94.3793958789198	291.96874862856623
393.60055716172616	192.7432806129107
117.09002834795089	39.21245619244725
353.10147751886336	393.4542439575117
184.67976382229224	108.50718736844406
12.326331785909678	236.84192770750929
121.86128325163436	130.40015588352972
235.1771123498999	377.4408970294963
194.9175211009883	53.93961567018364
175.6705054569028	58.19339180790086
113.8463071216318	365.6863700201422
311.29592259817963	212.97112259201774
294.88845571809856	329.7876151064055
72.03963164236754	211.28030760487303
418.81448684746175	44.77208286414513
30.197260876938298	244.51184999070227
306.0080543129529	45.16223616310684
182.17967288943584	39.38631422360035
295.86716290600253	233.1883489364517
67.46831909478043	180.38582804646154
292.9127589721606	191.15207583567894
252.78558263553214	102.09540288334573
56.22488486766017	40.065672074667255
188.500653175223	172.17048464126407
75.87123192050075	80.18201161108618
287.4963348440377	293.09470993937026
145.33364735870597	404.2550521161781
29.023357028602366	203.06644465979707
273.51959114139174	269.4801309694036
88.52505250714803	333.24482683453874
288.716590088101	255.64058402684654
312.57376275596357	367.1826987376451
237.6652138243626	182.40114598258629
65.67384774317082	62.75564509554933
23.937947491487265	170.4744256235124
170.89731432540768	4.077310066752675
383.55340780601006	413.1521946259843
346.2835935747725	418.91717003968125
30.832254713336162	129.13852784007364
300.2749284843784	63.7595160818058
254.9102688562973	135.42275491100648
186.41145685791355	385.54106568339773
294.5730520486023	136.76191270829074
276.54462624658805	225.9336799749023
27.280027971918454	391.25354614594875
315.187191010867	405.8751942831836
414.36634451759755	107.77921633872135
88.92113675045348	112.97654759694962
89.9413286557104	232.65251474631745
393.92515650052724	10.391978458993803
234.78320478410146	206.20135690484008
100.03282048467982	75.79035520562397
156.6189988559127	226.05170131952232
319.2977875270453	136.84262787926335
58.768041197521974	352.9519420204133
339.74346316371475	312.006333814572
113.83204513333513	153.18888771919106
183.05995711827902	351.398979315902
199.93015973837282	93.63826316586267
278.39687023271387	177.42660344295697
239.0685243549504	224.7164174065797
251.60171686133717	9.52108826077713
95.79212501340461	405.1525815250506
271.4116908425753	246.66918661633258
157.15877570778818	70.24453076444728
328.56578937559675	253.6148715177411
56.700375046801064	86.81590817387207
310.6677225879439	289.22929976624636
299.64507966420194	21.853703700961432
219.60392125106048	321.30704828129956
4.166266842314132	363.0785625976085
354.85137671520164	182.23669183023884
408.3745644338025	338.7452613002965
111.76246402327831	224.70001913048984
372.9720563777605	129.793750361658
5.309831131987068	144.1320930007875
404.80847792642845	251.17697775446248
399.9929359083668	213.01343013844078
335.8495132720875	373.31290249823616
302.3791982516968	350.32083233266263
11.049623264261504	9.458262654706113
153.15203609353503	153.33888168164466
73.88882394917903	294.9056863206948
177.23103167115187	205.69067352325936
321.9961124188531	73.16441160752274
54.37310054179714	20.424937487710597
238.28123429002883	117.68462158696514
405.6244775288632	403.6571543877295
390.9700646107587	229.9957893187651
52.992407761683886	198.41479568119917
22.426936293688627	371.55177345128396
90.2921157339708	7.452999837070171
218.66219543006645	183.95484390884047
27.737455801707025	222.11512142142425
135.56710383340896	188.25372119315605
9.23610045062877	212.60315220777423
346.1294971414936	42.0231894109185
192.2580272063014	128.78335430666425
213.24854119157163	205.52835590646052
112.85550223436785	306.180207225103
144.54853372683374	241.4344646090968
65.9547889691221	231.32228336075048
96.62098975459699	94.51139733467171
163.54410555111158	246.46635922409072
49.88476949860781	243.24746760415428
4.419080703170816	172.85830874049321
74.78979951448679	254.8656461951708
137.99608332843633	66.31186567178192
384.26694987414805	276.6041179368541
384.2869020138819	254.3765858284831
393.93350122851746	387.9989279639912
409.09711027928057	313.1614965620652
175.1181782509617	294.80619231900965
102.86686631664351	195.15649493689585
164.4785451299524	170.79862903188078
223.6629584133651	340.5133336967403
194.9929073977757	149.86947335987807
259.4465577870658	211.43888580879283
226.99756641594473	242.39636204034355
173.2582947202003	370.9066135476184
228.7462102745894	164.42302757673798
364.8674832007383	71.08055799978642
158.23744328529634	304.1381006657273
100.12624922173583	271.57135805370484
98.64936423697418	349.9811478533034
351.3937775408798	113.06274447228921
394.2294624791408	171.14259950692684
46.60988038996483	64.45536208459376
375.7988323377306	109.72350964398856
285.545939684822	119.40221871253466
287.88677648495167	417.780717362431
357.25142038657657	150.37292302632133
287.7462860667706	81.00029979073454
204.27622696821442	336.37315719654697
417.329056265893	24.50214873864897
144.41350228574294	170.33830864011057
220.73951731856	127.63582356056422
215.469067675374	146.26020276174842
33.71642083626705	299.68396085684066
334.32841121826067	96.57000033521015
135.60335580970542	358.94794001120056
150.4082381293157	7.852843379473608
131.4019398589944	377.6396517272354
149.277363091501	384.8779846210345
230.05225608266454	266.33536236926824
307.6956325533197	116.9534027746461
211.79590785335122	255.52651167041898
412.02314895405055	229.31584273310798
73.82542023753786	100.87301915882016
177.8455534008509	333.0085505529957
129.24871199211395	0.898557826706379
338.3115906763331	171.86245249178614
340.14155599392876	61.19469333006559
280.66302695196566	23.422062873078247
255.77916516583687	235.11239893223967
269.37009574425184	382.7848846865887
46.82533793461076	147.32820918000627
76.19401969126535	43.6919616838614
238.1488918156353	24.75110625291841
228.10026291634242	57.586686728885624
336.8921670426051	148.63524998657232
287.26248447797974	159.06772884351258
327.20175354837033	276.80125541423337
345.7753903064766	348.74818847994544
205.57492030274852	112.81000091194342
285.59275303967416	42.01666553578687
174.17562839420975	152.39337135313465
138.60337666456496	87.7738303726778
200.4815094026034	314.69184534448146
188.4688775791797	20.061414088430922
342.88835550330367	20.744438348135464
245.873160173137	253.11445201593725
87.31621193867747	61.601708847679525
257.26438445154696	349.6681529844193
292.29499097916215	274.6136375397525
239.09677207650984	85.94463952442294
355.81552486449175	224.70193930600774
295.02614977596426	377.35034520910324
68.9524495243896	335.0163256390239
114.58042530560394	60.60702439718579
78.09671840327152	275.947005813563
215.51861310978606	283.1866963150149
17.285717367072934	311.1489216192163
410.34715924917595	376.9249853221923
91.86696105006818	211.24611818424123
262.94334953886806	296.7319888195073
93.627197696822	311.4656988359624
373.08020307224035	318.80973075112314
50.595018414411	218.8803545647464
212.3342207935609	46.003343868705855
353.50534064814497	204.2492851973439
273.4372122219884	66.69029746664776
404.2241262414197	292.21115542964134
29.260602981009935	330.76629618751554
26.1504576398067	263.25258083925377
156.81965818214283	49.44291047228093
349.81139635579933	244.22565838623225
82.68253980149815	194.408264760245
239.88795568941032	328.17298969811935
307.77547717534475	263.3770182888661
13.44707449174469	117.63466554569341
196.097607777795	216.47269285586665
194.17590610844823	0.4941704231723727
78.19785668648107	353.04083534681735
379.70061773979495	149.37768219542968
412.9113233484317	85.64916753407272
118.48470537225118	264.5132749899278
347.7500418857488	79.70312870638415
51.630972231546544	166.74658940897953
218.97005064406486	79.34881848465878
267.40248095236797	48.10503172119043
409.69551087620295	158.8152336770074
239.03975777676527	304.9115569401472
335.40310509433533	212.3009974755049
239.365992892148	285.50719757421336
378.28331536545625	85.95378980508758
108.70062647075616	174.49252289310408
112.68574124782214	286.5658985180255
327.0091496851601	8.586359097353686
3.6644245198341925	254.47538669643802
42.94075820643795	368.3570804246845
33.2345853265777	24.842764205420227
349.0153193096113	133.23144672893767
216.12654452853215	224.65342390564754
