210.67282734797683	301.0443111427847
117.6114269991193	325.45648232433973
276.5333444433034	365.8319804880655
138.36398412742696	322.4335229271689
387.7924822979326	69.48410366663543
382.03769619599944	295.25039116037607
367.37758952516	355.1023838605371
384.4108156154036	202.83058455683644
263.844387628095	410.9581744703476
193.13912164765532	292.78438092049873
257.33868583285556	121.6693564110334
330.77382159410945	113.86987747642165
209.06107196150936	166.42524830442744
118.06373154354218	344.87179449732514
206.28919497852067	361.6194125855638
130.41684132974723	104.18128606412903
317.2435891322205	326.741826386596
10.663772143124676	76.05049701771115
321.7154033397656	303.891125670801
61.4237939305521	280.380110745988
97.60370886177049	259.7635772592872
182.45182362918322	224.78306186372546
46.05961446756119	110.66356581167923
67.88156492091802	114.8365583929075
133.03054288667875	217.34550300494752
148.12331968612344	365.49126226567944
83.50983123049335	128.44825109301473
316.0310001328238	187.74221994893855
350.2179177134247	286.7376906333307
344.9480742397	264.5618176656615
89.72170220550476	374.97916924651884
303.7424163077501	309.35500135152927
181.5241056767785	243.55612761575873
78.16727039374197	390.0036754976791
130.43454585613986	156.53053941614027
153.29517185332782	337.2950643879957
322.3055867603494	378.1963120907429
398.19667784849673	120.63829030004746
406.401352964987	42.72823704186636
122.92148203042997	397.6185085758449
282.07732451021104	318.4087940227293
280.73208754780575	343.4941151829361
105.2785144578942	15.835033515450526
72.37266958831003	144.20292042634264
197.60198864152946	404.50894812607714
3.2560610290273964	272.4805898978743
188.77976616030637	70.12397918796272
137.30322797796242	348.33722101453554
50.240726874075165	332.92357959404285
255.04458478975243	73.75473743905519
49.709435208036034	255.18718408053445
12.556191712275707	411.3059997122368
378.3999998665258	390.3142846507622
330.23063091019	395.74804736310205
274.04932753130436	101.04286472314092
326.56723003421473	356.2469815747538
147.9062213204005	114.44145992223035
173.6833113896888	79.47744222126701
199.54063335217515	240.67831386954146
391.0703829972857	322.0731148729751
417.61288791339393	4.911420071293436
232.21786457527443	4.3272214337968835
250.31136777568344	160.07868505399082
19.731722415653472	344.54621967883367
338.6549608277521	330.64934736343946
396.52066844813277	100.7021250751347
31.613152789830643	415.62466485396993
259.84062745402366	312.0810408735322
25.33843055399487	94.00785991405759
260.743269546161	24.70236494001583
116.11815118386005	185.84554954984782
311.2941913146854	9.611648148505983
393.9025472339725	357.2678296017381
389.40459711262224	33.22842065673279
364.4091824576237	263.42795732517015
39.42839271821123	399.66772385834105
379.7460750074008	17.471574835696973
139.5310094624045	133.61817215169202
184.59329904506725	276.707715122032
303.7354608843782	99.05695606639384
101.56067233679421	125.72582119622702
87.07150953209685	23.091058740377093
6.470491887354636	291.4028188554501
165.97132139821048	120.55051422519841
41.81301388779179	190.0312547398622
145.20932492604405	259.9785848818005
201.5772336284205	25.28080685488711
7.103394113666739	393.6646559473005
22.424216575375713	143.55631068230068
417.1943551535576	127.41265286091225
97.80461122115838	180.41584525966766
160.85333457805706	36.48986698812174
5.629284803826839	333.5095841449395
371.7866006978077	54.795517413097635
270.83784532714793	206.99036130137594
164.7350204593402	393.4428711965561
215.3732134816814	406.64083320749234
114.53770347473525	250.7876725257888
397.84913455032034	303.8414510010382
253.2430841176792	395.6403830905096
366.30083819493666	375.49967719843335
49.74742204714702	7.275336540441266
31.205343587479913	72.65168699739368
155.7115007360689	185.66235861488343
204.19511901481286	387.7773717356487
221.62571164548194	99.17599580624197
373.2164212050696	166.3641834513279
55.52067856527849	297.50052079204465
251.37534669075643	374.12859735567923
53.606500880867124	127.03067267842121
137.52229060099168	275.86230857997873
365.8565765623822	411.0373533582919
318.4095276311278	27.97576693885161
413.1242356318756	351.11911186918337
378.85425976020633	335.5566410010519
41.887891909537004	315.0796979240427
42.268534474956	276.4928433705945
125.04942155767561	21.153655892863966
15.423114320367214	58.824964865895836
177.78174268378908	407.5467181870338
162.2519408837833	271.4787928972337
192.00094550778573	373.13693951033537
363.95216078277605	97.3177334404649
370.563077589346	37.08107977181608
70.72766823763733	373.8899549883785
395.7372029510415	269.6337592811294
151.94275634855424	288.47240919288254
54.137049787936384	387.5993930188808
41.82352351322979	354.5980793780474
93.21291866924184	162.33774443219076
108.50568711493469	407.9432558397678
414.8287989518528	198.32572992380864
245.5497516483188	283.81959620676264
269.1255377324884	168.08203758016325
121.60898837647433	76.6229521609394
317.3667581150459	86.7975020593349
197.239533643611	264.2596255478147
67.16107873800962	161.39945567995332
19.166550843587576	184.80310811859036
236.7234028542557	68.25599601223988
192.9664725043974	175.03793515760418
307.6480981668738	171.52815385684215
161.60166100610903	102.32621933880937
161.65575212381148	320.7398098459519
24.794067343446034	282.5834008796511
290.73393801671193	409.22099757077456
235.6010620906826	135.19604005908874
239.47036900819037	43.4435455203762
149.7459867735137	204.34628604876005
337.2757371621496	197.59671450614712
144.20683038789068	29.786852773314802
35.893534284726286	53.111866411698934
6.189461090247619	96.24335765900834
163.02134764101194	355.83768256481386
262.0345071834406	331.21890734178356
23.030313218208036	38.01583256701081
389.53237720780413	50.9667791055249
64.04499301754846	405.2423828598188
410.33930251118807	63.79510858658878
272.9895105734342	135.57989490915628
328.4419862766975	50.69656341847934
70.26071177787537	311.28751311546546
67.7688855375076	4.515804873905317
213.40328276574633	11.260449600899353
327.32179049088876	165.83125997188276
233.66599407126492	406.1507802381713
112.40124304011502	108.349605044831
402.7167749583357	139.82988616754335
300.7387861075169	207.8100861409234
91.35787718765923	44.9126568644295
253.60904292778957	189.28345870995346
129.66155148816276	41.27898940420794
314.01803859180086	244.15918421060772
271.68984113265384	10.390750701613694
158.67918174317964	137.82926188856936
361.4955741759853	330.441759879898
356.99554161959315	309.5509338903211
101.53665369979346	388.94224504972414
232.70881831207936	363.88898204201263
330.93690115012515	223.9446291367441
311.11989271128283	148.46197978599625
131.17890410855972	303.2297560685825
380.0321093191898	185.28946333449633
374.48468032819915	240.61426489034503
95.30057664498398	299.5682239130317
398.5189985466135	189.90120165145194
111.50594969055912	40.072263203625575
356.2073709990167	394.0798512986395
184.91309872314488	111.97427431737806
11.568098223995745	234.39839233719135
125.42268176625613	123.01085657570813
224.2581580740916	388.97345927496514
187.03879944783304	52.28545050376742
169.45849196131198	55.86573693222842
107.07627403151277	370.37077022238793
318.58831683288577	210.4336127947058
299.3557514068111	330.06975401520083
70.47623113651758	211.96594540391695
4.037993545422341	41.96634927466
27.01818044571244	245.69966588602307
300.7335239489548	47.24280688598605
179.34434979063568	35.705703685113384
295.6019092330617	224.80678366610965
61.114460266342924	183.5162157113209
292.58952203118344	191.84312553342042
254.74149022448577	102.77094865651101
52.11011578011963	44.25069122012834
183.33233562994832	159.7701810117798
74.37381736992047	75.24377483024
284.6996851074342	289.92293003969303
153.72371803482022	408.0299061987586
30.123247837180273	204.4602601329005
268.11500860920506	274.6476980037859
85.66923357776662	336.97781339683314
295.13838289816186	252.97774464989857
308.87967242622864	364.48291213783165
239.55342479635368	176.33675710017786
64.96698905112794	60.12093157387921
20.797436556534215	166.6550135626332
170.54166003591567	4.784148401063176
382.549019999683	418.7258120661319
352.0081748664163	2.2197469151481686
35.43238862702268	128.35124045597487
306.01466467593775	70.32394428672214
254.02166897367593	140.55933664574175
183.1525876845767	390.17482257416424
290.8797518414967	138.0953943409773
275.41783159873523	224.81679977998758
25.075715770464704	388.04161918216715
322.20320024672634	411.88905694868237
412.7470342846967	108.3729698676289
90.03514730641707	103.83953616394214
94.49593937992915	240.51422861257433
399.4259217756877	15.337977429703614
235.9910961392608	198.46045719822243
99.92326461307994	73.3642400425468
162.77920856304513	226.495020412092
325.3818305721152	136.90713317543597
59.002802576479205	348.52431614313525
338.35029737127513	312.10516502298253
107.11563379958508	142.9056874458734
181.28097321774547	358.4346898829218
194.91919378295898	87.07401022308832
276.1632683612262	184.86488711463247
236.3336553071163	216.4047754995909
252.80221096008154	7.4459177129290195
88.4030834067871	404.5874275076776
269.11918345975465	253.72963429563586
153.9656155656793	72.72360885317373
331.04393948235634	251.63422305763652
54.40939519509258	84.20540917195396
307.34182203531464	287.2759126426291
298.72582770548377	26.068964064936274
212.96344514548008	324.01066754276746
10.011947443739876	362.232811112118
362.2977365021284	184.12155435229664
404.8515793767391	334.44734247941824
110.7438173795825	231.54162707935507
366.98291756785216	128.57808964411183
3.187977914650389	144.72110994950717
407.6623055463668	248.13289955832616
399.97802956150315	211.70039738413678
340.6578373605513	369.2724325561131
301.9374317885485	347.89013989219364
18.333237660275717	15.23943545311788
148.06678472678672	151.92134046786396
78.82756762255538	291.3555726365308
183.89207930998427	193.82247807437363
334.00132082543234	73.88784604390179
55.374933464778984	26.837405524786544
235.25915710295166	115.30530369192107
397.82824482973734	407.70911675563315
384.7494950650996	223.22096872760537
56.327202751493196	200.67174817445394
26.574338512741452	368.4231145977269
88.95841941371631	5.150860273067724
220.48619580535055	182.91099627034754
27.484089833499738	225.15697082946195
133.96011434219545	185.8296754482381
10.16365903375616	207.6256651225353
347.75890781596115	40.8289168324876
200.47945081544404	128.2968530997514
215.21035520421756	202.08489756361894
113.39388295466146	308.1165042369728
132.65041675351074	238.82124002333296
77.59633397303712	234.89136898222176
104.52921586928649	90.94814647603422
162.85574131459015	252.85368796349667
44.89597706701423	235.19652950474025
419.46886641229133	174.0869523973532
76.89537431087113	252.6708789804457
134.45116185044373	63.601324364229505
377.7555549938647	276.5576064583004
389.34564292859585	253.1544658679203
397.5557253291318	386.26065066921484
413.3545433442283	316.5395078437422
173.05124548698586	295.33277245427195
102.3535441189167	197.51211658168205
165.14629927141877	165.37735199853066
210.5955610895208	343.6738396039936
198.5458078441421	147.70408221069454
252.86360140425154	207.307704846557
230.66386677480696	239.36575788515592
168.4092176093056	375.1502134208802
232.84908747415722	156.6886744762834
366.43566991143564	71.80721837776719
151.00464240584378	306.60305922417314
96.65007928468853	277.7075747265603
99.87470893679755	347.904212426564
348.7798990406778	110.86504180783754
391.0590066489392	169.81102931269066
48.32507031543938	66.86317271805042
378.81134292246696	114.80297962949797
286.2638874277303	113.77018805454097
293.4877048826028	6.994218099446838
356.5335332720881	158.6456595026189
288.23471180645043	90.5454557069926
194.43188661365372	334.1132240874673
419.5786722127655	23.09425364032745
143.98334207248615	170.65110907584432
219.21991900317204	124.06487827588461
218.6556557630271	145.6820481326062
28.001172601811216	303.3626943444731
336.7029260267278	97.26454417782185
126.7970154315626	363.54839578044295
152.1995683369647	6.192146445499132
131.2990407346251	381.2902794760466
148.55285848747727	385.9503867690096
235.8308713798897	267.84260715322165
306.128764194722	121.61909846997379
216.33233894398396	261.9998788403218
415.1236852587001	224.10301559127248
68.53088628452623	96.67969416738597
176.56303637234902	337.1687336159267
132.03624717140139	1.2086074551048247
342.9717215506212	177.5949429590771
350.89406388686933	60.03573011524679
280.89773284877396	26.111138086433563
250.34991877173854	230.74237549972239
267.06922236250364	383.7902923868737
41.86204224312222	146.47841636077604
74.20473508250822	39.214658184138884
233.6843020552684	24.607711332745865
223.1880463829916	54.18097163289632
342.38054189741314	147.3704073315544
295.53922582157867	157.7633405479283
331.6070287920237	277.441049589867
346.6948991722525	347.9140785785836
202.87889582844062	108.0653375533099
277.7189811674558	47.66723946691137
177.89660084949347	141.41908936052513
137.21385769001282	87.46468095184402
184.69324886455487	316.62532768933426
183.6786172455302	16.97852085709924
349.57150279877834	20.770330428074477
250.67993576733576	252.87466550522197
86.12207111537323	62.07473575257398
255.0333473852565	351.2203706830004
289.2621944544321	271.7812608621286
238.5390599315465	86.44849430869922
360.976114834419	226.7869122891878
294.28416540956465	380.7752070446031
68.69153824407073	331.4863565013535
113.26045455166658	58.084026437595305
79.81796205289928	270.7425298058592
210.75204362559472	280.4336331226913
12.533471037145503	312.5264523006053
414.0890873305716	379.4489639191376
87.35532363514098	218.31773084855595
261.6540171921583	292.92215087358016
97.85709389163581	321.7665778478087
373.68106008136044	316.5054516964415
54.00434529852526	219.1422716105256
205.4712052152128	49.7998979365012
366.1493711352479	203.07545767627423
272.89071936443196	70.36693464415407
405.9932406547881	283.9830683180238
23.96201929436883	326.90107883733083
21.8276480386547	265.12526785421255
150.30405115782617	54.43469550355668
352.1501809710954	244.59297869384858
79.96197869173446	191.31202944718544
228.10194915834276	314.0640425627252
316.8830711126655	263.64907399686376
14.649213486598793	124.3306307720072
195.7955307834871	210.4098977303317
196.0187260215243	3.124521502607256
81.02844664792548	357.4630173894157
381.2710074792204	150.40891899860873
406.32225746816397	82.09750909488866
113.21352502516906	270.85249512018066
350.8277920559603	82.2392341108548
43.792588764548604	164.71313108229705
210.10519646870424	76.99562371955935
258.87403546110215	49.34447697423067
405.1091593317422	157.5146684274924
243.11639387863508	303.46239160840935
347.0802248246968	214.64350315459458
228.22150612822415	287.27422085255944
379.62123440667045	86.45192913747694
115.30386731368144	165.66743393664453
115.3697425911188	289.66958208132564
331.6261583875594	9.48118162033801
5.696942247010795	253.63682954924442
44.02952839001168	372.4477099688899
34.72899160623077	22.06681823474429
341.3979028128449	128.22942098213807
215.57135535997062	221.83025234480826
