220.21755744509102	300.10435608406056
108.9216237648073	325.7867574953433
274.6322520205169	365.8277323474604
129.8501265798187	322.8510553324653
397.58869065617915	75.82693643266742
362.64834304068677	279.6318820328141
363.3588971837697	352.2008055120796
377.14785888346233	215.34366986669184
272.8551750431951	406.7394876555271
198.2836444634513	294.265430986872
260.96385127505494	119.73148012517298
330.9908464444324	118.71882623845974
207.57593321742254	169.29308033925443
123.30550481635957	343.3294037815262
220.23069871358564	362.3814585564747
129.46125106624422	109.68218614443623
313.39517610051337	333.02101256721323
417.2983646935582	66.45724745055298
321.50095172923966	312.2284561509888
58.04354187006532	277.3644197931478
100.31208998700292	250.29386473523812
179.17201887123267	229.2479567638732
54.6697011164468	105.80301290527396
68.99951175869926	120.6506052155816
129.99547523490097	224.9825322255204
154.75060100450162	366.79035090779513
83.48704722830054	135.0328052388747
315.3233144642953	197.540020681586
341.78571194888235	289.3499813748646
347.3132822656187	267.71453127457806
97.74647432872734	371.0827588103911
299.5063467197016	306.65418156059354
183.9309242100762	253.74104406178662
83.65266445770698	387.9058293905434
136.3647118341207	147.24604533529796
161.94627178309946	325.6007076073776
318.3749644931029	388.0241278332263
394.1751858136644	122.97312772219387
400.19016675351793	33.141075529422345
125.5250166807882	398.2615859621498
279.3308556613637	311.2962619920912
283.40633612116346	345.14377838543425
106.58841509252262	27.484088975273917
63.63915296580489	140.74796145020815
203.6616966604371	405.2547565752378
0.9123259652821398	272.5003988936185
198.43184509661546	70.95830742305473
144.1807839402749	337.3513119680944
47.942391636122004	338.22935101739233
261.51454886884954	83.09215871289946
48.4019105269261	260.46771184722525
8.41961064875559	408.9069675427751
372.3230654290889	389.28919118741265
334.8861039711647	399.84162415431865
271.91806706002166	100.4485391379051
323.79074005469533	349.8459224799831
149.25943860183406	108.97643692888064
179.4086270598278	78.2906616613006
197.7197254474119	236.6516562249996
390.2148188125395	327.7921195154382
413.4938878129611	4.396468182116516
226.3923845223852	1.9579793811693458
246.34545460615692	160.01028840017804
11.690013781399111	344.9736625664494
336.0777069987082	329.2738576924967
394.77607507364115	100.66397222585641
31.128128890196862	2.7804890155407045
258.8328858825197	314.784777091974
33.22982864327328	105.05083331179753
259.7000551608487	25.99194414548789
120.8198583482771	203.2702183026921
307.42181462941284	8.991635725983617
383.0710961680956	371.67464276832055
381.23599840042334	25.9601506202147
367.0101157666698	259.4677060475666
38.60229407378025	404.74978132325805
371.3343970756714	7.578058505707376
141.27361048915196	126.64451922099151
179.08577905534565	273.16536416296304
291.41860759705236	102.9876601968499
103.00299681372161	136.90272994680979
77.51657604877057	24.5440881615683
419.2083613702797	295.61345683763403
168.61548814020318	113.66072557209216
35.910009094098896	185.7910444891147
140.57445764357846	257.9944513388052
216.75567827190284	26.98895643588512
8.614272677762054	386.08379298838884
24.232959314373034	150.6108753597948
415.379144238417	126.06566456134803
90.2053942723502	173.5505956565537
167.0198909962291	23.511396276106215
3.074844804136235	322.5732922334673
363.81413622050866	52.89301608399304
275.70851125397877	196.5155482938902
163.2627230590215	390.9193318637069
223.3569236759472	402.17974222439483
122.0063057746893	243.6312323842191
381.5292533720907	296.9032044134635
253.9642989696988	392.32000146645123
358.4367343448603	373.3785102059622
53.295652302897466	1.2309140026251641
32.091036689792	82.91654934788055
161.93403186741952	190.74910901885238
210.311570596965	385.2236773615763
228.42490344372658	101.68613140967373
372.6736419887428	171.7376767123369
54.90953976904717	299.8751489997558
256.39241191649177	372.4992046909739
48.50885456201123	124.97187311040067
135.5121479193797	279.59425681611464
366.20866550316066	407.87970332772767
318.93517991851843	26.5354843267192
402.8540195006304	356.5609497968116
385.3677809334723	346.8455461196882
46.91756943086707	318.4981226647062
38.00102544356282	281.78834864444985
124.36403300562796	19.583687301475813
14.861778285608374	55.73921137661944
178.3850864877274	403.08940590774074
159.4062125452101	263.2664311182703
201.11533444035774	366.2098185178404
361.850911243317	92.33950600837412
362.83069942303865	32.07441878393364
69.7469395697387	373.2367208583016
401.67701161172135	269.86998113749604
155.51095540358244	282.93694536874983
53.62535389956934	388.27720257131443
32.69570178175307	351.5541959667079
91.74955573524682	154.0419808870331
110.9113831317271	3.0690764640103825
414.60465365931185	195.18334582104623
252.78765526671205	276.0233580941102
266.6014129116069	156.70341155431547
112.56114364276849	95.71881560874287
311.3732220443094	94.037145463646
198.46002701251655	270.75978086290894
72.4267288934515	161.89918628692257
17.512047917898947	193.4316340919091
249.57522690001693	64.74239276219306
194.7651961153242	192.57283083220176
296.42832200864854	169.8871361052692
162.05660881505918	92.3978943918129
180.52563177123847	311.3322658938727
17.201814544169263	287.13757329824546
289.09935630225203	396.15214324562936
233.346501335338	144.7309003162026
243.62213755413964	45.39080445112204
140.01233790944164	207.10893535659133
336.38986895118956	190.24030445163066
147.52490726438958	26.623700738343658
36.40431206537429	45.55078049379142
12.176302283385835	93.93333025791432
164.0550853306072	348.99737348350476
269.170424421514	331.35437538748096
16.505395564103466	34.071836491282454
382.71436898031095	48.027211648950136
70.1914100124526	402.77532605252634
400.98808028456307	55.7734239243576
272.4341877882906	136.89712693207804
325.9907821305061	44.68443410037313
70.09562593513398	313.6474617898735
72.60598249253205	5.648567926031006
207.81410782648354	8.155659544579597
321.3261921269339	172.46706781764624
244.45268405976185	409.9903597258183
108.14946286682338	117.52921540240382
402.2677651083999	141.86111377371765
293.14293293959577	210.60124915430958
96.57916850740482	45.010699358509896
257.3729517393186	188.65958444824832
139.70283086511844	49.56581829945985
313.3807617329566	240.78982456584183
269.18736969959025	6.75064634702506
165.01752449518827	133.03618912584645
362.2523049509449	331.65909080674163
359.1548262198709	299.1022635317734
109.01512319749943	387.2286072474396
240.19879730167713	359.52707000287313
330.46190861508165	230.2511795847071
310.2343306726704	152.95073632418362
135.65845702114692	302.5077464794989
373.16587486696534	194.16053525614092
372.83374162108447	239.67485490925804
93.35793393267318	288.9031491395802
392.6686259650201	192.58870445194202
121.53876629563385	40.4535180046565
353.0402415345623	392.9588875486313
188.18497645130586	105.12310933372724
12.624451892050589	233.83957178425348
121.76455328205644	131.7532852568315
237.22492089387706	380.7056776245132
194.45041195355122	51.94695896301196
175.1880499424458	59.03190562880905
114.29452848238982	360.7699987346761
313.20724749420225	219.7161521795344
294.59927533616855	326.86610656617813
71.79973770571941	210.34529097663233
417.6120853286886	44.48623573923363
30.883247503135973	246.57890481217794
305.7680931539484	46.065966282618206
179.9428574475139	38.83096837107248
293.4600595246971	235.06400745291907
62.19431703182164	182.60163182755937
295.1492359708493	189.39925446941774
251.3880133080535	99.78125971219252
55.81714161908429	46.75032940158077
183.69397100306742	175.74001684818595
77.98988874426138	81.56307225862562
284.2834371194245	291.6766971172592
145.7289152441756	404.35275978334215
32.98318721972611	205.8891879538447
273.10910635477046	268.48717379063066
87.0246178404932	330.2598188793577
289.59190813032706	255.0253484328784
315.8181493623255	368.5892168904519
238.812355611037	181.63827109633962
65.42218386724315	65.21824402283681
22.945816447531975	170.04905857482302
168.81170938897156	2.628888230443346
387.1555116799918	408.39195294749265
350.41309930953287	1.383472012811755
23.299382414839602	130.83832145973744
293.8613207767227	64.33640598724922
252.5110134574747	138.47209485988603
188.70044647554315	386.190018010576
299.5513526642543	134.105938185329
275.9778473913057	221.23176845670534
31.400645292389235	386.37066181251134
315.73415517833786	407.450449452865
414.4847986196966	106.67943258742238
88.57061278525994	116.00107601348674
86.9964573079508	234.75229576285327
390.8652114704881	8.69285337317764
233.73215325974806	203.19739509297185
102.37084177081762	75.73217645504647
156.41911810573077	219.72078605650748
320.3903198647083	135.46028704652548
59.280922259907506	354.4254262607283
342.2483353075831	309.80373997764576
114.34595801270079	154.02124031813455
184.491150691661	350.29004804537936
204.2150948322525	93.49318108934192
272.4801550446434	175.1829879987818
236.6575621142881	224.37318845412935
249.31990004101877	9.582369286210005
95.06464254478688	409.8956110703956
271.32772591007506	247.53763182657048
159.85965590956377	71.99976846301394
331.3224663201013	250.46227105337405
59.06696976978372	86.42776308542446
313.6489487494354	290.36451957696187
298.70291118390077	26.94865661648554
222.12556069605523	322.07859911971076
3.869672168665186	365.0127796334074
356.37673848174705	184.2101719292603
410.7950816995998	337.722894820161
105.37964171451944	228.4051567510862
367.7567657811371	133.02617078069093
5.729425143975393	143.84030040924
406.889800147448	249.1142136181746
400.2255880468092	211.78068460243307
334.52982504979354	374.42184617529745
301.8106403981884	355.00929171896485
13.199693564815325	11.717424780074504
155.18819183552066	154.03483851913973
73.36084367704298	292.7209320041891
174.0061980190077	207.81578206141234
319.0219188984961	73.69937706850642
55.8653165360757	26.210766736337604
241.19971329963187	117.27976386795147
406.53641737957037	406.06918778681654
392.20554772538065	232.73614564462733
51.76993462025135	199.5063389837956
22.912407201689778	368.6189279568488
93.68780216938598	12.958234556796672
219.5149162998206	184.70734740735233
31.699161961429198	226.80676632291352
132.48030368629267	187.6743792683894
6.20965485759435	211.11455761944876
346.1942311821726	42.33452354443156
187.42432059457172	132.005676640709
212.07864070565296	203.51967268219235
111.4442733422798	306.2791703782315
144.8577466800707	239.01440032595582
67.80577437280661	229.4670252717626
92.77899276501336	94.5768862319675
165.9193607946906	244.63707644980528
50.54869004032863	240.06353581381296
3.666911082330204	176.47471434969844
72.60109301636385	253.55009559761328
138.98383331970408	70.63842237272745
381.92171297450784	275.7578029945556
387.17617282545916	254.7174347824309
392.70010161131984	389.25413462447585
406.1467952723697	310.7551657116911
175.06261424430923	292.6774648173594
101.87347610875668	197.8854568090396
164.17838879894097	171.2060478208769
221.22769200039312	341.8212190191979
194.682153676194	153.98886576519791
254.43047051532622	208.037693955774
228.86185712782284	242.35223840444493
174.65307574808247	367.5124550699678
227.6920771211159	165.7033304253414
364.72506204697976	72.37668556605743
156.29117407838632	306.1513954121014
102.03324398525501	270.085932322325
102.5551694296659	344.1848304790851
352.8990979700935	111.99965384400464
397.8083275657633	173.773266694475
45.15636135858951	65.03996505483786
377.1519318678622	109.04830214652407
283.1203729553285	120.7067603701686
289.3247285371756	419.0292265818549
354.08970270242804	155.3798964595134
289.6386052571242	83.33939252969182
201.47975207174778	338.5967551422278
418.9257413769778	24.88465417476133
140.13025451710718	169.57357336026308
223.6689805275256	127.3504613402809
213.8910977514316	148.07844168035894
34.90858729273039	302.1886473427628
332.8935640082356	98.94217175470085
135.92237795688067	358.6733990707464
149.34245599696226	4.932566989742643
126.17544900878356	377.17532790988975
144.8498466028359	383.69145709204696
229.21087875176877	263.66413134097473
311.4377956278158	115.13368480231904
210.91514061737107	253.2610711576433
413.51082964010857	227.63571091685054
73.89282454413069	100.79226644445073
182.99941782441337	330.8558722302697
130.1441530999269	418.69248838166345
340.8607594111219	170.60815086283705
344.82729988417105	61.766077367189965
279.41620731288646	23.263976637248522
255.8381017194623	231.89593336725065
272.76610346541037	385.54183521058314
44.30835619143247	146.7308386094377
76.26539352937495	45.33309417662788
235.99168638926778	23.813617625886657
229.27023437706947	60.60848431282144
333.92343187048726	149.92443495687797
286.117561386415	151.74897229312674
328.90102062928815	274.5772963431815
343.9018520877662	353.6945061460549
206.70344011928077	116.94202669854191
283.3003182928092	42.60966693618257
175.1505367611774	154.15172572304672
138.76796683024725	92.67219236972493
198.9238469326635	318.15994106843794
194.08168868895987	22.95475697961716
342.2487432947592	21.526206748837318
251.1344309335443	253.04800695616237
86.71466282853807	62.869951617243004
258.364923104156	348.61801851747117
294.865160868279	275.1400979531731
237.07609570878236	80.47729236910173
353.7378498452829	224.4707630463347
294.46632481310803	373.56015375143477
67.68183710960487	335.9618190189231
115.97122695557937	60.11596167529858
79.12884960920236	273.3362891089379
216.39245026290922	279.43479719283977
14.969836307913942	306.9876885403083
407.50154875389063	375.5162153268344
91.10544677862622	214.09060507961496
263.95431062896165	294.2290034099834
89.07361811360424	308.3489902708376
373.24883827590867	314.4317735006943
50.71816768143088	219.3414122375508
214.15491549630127	48.31370111548481
353.1753610267041	203.5715054953768
274.19602769650425	66.60396695628377
400.4416183255546	289.33097680026555
29.445273536016764	328.75634578202704
26.24984087449676	265.618604652644
159.57921565267483	44.274613901914435
351.7821784971768	247.31593412250317
81.34297652187357	191.6441369425347
242.0986905661909	335.7097733029802
310.2732217567921	261.28379368133255
12.107260094336878	114.96943871797762
194.4662868721696	212.36665319827574
188.79979484989238	419.93544396854924
80.30280590468901	352.0364647837786
378.9188127274072	151.11010252396954
414.1236008155652	86.63360383371187
120.96679874461718	263.4536073362169
343.94793105484365	82.56258668711676
50.97884282173538	166.0041057372325
217.7823529744191	77.75691012182982
264.61227652007	49.63208056626294
412.2988400166736	160.28698149333607
239.69859967529374	307.66059291613175
330.629255975977	210.53094368490224
234.88166365527286	285.4016499441301
380.55579856753366	85.57612712510397
110.70404420919233	177.85251046155284
114.03789998036935	285.4525407032124
327.5341944936958	2.931884904437011
10.46255447541302	253.82102216509827
45.33015498896776	370.212546468669
35.39059488051171	24.564822326530386
348.1640316964579	134.33219760624218
215.76057224253475	223.25706608724838
