218.60365423176614	300.2500772268269
109.3292480285685	325.3638564846682
275.15005613778277	365.0967727001541
128.56167171653448	319.62330614529765
397.10048363408976	73.34169026707953
361.34729121839035	278.564627184001
363.10784230255683	352.6344838031456
377.63796045015357	216.99219482790534
270.53162159172894	403.711303534427
197.0562140650921	297.6404568152765
261.8554768304148	119.59821446655815
333.56352832615727	119.60849848318622
204.63988792283592	171.6491773127837
123.77327242732507	341.1276710202136
222.69102681848423	363.63556328727043
130.05794903337303	111.30541260498883
314.18354691404164	332.2517777863474
419.3484327364679	66.24569926197744
323.1114318433565	311.86654924416877
60.21477635111115	277.75444284151183
102.82558466882526	249.15562714459276
179.91346129737315	228.0984508381005
52.97197721320174	105.53805378896777
67.0970313120619	120.19675803114423
126.55351672846142	223.4994239470969
154.00492309196574	366.6907667257759
81.39962610673321	134.6018015890655
314.62817178442924	199.48433272773502
339.575518270983	291.2417543831286
346.0674575844468	264.9633276545218
96.88621788754814	372.7831491428808
302.5957275093802	308.04203173880376
186.04784427943076	252.32359876087983
85.66738715835812	389.1996478227168
134.6663643553302	147.7132433288195
163.84413061746787	325.5665464594743
316.4904189012105	389.0185154327826
391.42368454165876	125.43956922180641
400.6557143001617	32.85549573264157
127.40750192337688	396.9367299322694
282.4128187488702	309.3399373573266
284.3982320686691	347.6135043112076
107.93704379404619	26.142345807499684
62.27569156999561	141.90794309063145
204.59166390612654	408.09743831919957
4.133482686273919	272.3115998865088
198.7779278992616	71.26270230864937
143.7899801744503	336.5883098199569
46.62651113414671	339.2280661944186
262.9493140689217	84.23827685617432
47.63045712740749	259.856786314455
10.673352639410298	408.59070163444034
370.48605319700613	386.86160108040235
334.02836604519695	401.4433041844265
272.74303575880805	102.79145301446758
323.5242574913941	350.4380058915059
150.1998793700008	109.22257455569623
179.95972504316782	80.20296178047712
198.81985391952068	234.4899856220684
389.68164736083884	325.099306751134
414.30699725263185	5.78251217794659
227.95829932727202	5.0627215793733535
246.0994052801749	162.36284434008581
9.465483910336529	342.6346864226387
336.59025403301445	333.2394235792991
396.92555026236823	97.33175691464159
32.277032791934644	4.0590362572441645
262.79345222402844	314.1221264200363
32.70739650040437	108.39946579109319
257.2338008545792	27.208376448344243
118.51468630533054	204.02081801649393
308.31795762168616	9.387392577418638
381.4640336274613	369.0348911289175
381.5443587550363	24.873161191363252
368.4621504210848	258.8777875876722
39.51505046590839	405.7692533461
370.46816845873695	6.404529601334152
143.26805705587861	128.26671813401404
177.77778047856322	272.33168918538183
294.95906795247043	104.39252791257465
101.15729216581737	135.34051073117317
77.52341149200593	26.88044841236062
417.52967074324675	294.5585260615228
170.4454977950785	115.92902140631679
37.259925498387084	185.69683030850385
138.95885242558074	257.6699748040733
214.97671037783226	27.60561399752742
8.886045075312936	383.9635271632803
24.102099478369205	151.94596996646726
416.07272986772193	126.73298499860302
92.84995708657593	174.42713291809386
168.31519656161018	21.358981000526835
1.5264300386842973	321.9638539709979
362.3971266208565	52.079411283867856
276.2131641197657	199.59805026286128
162.4415151097778	388.330601133416
223.88346043879343	398.05102034710956
121.3854799891277	242.92348725155466
379.2811336614303	295.2609185772604
254.65995505968456	391.98367846256724
357.14285152070585	372.14588730149114
53.40474364887744	2.5487693041752193
32.32900086567674	85.37241363018825
161.85307419040586	191.6009904262792
209.34835840271114	384.11570608638965
229.09940454873438	100.33187417023885
372.9243861934865	173.18621298176117
53.781286721971334	297.7821593630619
256.63133356030306	372.5310233514754
48.00503203036225	124.44928749797636
134.15414994581968	276.8868277703043
367.42164143517607	406.36810494256616
319.9454428336583	27.20453110105174
402.4559317939602	357.4514187681444
385.2827782677254	346.63127564624364
50.67356465757734	317.7905866698434
39.49234517733623	283.21738316295585
126.57066996423474	18.774265176936087
17.434848695973102	56.37058174571012
178.18864804583725	402.4018792384284
159.70728632488365	261.2227392968418
200.78175119577847	364.0500633508148
363.21377097379917	94.4635465169128
363.36056306542645	32.38859077621345
72.32244601314544	374.0214223489548
401.0092869623377	266.94209746279927
156.03328194618234	282.72158759013973
53.03054950584274	389.47991255075993
31.117501459289702	351.6187580148588
93.59734334944604	153.7179043135859
109.92020195946391	1.8424830256328404
413.1716029828565	196.2643359396074
254.51995605996407	275.5453373943027
267.35477051244726	157.98371560765383
115.41575903472065	98.14804731247243
310.7147861571556	91.0359525171822
197.08489595762063	269.2806232057029
75.8860894249245	163.17871658020974
16.63453174564268	191.3854424854751
251.06203732619431	63.933023744479165
194.4164775207365	192.0529632942826
295.77413267962237	170.12896003992103
162.43494075853346	93.57447074411574
180.22556743656222	311.5553692468064
18.172186392103896	286.1334947207393
290.85193477883314	397.9304876542588
232.81111050241563	145.5685667938607
242.58704541693433	43.122569843917354
137.80150519825511	207.4754498374694
336.0006196935849	190.56987147306606
146.70929394977676	26.683870609495738
35.88027103715479	43.041379407543396
12.657410126473563	92.91373558836654
164.35493277515414	349.4109140966819
270.7963901389723	332.310901961311
17.24495137876875	33.4764023215335
381.5719167959506	46.567151810128635
71.64241149144358	404.5820746082209
400.2648951103111	53.62161089242362
272.3280592668814	137.30964306266404
326.40454084976847	46.10852157412379
70.21835529030928	314.3520800218415
74.26169082593084	4.402459306267564
208.22203397895635	8.040509839648218
319.39153455416925	173.7421908800751
241.6363201252319	409.8148340223167
106.90673012707654	115.7790836556543
401.6661414772395	143.810476841159
293.86764964448616	210.4703901045397
96.25357111298798	44.68107698617679
258.00236822677033	187.68334729031818
140.31777095267634	50.51755002684987
313.1920836609431	239.83950761144774
267.8272024600496	7.875551764146975
165.68230476280954	136.07774686055762
359.35916962334915	331.9614933151723
359.50668125137594	300.2155764207902
107.85155550017116	391.03392713716346
242.23629915068008	359.04084044628104
330.50965254119023	230.61692519230039
311.12253618261866	155.05587068885626
135.93973286012175	300.88868452638775
372.16501008725413	197.04117282178194
371.71721533966496	238.88019813054706
94.34027110624119	288.06099627389335
391.4655698470059	193.4537012744648
122.00669036045039	40.06491647456043
350.63026495953795	390.974475457516
186.8633767395305	105.20183180205858
12.925872660129142	231.3069720827435
122.82124786417323	131.63660679879936
236.6419138741959	378.0180021886846
195.48765515719913	51.54861389732651
177.35702194997202	59.66633736731716
114.13500611423615	360.42422084849096
312.4776096213234	219.50782267741215
293.884848624272	326.00063599752724
69.34438063290726	210.50413022456198
418.1715222853385	45.63600470671576
31.18064834497065	248.50020921288117
306.0340773454317	48.93586638748088
179.10127629259526	38.716500851972455
292.3262792137708	233.05270272537132
61.79618168416829	182.6286439326645
294.612156101616	189.85144078338018
250.32859610791118	100.37242406522405
55.22186961629143	47.219112831440185
182.02696236101292	172.7373272067245
78.87236521169262	81.39164810457629
280.8300454575114	288.2757289696067
148.95861098450396	404.0572786430501
32.59879261580297	208.92562274483288
272.9008772616984	268.24046022729954
89.20619488494746	327.5944367057858
290.1256651595694	254.7585550122942
314.9930861431784	369.2683135813231
238.3204640076404	180.60454139358544
67.00189594539017	65.19176683912102
22.89326616268381	172.33672282234076
167.11417249613342	0.9806914948484052
388.22732510229406	408.45501762635894
351.32159725396787	1.303949279109146
23.260080841737313	132.27239355445124
293.6416888334928	64.42700164247135
251.77942617014733	139.45777202797936
189.6743396025731	386.5442614983167
299.22512757734876	131.44742631534282
275.4723956135659	219.65049682062002
30.827509709192448	388.0489210948281
313.0350219320761	408.26485138382094
414.3548497787964	106.9303248116509
86.38606788183414	115.61616079329677
86.15377574074641	234.99390541180293
393.9391679982855	8.496334880402653
234.20950933144996	200.7698655366107
102.78814530161432	75.49046653605653
155.985239920755	217.19881881671753
320.160152643463	135.27595438146926
61.90688375979175	353.6800228517964
343.63060442857613	311.84083700180327
115.58076645385256	152.00019502262077
183.83469347659891	352.09615459593954
207.25664676215007	96.52835592730688
275.77435481040897	176.73195005294068
237.8497096412292	221.490429712328
248.30162211412033	9.641370447429829
91.38096491209976	409.3918385599671
271.4165130665949	248.7295485278574
157.4903277316485	71.45483057489047
329.65156714336325	253.8009824327617
56.249456216029635	85.38077508521052
316.4497023570281	292.7607177882927
299.8614935201095	29.73398936501235
220.9952500373088	322.81988205961915
3.6183741293363996	361.5322457008744
356.045180382016	185.07587597615498
409.2015134075535	337.8420281127348
106.13594277034359	229.03561713255772
367.3826148703381	133.6976881918683
5.570942149111852	144.80321864652518
412.10949532096214	248.10959416217335
400.45714591267836	211.52717623207184
336.389691500353	375.65761618538704
303.58560499653834	351.92606186254966
14.031399259298743	13.190828362126812
153.89265102991874	152.56393767274872
74.73785290584266	292.63430687861097
174.2039479799183	208.98174406214133
318.5747459868517	72.10628641660585
56.01579229135532	26.072942910861414
241.01285855205796	117.87358411208102
410.0643450595248	406.53722713653997
392.42485003340647	229.99602126935997
51.85279402978808	199.62515542093678
22.575478272233525	369.652478075615
91.87116406428538	12.929184727837532
219.54454351653368	186.0617163778277
32.79518554487525	228.9806890832377
131.59110146130735	187.6918851659627
5.865853660548913	211.64807923176
345.1573392778919	39.91620410188579
185.5847770410701	134.49543822591107
211.49401679953206	203.91855990887169
110.9401753703916	304.0037340147582
147.10866855574653	236.85684580997292
66.68553617041032	230.72905438276663
94.78933231230712	97.41107709303823
166.19634943325056	242.44950544990445
49.328361883651624	239.74423310798042
1.9200359368708513	177.7820921386356
70.79688548350185	250.84440728531354
136.9896937410785	71.54372275747163
382.89943534362914	274.33108534441516
387.9184000711124	251.8496294349685
391.29130987139627	388.5405837609279
404.22921191033777	310.56464428920293
175.22661993466355	292.5502843081446
98.96239681956968	197.31993476863354
161.9663585883218	171.22084891368905
222.99053755703144	343.9256068519594
195.2196412595649	153.29206909368745
253.77503654611124	209.38864441523603
231.10385644661875	242.30453402292716
174.90283406512907	370.90354165185033
224.32295415275243	166.80427149465697
363.4432020292144	73.43777095396538
155.17432116381053	306.908606486964
99.19744616314605	268.5646615052005
101.86198698972136	345.17176757802287
352.03501887243596	111.51879901964892
398.454954292529	174.84090663121364
44.69715172594216	66.43908799535106
377.89138516702076	108.80783536472208
282.7671074017965	120.05106038944497
290.27602074785773	419.65503247285744
358.3945699532754	154.25047877949706
291.75904408009194	84.21594568149676
203.38605910285528	338.7291930283041
418.8128327119607	25.465542829931152
138.7308482984264	167.87502106734888
221.1794256604979	126.99125715855202
213.25716231974727	145.3238467992908
35.06747289142453	305.4120625976863
331.43981646462436	97.82937928373153
135.14388283220111	359.19376575965606
147.95325706780204	5.2202666128762925
124.01294860213235	377.59927105819884
142.7860155640994	383.351878459482
231.35356746024564	263.08675092739327
312.44129882726435	116.78432039197733
210.09495468452786	252.66069480083925
413.7030619605702	227.16389970196624
72.53427114122574	101.12018922730988
183.30330807269877	332.53549589161213
129.69348254483563	416.4126092501666
342.7026988807955	169.3026083255763
345.0333801977714	61.55594888615026
280.79106541968423	23.170421277301767
256.8984646670753	229.84727347763462
275.62428180607174	384.8122647808615
42.840517129937986	145.89100861258837
75.19280879805007	47.00680763741019
234.38602714285898	24.342742552283
230.97516488443983	60.101021377730724
331.6362534636133	152.4248353000554
288.5582132697819	150.41783778857143
325.759473855503	274.612633072572
343.0905582437491	356.4792366495723
203.24832092269236	116.51083699944142
285.71957724676025	43.34847702545654
174.04333175318797	154.83460824835444
136.46327046246293	91.9716206021834
199.71951575019978	319.2808084027712
194.93941901379105	22.912194940640294
338.8713810653479	20.96629461747737
251.80051351154233	252.50634439522827
86.70548629375	63.15598270385743
260.3962436773118	349.34594562312674
294.87843483858387	274.07966205558
237.27839843020644	81.41557938793902
354.1717038575861	225.0053878708771
292.7433679598977	374.6397666470349
67.7561694942454	334.72742046890045
117.57762345257805	61.21824795652525
80.12220138234483	273.6087236201308
214.29858948759497	279.4600303606603
15.4777129655207	306.58381986525563
408.35115597430797	376.6950283288193
88.76867948277983	215.334855382249
262.1310935608069	294.5562956029528
90.8162572601061	307.9492044615354
372.1428778568923	315.9738111631212
50.65164341012576	219.41911028447507
214.89941953191925	48.28335181633427
353.03407561067564	204.4672957397757
273.24465887257844	66.21972937306532
399.27146987377375	287.5353981405859
28.388070907277317	323.87024355680904
25.838330223759243	267.9089814764936
159.8779783857196	46.149223546326894
352.88090220230157	246.40616647480087
79.99865602175134	190.17335591984616
243.27039405557625	337.38838415883174
310.7292564709359	262.03209802002624
12.480895802386296	114.26829252356768
194.05864065425413	214.5191364608239
187.34541791817995	419.990414306916
81.43977384216555	352.18605578575415
378.880455973465	152.28821969407394
413.95146654364623	86.70745655775133
119.31084501395489	262.51671434566845
343.04433376819713	81.94116990913972
49.86371170436439	165.2198170034444
218.42777359398949	75.22563608540614
264.48204596390275	48.498121442348896
413.14715841267457	160.27001236831094
238.37165899784284	306.79338837982095
334.18660150735474	210.95678132570478
234.01801232540953	286.7117035720837
380.08286712873877	83.82372700352134
112.45947000207117	182.64457568096478
115.59577684574855	284.8049722744696
330.8445569859569	1.6754938416287375
11.518426594469076	251.27474951942068
45.16137868339585	371.2947807747655
36.006048742253085	23.280014648101798
347.6427303370779	134.8352653713531
217.42801865054145	223.10748689346914
