217.63839327426984	302.26065235124247
109.58715406403847	322.5523996539348
277.6245870135227	367.7185392357145
130.64023174850863	313.2507328269464
399.8562218294928	74.31191202862416
362.22823978874925	278.02205677213817
364.97136681919164	353.383051080423
375.44786853456645	217.69652895037297
273.93144363383533	409.475645992525
195.7451000926567	298.56267200885134
262.8845067544616	122.4553812092848
334.5019614246758	118.27196314013399
198.01281220621416	175.19347669393358
120.23871473771135	339.827930654575
220.97605844187058	361.1518905112099
131.3042808005274	109.22880405101704
314.92023720669164	330.7385321527068
418.0694179942574	65.5579856125804
326.3006192092148	311.9846924737457
60.91398945349537	282.12780194125446
103.54116286473939	247.2616898417944
177.80978704629143	224.76671604978108
51.18384280612264	103.68657007327661
66.43584260933949	120.54002849131449
125.65543108207248	219.09560925568465
153.91943791268758	365.0527850272172
78.67516752202737	137.1074729473348
316.5076301882844	201.48910316436624
338.08388794887657	295.6548411962523
347.8668447162606	264.1669460023313
96.39965941466248	371.89173438312247
306.06135438345797	312.317883521141
181.12774727760478	253.2093545926645
88.52521169860535	390.72622801721974
131.64208387426442	148.37861839616374
164.3222033617121	325.0152678591201
310.30207363229124	390.7198230611725
388.7836268852783	126.464087216604
401.7639454501562	33.57418012610778
127.05144861395543	398.00153653016787
285.0298579270129	305.97593928151747
282.1215031548933	346.40987255041915
109.03742430412555	23.190647305531296
59.97468164789052	147.94684539738466
203.42400167367916	407.1118790568875
4.279932742785077	271.6141549658605
201.72127247201664	69.19505811313296
142.89773084984932	334.846289371641
44.99797430446697	342.29742237278447
263.0337173101038	87.10878476814005
47.08266261938766	262.4913355490161
15.106353873026757	409.2068241574942
374.44602569725134	385.8999788907651
329.44987396824223	399.74292619745324
276.1329438568494	102.51988850104463
323.1385470589738	351.88266120736347
152.5580033434071	112.46005234421854
182.12234250486938	81.15893573467396
194.9939099778269	236.53706507903166
387.63513994458805	324.00772159855705
418.56381013205765	0.5074657371821854
224.15255734449917	416.6695145010356
252.30851653133018	160.31068282521525
8.2233594491336	339.04327269972055
335.07298214505477	333.04255448963534
392.00180011206123	97.58432508088667
33.36319311138122	419.6332027765162
257.04850274528985	315.64887185395696
27.565018332065414	109.588352398328
257.9970416096278	28.022283328606036
115.96735186178523	201.17887239868145
309.941464744775	12.099545299608966
380.67257583751257	366.9711800841006
385.0727842408578	21.516975840499004
366.88026134329186	256.93553454040295
49.18293734839535	404.60103660570286
366.1353221962473	7.862401978375228
141.7724320644673	130.59845266581388
176.175213907255	273.60621183644656
296.1774532951742	104.75558076625002
98.97060187652637	134.9759712047653
78.65235623351555	27.896355629894217
417.31828876740406	291.4577665316529
175.6674832996326	118.09219355679701
36.31314313985793	183.58447795112755
141.80930974473742	248.8839953835186
215.4249109890548	27.99322717057308
11.10910045759207	388.8722875909712
21.569546116208226	151.1140599656413
409.43646338882223	126.33557555684011
92.85228371218004	174.70458690488246
167.506322343543	21.967504958319726
417.177326847244	322.24769421834657
361.06679161251134	52.826684933155924
278.90207911645354	201.0176323630003
158.24947215481137	387.31142502774196
225.21289191922568	394.5881285706587
123.05464386869392	239.17736925627622
378.27803915025055	295.43522713317475
254.4887904305588	390.6790101147925
357.4663629625332	372.6944892686501
52.71194378441738	5.465103630120534
33.76514200110911	85.10300941914907
157.89761839350655	194.40818793741434
211.95226886474364	379.2882540880558
228.35444069935883	99.53923123914194
378.7050476936371	177.01676919921985
55.39026944271751	301.544915262953
257.6028255737135	369.2237674238021
44.17249002551839	122.66647490680391
138.33671271688843	268.72989008088115
367.214088063275	406.7282232652887
324.4687573219372	27.77312440206981
399.6979167793654	360.1749241621397
384.861465011329	345.06035389150395
51.558045836836826	322.69816007092936
40.06737396829982	283.7001885959802
129.07300243132516	20.615905010697155
21.515934169577744	59.59554078578555
174.86367056753514	401.08215630206
160.4880048975301	261.2036670629507
200.23004708743164	362.2651971292294
364.08722046573246	94.11987775602398
364.4952661563353	28.582280700191735
75.4802113062905	375.2915307536775
403.3145830379184	267.3990573642268
156.27398936428298	287.4149368678251
56.74224521055063	383.0094637892375
24.739275962898756	350.4343304040779
88.37901282039306	154.57800743290028
112.84240655692601	418.8250674020864
412.5728821805108	200.49787719694902
251.7524649154773	273.39625005617523
274.5371889079619	160.8624578552442
120.93102599332603	91.96640715171274
308.8290440727373	85.58707100924748
199.24158275930142	264.12585363153715
71.24826872143505	165.1694247097225
17.93879908085686	191.78298178340225
255.06327654095008	66.4974581116707
196.8315595049375	195.5093626687836
295.80217461532743	167.63541015565238
165.59668871015614	92.71266227658676
181.13870627618283	313.8369064534695
18.653469519386682	286.40050226780335
292.91704732495	400.46465002208436
232.33755328277945	149.66033436299404
244.73853252327035	43.297541705519706
141.39643204039402	205.86018644907952
338.33150966549056	190.82210799688445
147.60404550811955	32.90630494525159
37.43730509053853	45.23369357417632
14.970895403232438	92.84426359824909
162.95223215874512	345.2817375331856
274.136525052241	327.35989289791274
17.44020064613894	35.960823362322465
380.45273385518544	42.66130491417694
70.72509017566286	400.44680700286494
399.82537878012147	54.38630370530518
270.93269567285085	140.78475680437006
329.60426788326635	48.17392241116019
71.1176266233429	313.940607805121
72.89243507483704	6.364075607517698
205.16359756693384	8.555203453242772
318.0979270500781	175.77165120724686
245.80748747622593	408.7074320928448
111.53349131237964	112.29498271919871
398.8564818299535	145.94147000372877
297.9374343494851	210.6501903202882
101.84105974134636	42.38456989389759
255.41827430963738	185.4025744733222
136.20182239036632	53.98575299156531
312.96126988346015	241.49446439429238
269.82923327973003	9.907996414224202
162.15832379009626	133.49667217288913
360.37570391927767	331.76251437672113
358.12818257261824	298.0345952377032
106.27027721747145	399.8565426028097
242.8278722742052	355.23026468965537
333.34824607050797	233.21373502587085
311.35100732010824	153.21790110635578
135.03949589651774	292.6299558024596
374.6227942951287	196.96400069911894
372.47817420029355	237.51621301136294
98.92613141739758	288.2797539543408
394.30173562195364	190.82685580335868
121.663477232948	39.74228966818769
349.46299402802515	395.1248856433202
186.61878476492274	101.38399219880701
9.97085314644875	232.55267370856092
119.26538598570606	132.5335581519849
236.6560688848944	378.13134928315066
197.84091629321176	48.691122858712504
175.2305302161991	61.744158749873776
112.0624506487854	358.50648108130235
316.10416753105216	221.57382026152723
294.14204938171156	330.5171209551665
69.79396018034782	206.48381304987757
418.63189944014744	45.16783839390032
30.774185222915253	247.6891054722093
308.9810166697641	49.186515901629136
176.86240884674038	40.13358776970467
295.02348273035915	230.97551348251937
56.2561271785989	180.580626649953
297.8618413650625	190.70051838341791
250.95314325497	103.25632998480425
57.45419868954561	47.17892022180354
177.18619040340457	182.5050731174507
83.01692371453636	78.98830707701006
275.6701745561076	286.79914009031506
150.02391256617122	406.2086789097128
31.457147013061523	207.67328425444347
278.55845291041084	264.62805135985604
86.6845947823	327.3932847957042
293.2706078923305	251.0037906691663
317.2323996589662	371.8463978891512
236.6577638591535	174.72780280958978
67.71394542989553	64.97204480050944
18.602890815280134	171.0334081138596
166.07629663090628	0.3092059319128633
387.514813450547	407.52416117760595
348.931982045191	417.4466231322915
22.58192087721461	129.96498603488638
297.24683313102116	67.3343584617699
250.10023553898435	139.92671967472515
191.78524968121593	388.5827045946708
302.2654653170744	131.59595910546
274.6223615949432	224.90793185179126
33.46317150080054	388.6938686177358
310.94088617070565	411.97080921845776
410.63547982113886	104.83214414657438
90.52840898007352	116.88657809685805
83.91873062448627	239.56138081940134
399.02427446120413	6.685594559201823
235.98824446480336	196.22333636508066
105.77211028876846	76.78854689053931
160.4350228704223	214.8886203977247
322.1469425113745	133.91968680162955
59.78617012698139	361.7550006663578
346.6273031195085	316.43404933142244
108.95008633740889	157.07648895009814
181.0904230678587	355.63888789041874
208.48116691644708	97.25743460226222
278.2539260868419	181.05877343591249
235.5956867602874	217.21131879075884
248.6702031616614	9.184320779221357
88.36340022333493	411.6368581610515
273.82846455242134	245.05602553482672
154.92729664830674	71.77005720850146
329.71835942091184	255.4247437611057
54.807502990860534	83.1764730039576
315.878277582577	293.4674210598404
300.0409603572604	31.058834144300565
220.8573809202995	322.69495129097913
0.4267017780243692	358.7030398819472
357.7446124751515	183.4656523736613
407.3932231747478	340.35038699969533
106.73519022403192	226.22209319058913
371.13911905059064	137.3756161120221
4.77966024893677	140.35351995629998
410.4938633467255	246.53728105916895
394.4044534614903	210.8913044800177
337.20882544094957	376.33363843799077
302.15657990624334	349.05992136552976
17.23852397300627	11.450268842726901
151.6550814803202	151.34371600669007
77.95747790645648	293.9325692322014
178.2901565223563	204.60932928154926
319.4337843171762	67.76666531346055
57.28201104312869	26.156103706987032
237.5181406353138	120.01000934021958
414.4610563789208	400.09716751828796
391.7644626737811	232.4538128644071
50.67563011451112	199.89996478151488
18.432014272538147	370.1261478182225
92.20152487422253	12.217287752899422
217.3975037299555	184.33786246058557
29.51439951982384	227.67178421524903
132.4895482712294	187.09734239420868
10.371183553095388	210.3608077446446
346.3477807942999	37.170382492463176
181.4409510741122	138.6272844009449
216.36955530097111	204.9394468250708
113.77792144942923	301.8268827000156
145.67846141077408	228.45955814960718
67.57181744272395	226.980469777788
96.52722822987435	96.47022128312089
162.20294784188985	241.34623677631885
51.6018316769471	240.95008589840177
418.03212065369695	178.85359134656656
66.68980756961415	254.91374152210244
131.00931552589813	73.96238061876434
382.55893905339985	272.3964456329089
387.0346219546571	252.56019957338356
394.41052684835057	388.66575847353346
399.5327415874138	307.7686983346936
176.11321177621343	294.100738994748
95.59672615667859	200.20242967174335
157.42759578732756	172.0641714822978
227.851050497914	342.0634197908958
196.28828730140071	153.836003899478
258.58068614125284	208.445864993755
234.26857327068942	239.53846573044166
173.31536559282645	374.13922148248025
214.50351494744743	162.0724763199657
361.19938240056166	73.38157370780208
154.29625952800396	307.5276005473165
98.59458593820676	267.1000006544227
100.37169399211963	342.05227047425115
354.9705729351951	113.61800466164098
397.6397652501097	169.18993538001112
44.24065269572943	65.6708146417312
376.1930790354172	111.01156166686614
282.90550839483876	124.3097108509258
289.69044172284384	2.368642805910232
357.47370707986886	158.86897330345172
284.45826068015646	84.1693543220934
207.7187021336922	338.88762862550414
0.6856030342472873	23.472965201297786
137.67233459183674	167.45535633866433
216.36595971320793	118.01112226060289
212.2723487374783	139.91422816234322
36.077024576800476	306.98016491674093
326.1764716326035	97.85219271206404
132.16471412133083	359.1447076185299
149.45294805426866	12.672831634573166
117.80855267318104	377.695258723741
139.38602479267993	379.2411462783744
228.0163470507423	265.987012552303
313.91679365873006	115.03861097059547
213.9305843241221	249.137376844063
410.9174687736793	226.4658636954038
73.85662332750934	101.32000652387617
183.7843682528212	334.1111380323149
133.24698160232356	418.17677557861276
341.25433750868234	171.10957484383957
342.39262671421466	66.73732004321027
280.25727041512135	26.944867334782927
253.86889712129116	230.98116894784428
274.7449995870526	388.76330130750375
39.58642317558843	142.57313168759086
78.08185296063414	47.931106519987054
235.58887550153256	25.433632055574353
233.55492211384393	62.86043197237992
331.3708402137444	151.70090207222404
290.28978125471724	148.1455464362875
326.46128825729915	276.1763878988184
345.16880623165343	356.9434756063504
195.38485886007606	121.67637303782448
287.7483575024293	47.25229622887292
175.6503972348481	159.31121529583152
143.6361871329624	91.80142316448551
200.43777709962393	319.38397601220026
191.4597414923023	23.63266222534468
342.3998763116581	16.780578322214755
250.765670387713	252.25733743636346
92.72778891655038	61.59032536037065
262.3754599056292	349.1172933258498
295.17881363928456	277.04143342269094
240.48759002201012	83.41604847313202
354.40039494454146	224.48286249524554
296.3662116846096	376.1204898704645
67.76306199135921	343.06624543818367
117.0469523450495	59.68424647872807
79.24079618381428	272.7875277125544
210.42747244310988	281.71868418494336
14.32781705307878	306.2256910735957
412.85942251821984	378.6683857308805
87.01594292022187	219.81042851398274
254.50094555070163	294.53081984853867
93.32574639109124	307.8283517803997
369.94284903879264	314.218404167562
48.33161138382473	220.09121834756075
217.8432319806992	48.58188241394676
355.3066971395676	203.53337083050258
275.44188375829555	66.35628355372549
397.54593365254266	287.37972511926023
31.014827697651363	327.3327035118913
25.62074318472879	267.53062454010467
158.0030802078085	50.987184914746436
350.9709914807237	244.38835114026855
77.51445063339776	188.07651831728117
247.1738743416836	335.7716842757777
311.068917341941	263.02511714591475
8.437296034690537	115.75107669363538
199.40989639165412	216.45160571945434
186.7019236197167	0.3076140465980806
84.4283494125759	354.9612993502928
381.4093828463954	156.03269477094153
416.29479089437274	85.70533608863855
120.35044288547468	259.00062960710386
343.73972296037465	88.13738686322883
44.75178618810656	162.19636786440788
220.31500984981213	78.09176100706642
265.7946782994836	47.809984511802746
415.05095978878086	158.27960920449345
236.9042030440975	308.8589957125656
335.1785758298247	213.01705145857042
231.48124250733372	287.29374101277205
380.0895786926924	80.49751994544337
112.7332586324077	181.1731072291152
118.12230669696064	281.4927368275262
329.01856283496	0.45889411282472453
10.660619719150683	252.58678520516398
39.93050274775475	367.85325213412614
33.59754124636505	23.760930950349316
347.9118606557767	138.40071964578934
216.93693043108922	226.17471212383305
