217.7051835275453	300.0616095231595
109.32076746789934	327.2842049602457
275.4060053059212	363.3413459800059
130.82926308743532	323.549207669725
395.9113488274049	75.39799504500249
364.0697008126468	280.4571595221446
364.31348096668427	352.3374992994194
376.6344183864623	213.84548821090243
274.4482912474701	404.63221443471565
199.3377602061194	291.3669628844126
262.8329503915005	117.86665663693705
330.03301332527315	117.0219951576627
208.3964043759767	168.10813452015026
123.17549605403572	342.9341461780055
217.69761015167444	361.4678144604805
128.1437826633161	107.35373928181092
313.2096223649153	334.3249883450967
419.17460864188666	68.1915642588045
321.30507091532985	310.00019009845016
57.11834552317837	279.7422739682181
99.60761109072631	250.63235211355405
176.39141439362578	229.09883042839124
55.28153706980287	106.67459680690385
69.23157776773742	121.22011737113682
130.52942485888425	223.08303239175004
154.8436703967116	366.45175740337663
83.01499072405632	134.86361536908083
314.8925721952619	193.46204674723413
345.0256492367247	285.276154252031
347.7799404935526	266.09216908783236
93.2938982204282	371.1313866656438
297.4713266146069	308.53221535972466
184.08657144213916	254.63023508170352
81.98314353491493	386.728889457419
135.7698274176787	149.571211870545
159.41013549440933	325.3571932275664
318.06137154820124	387.08794166183156
396.0332753564775	121.95441647674079
399.3757945103485	33.954146394692046
123.8143855110691	398.6851694158163
276.58689799473075	313.1630340040704
283.0088829186632	345.47354693134304
104.8747234005134	25.843303761983293
63.87928252234624	139.9981034214318
202.6007621007573	402.0869159366245
2.4241133986018095	273.360544549665
197.50078314029102	72.72895675812413
145.038477636058	338.50435052878277
48.354063601573365	337.396686874701
259.36835605317236	81.18664983263716
47.31041387520699	261.2885032709268
6.484099750999499	409.1785763226217
373.86009601547295	391.61090865686833
334.99429669965946	400.80708288960886
271.9325844078656	99.21111693989893
325.26496871347126	350.57486343887706
148.1054578849572	107.24539922438589
178.55482243287094	77.28144624281873
198.07539251673208	238.07295007832528
391.0662606353956	328.61317197821825
411.8840995683816	3.524443940861413
228.2099819651757	4.0510354738267385
247.70321365153484	163.12572615850826
14.69286623422061	347.0831758296104
334.59884429995793	329.3516162113092
393.1539546931589	101.86804306728791
32.21142797219405	3.4280883546797343
257.34962719147086	315.3206916699968
30.649324203835388	104.6944327335448
257.84921885537716	25.6853345117556
121.5696922522504	204.5056640013861
306.1976540131127	6.356066564825721
384.70487734474335	371.3171552508231
380.507085140715	26.900171239035938
366.58428726155415	260.76877153567597
41.060762370403324	404.1872193326286
369.97250525589106	8.51589341863696
141.35006721242144	127.33777245644262
177.5362977492983	273.9980763986532
293.2260889347233	101.41080606584059
103.40433895524305	138.68236314387815
75.98850497153623	25.420436201109002
1.231130465792857	295.57537467844315
166.994435693506	112.23755928155221
34.77408498708908	186.15951088929626
140.65868548536002	259.8971795443894
218.63247017267625	26.373689863522205
8.380874871202911	387.90467471648947
25.141201447874206	149.79002317519266
415.4579410537279	126.23526768792907
89.31779939247613	173.61511876187075
165.75012103177653	26.605677981620932
3.5719509380218386	323.874361986206
363.42587600207105	52.56001012703803
275.78939789978153	196.62899830714193
164.6399399627075	392.6776134258033
225.3740604934682	399.3259260109812
122.58051301345162	242.1945840422726
378.9244833160756	296.7498801407088
253.8307141673815	394.12218354300546
359.44271618477654	374.8641655083017
52.21799406516035	419.91757379699584
31.099896791018924	80.07028687848768
160.20455802716128	191.3345492658148
212.4919721069291	384.24283186033875
226.44905516273258	100.99508794548336
373.90089002153513	170.6276101570745
53.7989503078019	300.2602426314606
256.57543248260833	369.86716733943865
48.94024368063186	125.4255884349058
135.9211754905796	282.1808043912726
365.0214766197297	409.85671689623035
319.3117779889711	25.228287713216616
402.90945333893063	356.40881649367236
384.94746803087014	348.17333786034345
45.77356910672264	317.94805089771666
37.194565234802376	280.74543485454166
125.70564335945419	18.73947447306607
14.50684858477786	55.28421854079978
180.2560290366193	404.222341600876
160.54287427925726	264.4418684072053
198.7757547585202	368.5045903070758
361.83630681422	93.05114408826796
361.77096955768536	31.890260462259985
67.91991525036468	373.4467626970996
402.1940812689312	270.7338044457458
155.65325613360088	283.4100056049582
54.466188104204136	388.12057049580017
34.325642643815435	350.9470758447888
90.3679769906826	153.93518198572522
111.88152122054768	4.978711767907023
414.14149906405777	195.0596263758555
254.68443640007837	275.29101501473633
266.32676196487563	155.7413878286274
113.61424035925346	93.78930178777182
311.68102235213996	94.36659205811829
198.97509580341884	271.71759470986655
71.30652514949024	157.7630327288843
15.968026152489788	193.5129616583948
249.26773976758756	64.16845024133443
196.6443708474085	192.5547425529041
298.87124744936364	171.5483027993693
161.94466182110347	93.43397251011949
180.27222584796186	311.5172835596764
18.013832702978174	285.84530147896487
292.81708435786476	396.3630180582729
233.43423132878854	144.28662321112088
243.77115084991863	45.49251240222059
144.1653097313001	206.29130200078933
336.3824280399226	191.84395341772
144.1394033202069	25.164049129257254
35.03195887606303	46.289561189098144
12.731807056461554	93.82022365716851
163.70233861693632	348.6306033768641
268.05909656003433	331.8426558745658
15.488709741576912	34.78920994251422
382.83764075929435	46.365334258709694
69.1295686988981	401.1683481146863
402.66531413373366	57.052435795671
274.0683293641241	136.69242124579776
325.8130338407936	44.34253310539639
70.48504111809	315.5038475339102
71.78891024289591	5.607201538361663
208.84970928146012	7.711771775143961
320.4756789441654	172.35135017556058
241.99600846324572	409.4332701556102
109.98072926505226	114.53445767375463
400.7607493420336	142.5491421036938
291.64851564621847	210.27139963155403
98.21615515461959	45.7135986380469
257.5616272463234	189.4576527194984
139.10899867219	50.66462679087609
313.9270453205247	241.5857964505422
269.5325821727139	7.010913206165932
163.45158696917116	132.96025891569008
363.4790772210956	332.292969310474
359.5767631848317	300.8529107893667
108.25066072232815	386.62913384737226
239.3041156535133	358.09219341673986
332.58135218330176	232.9724790620277
307.7069581449057	153.09119759510324
136.22616985545034	302.9197030457576
373.6223212483401	191.7405790605045
372.309812140565	239.86298876388864
93.69732100475846	290.3714458934923
393.26961420712206	193.4584350495107
119.48800443986046	40.563787426468664
352.66288892568656	393.1843277841453
186.04175479316137	108.11121286443263
12.301123452220061	235.95995494899785
121.78224455705097	131.28026761669258
234.95163992913166	382.1686638565148
194.75674416329161	52.54861214836425
175.48080536644025	57.277248642084665
113.50688191133224	361.68277378917253
310.737217205602	216.36747665791484
294.782749404355	328.7134592838312
71.59744261643174	208.91003685702702
417.62245763696984	44.493293874626545
30.58590448510917	244.21707554952158
306.5950744159089	45.986355691817444
181.42825040777376	38.350517958350366
294.8114078840261	234.5537152921167
64.49489670747144	182.05107430926031
295.1634186999564	190.7801169913587
252.0841441213682	99.95045590100246
55.53345145742178	45.77471280024537
186.53399460932144	175.68627352059886
77.42793247013283	81.25303853524534
285.1849070171735	292.61414069773775
144.9159193477315	404.5141063894373
31.8747189603888	205.46717975020758
273.2892578590054	268.7166757572481
87.2716036202316	331.59725125134025
288.70249503692577	256.6412473145946
315.16428169171354	367.28200786194316
238.32970977561848	180.44895507289255
65.16866571134995	63.41819675026959
23.99706527414598	169.89478916342196
170.19437282045425	2.2794492161160314
384.37103852431784	410.5281394550397
348.993445026751	1.9526223289713065
25.658685949279526	130.40907973675445
296.8515595764106	62.76892429064795
253.36314744544242	136.3184395139911
188.2620969029866	385.38276674955983
297.95631773361185	135.78773916896677
276.41192876715166	222.58976262668892
30.179717387315407	388.17632700764204
316.0978477311817	406.9065804264183
414.12272552204035	106.23544582513608
88.23755569360009	116.06118605465454
88.2927966088424	233.2083966530546
391.5493619734316	10.563721801611793
232.548936618281	203.68535443287192
102.84169577688247	76.57246028357089
157.20248552641465	222.82046569063817
319.00620430182505	136.49855123764038
60.172933007696564	354.784793061033
341.072268598288	310.5950245849928
114.74859400153431	155.2943491680729
184.78443909467686	350.66422274846644
203.65196886856728	92.27709730547043
274.19014902989903	176.44991391793363
238.13204959679217	224.6038417288577
248.91206189629102	8.456388719386704
95.33919609943332	408.10558082548545
271.5897969260109	246.32149365934242
159.30972120089933	72.308311790128
330.28709264061	252.45093655976652
58.01676822496407	87.61400208734156
311.47003980966724	288.3683204741203
299.9964975862311	24.735703937550365
223.0962701237202	321.4419862268139
4.593536939355602	363.74058848890616
355.77726173591884	183.6146090473847
409.9946065034421	337.5462172688589
108.05691712461774	228.41061800249526
370.37981375135354	131.99656066602947
7.051453170505243	142.64179449614304
404.37783390522645	249.99748640217797
400.05108639361526	212.61842148998974
335.02787841614406	374.00332828438763
301.30331599355327	352.5309939240099
13.821673276113264	10.409029058281638
155.18097553324037	153.45498215850102
72.12603518477749	292.6606827051115
174.68856804985086	206.8509313485501
319.71076551575436	74.31180832332774
56.338295310795495	26.549492667042248
240.42318408540456	116.90151281093992
405.2579878979866	405.3553365703444
392.1605698792128	232.63721169027812
53.50791131552543	199.22106448617663
23.338942850203015	368.070687990507
91.71634385349184	10.250351085090092
219.26349657036766	184.07210410696734
30.512739366882336	224.74077694074614
133.88193211937877	187.36952527158232
7.351842375996561	211.67635663630844
344.9639188552151	41.39275412339108
189.0041183750902	129.86747240040285
212.3727525682304	203.87033962891616
111.94696073872338	306.47283697208445
143.75356426456645	240.1850357518517
67.12889183056679	231.32077952485886
94.2139278933343	94.94152270648313
164.16693173370714	244.55228432546815
50.74552858702663	241.41193381451583
4.875463021195193	174.66428966524578
73.75224895627962	254.86777017186205
139.73834789432942	70.60880466900699
383.4577835922665	277.92943301286516
385.4832663288514	255.46850155868495
393.98966339481194	389.4000074820479
407.9985724614767	310.8060864597367
174.43981011234177	293.0110441671298
101.67833195217379	195.98538771198864
164.2724197255812	171.95390705609753
223.2479091131733	341.1844938612489
193.87793616776707	152.58492830734434
256.41757618191457	209.82932210594427
228.66346186597426	243.31009408559876
174.11844471147353	368.86690733982107
228.01350818853348	164.17438610353926
365.2457255977266	72.673435839239
157.25032601162226	305.50110345615656
101.0503971997501	270.1315132797704
100.68040418023477	346.0010293397613
354.87874496332176	111.82932309412516
396.1860078558582	172.45563745879628
45.256032659906424	63.11135007804202
374.98818885936817	110.05189521032571
284.4362215167586	120.35620285081578
288.5077599363512	418.4917852389956
354.88509305945655	153.9422893631359
288.33983295545977	82.04157567364076
201.71691298742311	337.01441523735065
417.8002300227498	23.007018196914657
141.85963297326532	169.76003156312396
222.57449596917144	127.46688473091491
215.0228993144637	149.97526346910686
34.19523389362549	300.2107958473265
331.6163817138009	96.83881968313588
137.06886846043506	357.40196098032305
150.29473199705552	5.9906592193142965
128.77666870465856	377.84217245162046
147.00570716050552	384.3847213012922
228.59871699379673	264.4263613312963
309.4816178513851	116.42023469679746
209.85205736134242	254.19978310642156
412.0998547756848	227.784825856869
74.5317596761694	100.93574320494251
181.2962408979898	330.85400237238184
131.63334585301308	419.91973549938655
339.7590444366269	171.40370470200594
343.55049871140744	61.717680557489366
279.74090812050474	23.7512924287926
256.5080758889951	230.95739835894688
271.39292395403623	384.68845125844865
45.31088165417702	146.55799379470182
76.98744211136136	45.3332654203149
237.89852976376332	26.5306578427452
230.16955322438938	60.6068740426349
334.8619770724239	149.25904203345095
286.81976653316195	152.3514074605097
327.7901570050502	271.7087335174282
344.5421433098094	351.73573024009113
204.97912755262914	115.02460736188962
283.67234637250203	42.85829263887015
174.5456096905607	153.7854205665563
139.43013352199455	90.01263919931998
199.9525718682823	316.8626292179515
191.16347346629647	21.678792302499897
344.88866006368914	21.569437317566603
249.12596186955065	255.4846842767332
85.41131846992755	62.70856899731033
258.5547121093182	348.9570082247564
295.32373667500013	275.27440022536575
239.6121724621922	82.75624867689919
353.36525654386196	224.01162789315268
294.53088833152265	376.9480541156571
68.20987214530422	335.2129130238795
114.52023837436391	59.44027880709672
81.66375180302022	273.4925644417314
217.19148949880193	280.6074692710006
16.388638049967653	309.3122569188894
408.07157445626035	376.12063267459894
91.65136003947826	212.8815507238264
264.223809203192	293.42324947541454
89.6032966459587	310.735861747075
373.07573891230595	315.151537844889
50.68147162687048	220.74011706918378
213.32603894134868	46.817726370359395
353.32421863762033	204.66693013272734
274.3835123315741	68.00992310760671
401.87090720607586	290.79664281444
30.051581527548443	331.4252652161275
26.874276651643065	263.5748486881426
159.18405621836075	46.64095108952486
351.61459871121724	246.0987204802105
82.26349849263542	192.12799998961134
241.26435414574888	332.8653738588986
310.299906673156	262.56390853102545
13.314751268263489	115.30795725894393
196.12337307112574	215.31215623640088
189.7336380508947	1.0354832887725944
79.3263792140962	351.90799621207464
380.4313405385068	148.8120382777704
414.3292850546549	86.92440956469707
119.66070183890697	264.2625875659854
345.2647592159183	81.0945773923277
51.351715346401825	166.25974809146123
218.30232089116856	76.5055381212659
265.7050332301445	50.18284345683545
410.7736773089422	159.6163134222733
237.4365711535114	307.0302728108494
332.06354461688323	211.4397935905187
236.72911536955263	287.30677690196984
380.2877534365124	86.63790551235847
108.74577330482552	175.53698508657087
114.81115994641814	285.32568989005574
327.26769680381926	6.114369077543042
6.161225342701628	254.24815971907168
43.51712565351591	369.64855631998466
32.727934172634704	25.310570539596224
348.99809480923557	132.4717114692658
215.8986910238897	223.78405473527485
