207.35059400434966	305.12354115036015
122.78572281457093	332.500079819012
278.2353994684924	363.7451775846408
139.4563767916328	324.7789142747982
386.83327701834867	67.00035856388283
382.0396441933951	298.9871374332281
375.39881769322676	352.7771570451658
382.8396742894245	206.15052542252914
259.2232115948897	418.00806074853836
190.35092198883996	297.5930215198925
253.10768354209492	123.77937963100193
337.3875558585762	111.65003761603263
205.671387349325	165.06590587343806
112.00744365335649	346.1967729134034
209.03146033514204	367.6398900183128
134.4362936006263	103.81286015021783
321.7425071014371	321.8829336906902
6.887425815272673	79.21454297411312
328.0026801367375	293.69156680483053
59.09982868965001	281.1550662110429
94.69744670729513	260.929990806719
185.70820984606289	222.8454200351826
44.73285028900671	119.45109137569183
65.8075407115302	122.99110258564252
130.93503533520456	210.4499889976203
143.47504791273727	363.05558829172475
81.00898567282658	129.76731005609614
315.9373483586731	188.4530791095022
361.4617763485667	287.1336866636702
350.79778826777135	266.61058686777056
88.29313654083296	378.33585573249474
301.8369570160278	312.0449327076348
179.78929223196855	242.6884177796684
75.73377401288376	389.50918496999475
124.18435786309692	144.74102030025833
153.37817864217158	343.2610289840472
329.48215131458215	373.21147977699746
391.8704071200724	124.15222864679227
407.0441656445505	39.98216669279538
119.85646557860612	404.17716552702404
287.09299638054614	320.0155928176999
279.5550707207966	339.1487046254116
111.77323087462705	11.608776322165042
72.20349160668208	143.72907133897863
193.21643427384316	410.17010172241737
5.603375824514255	273.0287740014525
185.75546203379477	70.24134080607712
136.44453977619733	343.9423769502551
46.58516297990012	328.72340545587645
250.67721293376545	68.06746219665405
45.49914257862502	253.31207335757495
15.900395687726114	407.3138589574148
378.53435544695037	391.3165457041094
340.1698849601841	385.6650227719428
270.96687883267333	101.73579411344758
321.5592548762175	353.94207576546114
149.6510757862878	110.41463853706907
175.62359520819362	85.837808927433
199.45598127970553	243.07875507372628
392.24743047597417	316.33709423882914
0.2083495992961564	3.6567727380355826
234.75039556352382	6.46433388809464
256.06028027503186	161.53772070928935
17.408120379189057	344.93949070156293
342.7781010675781	330.0756408204272
404.34672267639803	104.71087156225364
28.428294467867232	4.032379858210231
262.8285633994731	309.6181325192493
31.354349910853472	88.2016306308576
252.41836386792693	33.19343668105221
107.42868924985434	181.3501943888953
315.18853762954956	15.988575456142822
390.7601397012223	364.2417801389588
392.0614706000624	31.392412287030375
367.9573685009709	264.18565022175994
31.91417825653859	400.780444546293
376.53202659311347	17.50064319132697
144.39577241745553	137.3941067932071
180.33971255795868	269.0221439999749
304.7890269887956	104.38651349718512
100.78040929188501	123.71701247330817
94.67193239730209	20.004025115639152
6.732851092995214	289.82392725035197
164.1453657858236	119.95403408267039
43.285826844580136	186.17505963604648
143.8215329996817	253.5896469962773
197.80208201034822	31.99617642955536
7.607663434125412	384.9600182458192
18.243739195657696	140.711269200305
417.1191039037947	134.76973571425012
88.92247938126093	184.65331305200579
158.4387820066205	27.9621338019296
1.175556358766567	340.46302891911836
374.7411817298418	53.31651375587205
271.2894824886885	209.88326313158612
161.68724291813592	398.86726357797306
211.03077675559905	407.039589235984
119.44517466770259	253.55594534572438
399.0235432972241	297.4233197266681
246.75418342258328	394.90621270561576
367.445728239292	367.73877306127224
53.549626370092014	419.0886722397476
35.393604596476955	68.78776047211842
162.79112536146565	182.7779815256049
211.32240786270827	383.7835161997628
217.75713646595682	103.92619818258233
381.03160467602453	163.84706197213615
54.5825017224658	298.39785263623605
245.61255790828463	372.21796008325794
44.67604300493387	136.5323131121704
127.82772525297644	271.7405852797642
368.9805174543311	413.12004433279463
316.58237489838905	33.16975059968834
414.7565189035807	356.5192928148336
380.7665641486853	331.5987253658086
44.18320069675794	312.43841929285134
42.00735853720432	273.2757731338032
123.22604232309328	23.219770467542645
20.034416450988658	58.78887820551776
175.89742308660087	415.5762569071008
163.86888579754813	271.146353553414
191.52553843930767	373.0535572493061
367.34192863338944	98.39648203488157
371.25145742729353	33.08131802947416
68.60216659116405	366.9367327005351
392.19805687646806	267.6536458260354
156.73435771978208	288.5223005818361
58.76076639676951	387.9408974374379
34.08584184268516	349.2367444805878
96.5425848998403	163.89733699868995
106.21239256165073	413.20223731313524
5.084562907471086	198.63415902275688
251.00970026804532	284.6615313120892
272.43478433012086	170.74794379926152
119.65606811997864	72.19574829090509
320.3313887768823	82.53251233712086
197.02916015212787	260.521141763582
61.71458366871034	160.24426369850107
23.351461030473168	180.797390786121
234.32132868351272	68.15613943098657
190.01956169067725	171.426161537522
308.99816041072353	170.72568058160854
163.59835314748634	99.53631120435008
160.403771692828	324.30284451408954
22.05182865607837	283.48445459548157
289.1469169629334	408.71899823707133
234.9060198490329	125.55956765471367
234.39862108967458	43.89722627783665
154.14452729774325	203.80314826288674
332.7016767334542	194.9830555810213
139.53645072869966	26.382728803340378
34.63133633815857	50.27325351868287
15.4187092792265	100.89267836525926
163.26775672073623	357.8173263593948
260.8927135277117	328.4223102476255
24.916327302805023	36.48448089935494
395.54574374361863	53.181113811157246
65.33187954522019	406.214112249944
410.0944104969223	61.30859181301365
270.0393034020685	123.08993987293505
331.5109938733392	48.91624145998186
70.17502762186051	314.8975392474042
74.23802118899694	7.257728748119849
212.39686603661335	20.939236293502802
334.14612831607104	161.0206834172078
231.08644118139674	409.1596785341188
110.237947978544	104.66708892204241
399.9478114871901	139.58299139688424
309.28594400720493	207.659054273427
96.55757741535935	44.77837864568563
251.07856720953265	181.4886338640116
131.386380550483	45.73512185371112
314.03636255758056	233.90270992387556
267.67069207640645	12.577071210656722
160.7512022187139	138.67869370834995
363.49619452476634	330.57313237655944
359.3838905139379	306.8970695373452
99.63079835095986	393.5597563510004
226.27864972887673	370.1279689153187
335.73032829063465	233.67995385028556
307.7849359224731	148.0470641788726
133.67169665192705	302.935134890692
382.3629605569317	182.90585204499294
368.13852285365925	246.12630902631412
90.80869828178092	298.80627714860236
406.89236990766847	189.64689430195688
112.84020853213333	35.77854210570258
355.91148594284317	395.19674411751924
181.41368395768856	115.78018814030156
7.900091895351406	236.92078190057234
116.98204069288256	121.92250832415719
227.7095843059873	388.77816659441567
184.50394759802924	52.06665298798452
162.01898172258976	55.751388679901254
103.58158096697754	368.18484364128466
326.95296992814934	218.77741599440463
303.6891589746138	330.828348302514
65.55530628415866	210.8805361282336
8.11691458034968	44.74698731082141
27.62951084647078	243.6406853916099
298.5761925663081	54.86314035781423
174.22219102643544	38.00329742753192
300.9362458155186	222.1941396779002
58.473157942466905	178.8493582771671
292.8910030251252	192.57516444964415
254.6439454889157	96.6331255910615
50.53024841471604	44.43057345835152
177.50887386208225	152.01616644345356
78.10701911067768	79.07257829642144
289.3334880552984	292.5486592162337
143.00586059503172	413.8514650295199
41.768496032762165	204.91233487627085
259.32798362766704	266.75727667211186
80.63231871720721	330.96308545818374
298.5153697381889	252.29211616886434
297.8952698948549	370.2381815083684
234.65180237458367	173.60841646959668
71.12689036969967	61.66878574192015
17.900184605907	161.36770323805695
165.28937095600944	9.836440316787828
384.45887063955	418.99610782572233
355.04600283328125	2.191790757871089
30.12774738245059	128.95264891453027
303.15871061032715	72.91673136282581
244.0188653952474	139.88025452236855
180.40280395754306	397.46878597217733
289.6736024628169	148.94377726566648
278.74116845031836	225.0024352466616
25.75871337912391	383.98750790057056
323.9978246864926	408.9994624835531
414.7946415725548	117.82932291344774
89.54102464373679	103.17754872101033
89.63933368850097	242.24583401186734
400.03908564406527	13.545484024554485
228.76640385358564	193.3495642492703
102.26810823086458	66.86688698849214
160.14876461038946	230.85653548005266
327.8813179967733	138.13788875826876
72.43757060906391	347.14884669978164
336.9363763919221	310.55223323501514
102.15410774308329	147.14160693504144
180.59685895314126	354.4368194812919
193.37589395762365	85.25315753085778
277.72316302367153	186.59101936938762
233.30988403433517	210.42704512116802
251.7669332114325	16.53194735181814
86.07089982284512	403.4979358946221
275.9286501980776	243.45818624110385
153.5377003649357	71.0951561752498
336.95465394817023	253.6057579259722
48.143952454054926	97.15467553482331
305.56267554525624	288.7773473379008
293.44348155544117	35.50926103568982
202.88825191427475	328.7367779420867
11.167033922166032	361.22513831424936
361.736400073942	189.10046885199364
405.82050695761643	334.5317801965006
105.5120475309411	236.8421679584209
362.45383248966925	138.5255840655236
4.533802852519896	150.30212696131784
412.37248306063145	247.63268495601685
406.8622852688597	208.26106874411226
351.06299991268446	369.2418436358041
302.160527022206	350.66252502535065
17.466637280623054	21.714907519185008
148.08481737983402	154.3827990665486
75.36856779365948	287.99349112105216
189.2807144945533	192.1262149923889
333.16693683605473	69.85650439782246
62.12789365784105	31.43642431634018
239.26886557457902	102.64869348018094
393.0120470893057	401.44581595021634
382.22656239614633	227.3918167889214
57.01284431685507	196.23354942707985
29.451428482732823	365.06188326342635
91.29625853388508	2.3343454640253327
217.6013147318938	177.83394577333019
27.09074079263147	223.89185480153313
125.35345513616647	184.97547270566196
16.66677191338455	210.29752125309858
346.26947086806945	33.75789262889815
199.9447318917739	125.34461007112431
215.4239247372378	202.9278750161895
117.05119594841035	316.73295535191113
129.91308664192024	229.917006711067
75.36148919233243	227.69710424320402
99.70500260272209	89.91472910473942
160.18789468784556	248.64929582802856
42.36492093513393	235.85426987197843
4.02167670006257	179.3349422119225
70.87518068386193	247.16468974032097
137.985687585922	64.90233614075808
381.67397177607927	281.12954045563725
395.95202320633877	251.01628775062454
397.58946534809786	385.80451056400375
415.17591986215234	314.48345835478625
172.50182034741044	293.008183970346
116.39982645113761	199.12131004049027
166.70042224751742	166.5676007968398
204.36535654600522	349.0973457308732
200.2486319269509	147.7650388218402
249.4531997001202	207.77289330029134
233.23500884144232	245.75663290106078
163.81977984814176	378.8140288527262
233.16885861772425	153.87572796218527
368.29295396838205	74.12679899631526
150.83559447927757	304.99896422649323
91.16066404862028	281.9678923894346
99.05162215579861	336.1403025262036
355.0878910830775	110.8970946089783
398.7890342420297	167.9912255967109
53.57547394347772	64.58394524188898
373.95474045720044	118.412957032798
287.38521174305873	120.80759512483044
300.81716328364183	7.573768214137846
357.47511569819903	161.61134917362787
286.40449663661826	86.83350430175452
187.48425317243152	335.9729312152863
416.44220643248644	21.632055227529477
139.12210968581303	171.5452466036615
218.28442962759584	121.25931395645046
216.57728211260698	148.60765854858857
33.779180968451755	296.6209671145223
336.7310839628655	94.74615331915878
127.03495286365596	359.5380609966452
146.9806059643741	11.589814004776454
135.0098052669477	378.1429764259476
145.42282869922167	394.37858726155105
236.6304766573835	265.6209159338974
315.29530195581594	120.59623895289664
219.45099171508247	262.0395993365615
1.4510958897519555	220.88338983107852
66.3258045401145	95.67701890278298
169.9699314363299	338.55679526430754
128.1248725369763	6.8390130835009355
349.02326138099545	176.69432777388997
349.4869197087596	61.95372256330724
278.72091157788145	28.529739548994186
249.6277640192616	229.07604415229662
266.6368763241879	383.75602840756306
37.35354833474623	151.09280533305397
78.86202908137236	34.14224398179144
229.37688726664553	27.13269476547376
219.76492918187293	59.01070546416854
346.0677354406963	149.46557064038942
288.7170084251214	167.30577637832235
327.68954485546146	274.5995039658218
358.2682517807851	350.88910399573774
198.0660714671425	103.0634778863905
270.47977751156867	53.7267244227673
178.7976914531304	134.6112874919529
147.90273757284632	94.13621284667455
183.85497790772897	316.78184251307977
178.92245576182657	22.197380226730356
355.97130611824866	19.311759153031577
249.2900741268392	249.23501715588984
87.39411121791059	58.32622447368619
251.81460646705307	353.33281768676966
289.5806702918867	274.9454827128804
242.94760552754133	84.81118701387439
366.6439138309322	222.50428507941953
282.5885431041473	380.0302949359312
64.07830909531587	330.5778917596488
116.07772399242863	51.82419658896099
77.38853503670188	268.14095275403133
205.1868705842984	278.5255373826469
17.082396069455513	309.8480971704484
408.2191598424931	371.5453054906984
91.98733169381964	214.4689146956297
267.64003651197015	291.1083391383898
92.9165563888768	318.90569319861476
373.9814319413193	315.7551966079386
58.996723079366646	231.35336903414233
201.33637410634609	54.099284977207475
362.43654960494575	205.55122500046156
273.8509241440132	73.66234742777618
403.9063733278159	279.5599445474614
29.898829949966135	323.8163468813868
24.82588436521663	262.5946308836076
147.8863092200137	47.651865781096475
351.25085084073277	238.95550866906623
72.2863484995647	190.24516899419473
226.52813267332576	312.7080450900088
316.14749489855143	260.5311595552355
14.539066393486896	121.68643539880799
197.83154063968942	206.71999826106628
198.80885707582027	8.784159065494531
87.58912313893819	354.8047030312634
377.05280180207444	147.5392248911288
411.8308971640253	89.99785624623966
111.74217742211391	268.372066523823
352.1918651010774	80.71135317940848
38.028159467662014	167.44067986742166
206.37501368926704	70.67129205351259
253.75693999317159	51.13018436539835
414.92472442657174	165.62681018774325
238.4649338297033	300.8305052770221
345.9373667359388	208.93913667875762
218.47640130764393	288.6795124009741
379.4250311939955	86.42873090642463
114.43854845752259	165.6410970541601
118.82082259445696	295.4069329869467
335.2624488954395	13.475217015614547
9.690796467553428	254.97896584021672
47.28923946498271	374.1121014706397
42.77642425875512	18.27659144812386
342.24683646339923	127.37318082832421
205.3621354683476	227.19758294674264
