217.47065988761713	301.73618652821773
109.37758652209435	323.9628120317019
275.9479253500282	366.3278315343593
128.32771752957416	316.2814791750577
397.8164641403511	73.3299320296028
362.44152989212546	279.72660787111874
364.4593029376026	350.93805601363374
376.6213361576872	216.84679823486042
269.048849658367	406.1823610055718
195.85892874630684	299.88084924193225
261.05158828854206	120.5242198569761
333.7927721549771	117.83828045927316
202.92800101182962	172.60420515772648
122.84198353280594	341.5328481232961
221.8374780799967	364.4126014206668
130.59524080024335	111.50930881168634
314.15924007621817	331.2032480470589
1.9268393047006225	66.32216444139232
324.5990904450735	312.9520254923715
59.448731083920194	278.10342076067724
103.30991548731747	248.1309410180998
178.56838337045366	227.40519250657923
51.48756539110472	104.74159756225173
66.71162257020124	120.40522129771878
125.87861060036045	222.13762576009458
153.01708954728267	365.92228091498504
80.29841770042141	134.80081024125505
316.9460229158502	198.96013752614053
338.4588014475543	291.99322382710983
346.29504467069563	265.9236073933219
96.70741710962767	372.87260740038437
305.15766414600023	309.2996953863393
184.36725394617739	251.20116263292712
86.43418271881865	390.39740220130705
133.62924009051144	146.87467864408345
163.29777575060945	325.03021268417064
314.1578167071877	390.73442979996764
389.0462836289231	127.57066773593311
400.5017260554526	32.096096885078445
128.78954494193275	397.70307459311226
284.35094692573693	307.3824040232816
284.5521958119689	348.4359154385942
108.72364865420384	24.41705520916666
61.94183040305381	143.2364001386702
204.60714924173652	405.7445867013848
4.568889017421863	270.6058384887289
198.29916690794735	71.94526527021613
143.4523109758116	335.9290471760114
47.04066789149628	340.1735698550842
262.137031861015	84.41706303625294
47.97200675664192	261.9612595935214
12.620670752677226	408.31743595697446
371.4723156087896	387.095315436272
331.30002604407446	400.79729917209613
274.8219693851048	100.5611725545843
324.33374996035843	351.6430196438668
151.45637542398777	111.12807734993964
180.8325341215713	81.18435591108621
198.01807274628538	234.88914690359064
388.55370917517547	326.63734890679183
417.09884027781806	4.608150466334654
225.56232300951285	1.6945835964395444
248.85747471272418	159.88465145635473
10.016906693627915	338.9167209547672
337.6011380061531	336.16716713606576
393.9068448585181	97.59893189833585
33.27006023483984	2.7867654664903645
260.7014901183186	313.2824581841918
32.590496570127	110.47804619691051
256.3489367138372	26.254322461466057
116.19590655604445	203.97012249478965
309.03424569172125	10.27854716608532
380.83125358875157	365.64304513635545
382.18249343431313	24.606337053535494
369.27757899503916	257.4564455238031
42.36387008337086	405.1957230352942
371.36890649926846	7.713524722596218
144.43861178641433	129.57268092128302
175.07496073991038	272.08641130010636
297.0116317004158	104.98946254481432
100.21419607514291	134.46979559738622
76.36281995406861	26.790122357074914
418.62153683007614	292.82096384793266
171.39299429965527	116.77849963874095
37.72334537399941	184.66405790454036
138.8658671796451	255.45427397197247
216.03593654405668	26.69355984589492
9.52954899062271	385.0393030947624
23.446259680597958	152.92916467759972
414.98250931942215	125.8332304138419
94.58033831879123	175.468569588955
168.96251483525592	20.106353346594965
418.82997849619676	322.6418997296608
362.001503035936	52.21803476498319
274.8277170830048	199.4125028505016
161.6312179503945	387.27727236543825
225.0889861356687	395.68826737505367
122.43870853277282	241.68687445075957
378.003475529564	293.7611644700154
254.8576220419782	391.5546696132947
358.28443585081243	369.816595809738
53.15046077240785	3.6231311444900522
33.740348803748745	84.7314904098688
161.75289531513192	192.58570285464788
210.62302229834998	381.1551371032827
229.5448931320829	100.25461450883633
374.8904270916352	175.3363757875536
56.03204997120616	298.76279830448436
256.95951902168906	371.7558751321053
46.625808243390914	125.34910903183764
136.09426848831941	276.0175815338913
367.69710602756004	406.4439096970109
320.8685108851295	28.597486868565987
400.6822129209194	358.5605741504978
385.24331175121307	346.29507654928216
51.7647184267171	320.73168064438744
39.4184672818414	282.21341829029143
127.06351594640884	17.248043285636175
19.856027421861615	58.15668220729244
177.63255194333902	402.44994537691065
157.52800771362817	262.2110029395373
201.62963477871708	362.7243908931278
364.1789690861074	94.64401358352961
363.46922847702007	31.533946262952494
74.39294006524318	374.498471524682
403.1420045314342	266.8736784307451
157.51770708449368	282.9293421660852
54.46121702919524	388.23321324687385
28.950159488057647	350.55538948094926
93.23761727471509	153.58845928593385
109.86744003114258	419.1597384610331
413.52027924362136	196.45922018657862
253.40443621135427	273.66154869502896
269.5247579957119	160.54678848376358
116.12124037895708	96.24122779600312
311.0532370165219	89.85530008871243
194.8359321546384	268.95225906228455
75.52408650981941	163.83783230166955
15.66145237027338	193.26360829384507
252.24543803265752	67.10158644324461
194.87270416899662	191.61779071775695
295.90735257612	168.5242686831995
162.62554020712142	93.67955519124963
180.61964423299872	313.2110236144995
19.859042536328257	286.9102313886264
292.81840998820763	399.30232368968876
233.47879849889532	147.4450033692808
246.27055247937903	45.27435073579908
137.81042957816902	206.02687218753033
335.8264959158846	188.62967718311737
146.61066088213232	27.996808530712475
35.144046194817484	44.47951409668523
14.823953490022676	93.97730527657048
163.68079078907263	349.2767492183285
271.77761550778274	329.6754099889579
17.02398429074766	34.2159420381848
381.3492670884695	45.39055506951634
69.47404617304258	403.0475715536979
400.10466116231635	52.30535336166205
272.66883872709565	139.06258139883062
326.9500159389346	48.22545317319637
72.08556558780604	315.6637029208645
73.09766808227734	4.776787804840085
206.56225094869419	7.308083754466713
319.0617930497756	177.78546029427167
241.1595275624789	407.95915843497136
108.54678491937342	114.69156295802705
403.1481453569663	142.54194914540435
295.4931677578926	210.65903883204172
98.5530960502956	43.28458290324632
258.3983881263066	187.0873781648208
137.4674718973955	51.815490312546366
312.46204423280983	239.9597502247286
267.3469876169761	5.9552147734238385
163.70256345117696	135.4638893228267
357.06258355897955	332.4299174195971
358.4277850048786	299.47199556057734
106.99192255826647	394.53792114255293
241.26267665991287	357.2607121047795
332.1264779644831	232.51690247641687
309.36314770869564	153.26210428752856
137.56078132197288	295.9412245457998
371.27273128911906	197.59110439786193
371.1044509293047	237.08502854649987
95.11598762856993	287.38330489666475
390.7124860896618	193.15275014748738
121.63491703503207	39.83453749177174
349.88815019142015	392.67385529305983
185.9131350391531	102.80685766802523
12.25234964938165	230.4752393948206
120.95131980640397	131.72675461783015
238.15337898408404	378.5875704334251
196.3974083367217	51.73263814386782
176.8652501212338	61.10387763011833
113.04624920924374	359.92927121784675
314.48749078410174	220.24952825718594
291.5099858776	329.48272740221876
68.2405643877737	208.79525226366422
419.1650393967465	46.69342280634263
31.680739511143937	248.13043609481562
307.3594631790111	50.3844428277293
179.3479720305339	39.9297439625512
293.6287072014382	232.30794225440468
61.11746031266773	180.8734400816296
295.22648183444073	189.18116911404584
250.60483554948613	101.5547990044389
54.59723098682007	48.204666706233255
181.44255191452046	177.18379313279408
79.23976296154342	82.62650806943064
279.6787154236152	287.015627052442
152.02557451770616	405.4218282475364
31.406972610157815	207.0160365133934
275.3249198994121	267.7526085043749
89.01647368890583	326.63571199666364
289.79229741270694	252.56912837028756
316.00503567818504	369.68753842702705
239.43206683447664	180.95322298260638
65.20351152745513	67.46380575856831
21.834220784386964	172.9561271299387
166.36454830727155	419.5705473858816
387.6951926439613	407.7766137224511
350.5602413818355	0.8295865111152296
23.38969781096917	132.38929063536884
294.1961546358956	65.48591212259105
252.03669219099478	139.51130775888512
191.59533403396972	387.55278451472105
300.47593513871055	131.0319820445806
274.0085094347443	221.00514162198488
29.998926864171022	389.0666281318488
310.43813853804687	410.23529384162896
412.7369537572077	104.8488677919427
86.18108599558118	114.60409359627297
86.72287772358423	236.78805523602105
395.32450357111406	7.68431464635747
233.06608944428467	199.95201363337074
103.7474416114586	75.73343557307075
156.58133475873575	215.24276476772815
319.7996912574453	136.05523141790715
60.10033931748548	355.48135996140434
346.50878426916375	315.47528248488425
114.77264657052503	152.72606668570924
183.59130731596326	353.36519765654174
209.40191447782522	95.15077126237539
277.77409815460925	178.56422410732702
237.79654246297693	219.16955312467684
247.55636644260971	7.201279731321448
91.6164827767885	410.57991310590063
270.33447443353936	248.13648772716107
155.72765375167552	71.34021956275271
329.0179128814021	253.50308193114947
53.68356750790528	84.50970809297392
317.43835828118324	291.62652846737643
300.374235711695	28.84620871585597
220.01861898170327	323.46037848819174
2.760354633443572	360.1589603673247
355.3113788112532	185.2643798877208
405.1137252926352	337.8330040286153
105.48486592771377	227.6170233888301
369.6805830385812	134.08911308909938
4.830755072178193	144.1187425090891
411.7169677179979	248.79289200489998
397.4482952687604	211.874583433152
337.2653072819583	375.71524542671614
304.3147312281177	349.6106697468081
16.733400905660588	14.273227070832132
153.26795835452972	153.09597147105256
75.09525707416623	290.75940580349413
176.39639660758144	206.80312936787317
318.9450724517915	68.85374487330812
56.642724598732656	26.347721426925144
240.46742924127977	119.14028001282365
412.4829698059613	404.4570576340457
392.8516619792856	231.3962060455155
50.568446581761094	199.86470030474248
22.591991055528663	369.19076048112055
91.61854106428409	12.183214091549221
219.41972746775775	184.5939868363889
31.950545509657232	227.7620937330664
133.1673810910342	185.69886582589174
6.5248655779788045	211.35586149052983
345.80063729933187	40.88162057029268
183.99534200514788	136.6466861738503
213.0483216543444	204.35548831556642
112.16756338047085	303.9347799461428
145.14464033378061	236.52401796185234
67.86101336040723	230.59307150001513
96.20171064506417	94.67776466954514
164.30909964940008	242.4251401340322
51.81409301726924	242.42223940998224
2.2137487870547585	178.6892470810997
69.86477937320352	252.96588571552513
135.29689934933972	71.9799573399647
381.70544293677705	274.3500874337122
388.57851066227664	252.5447961530578
392.4953290020706	387.26742981434256
404.0622393085226	309.2217267611507
176.30424784738796	292.7922343088941
97.08171091615458	199.1053810225538
159.37783973213462	172.8109984647764
224.44093030092748	343.8204627472331
195.641472281028	153.80036794239228
257.37599848203337	209.1522149739389
234.24744480687934	241.55676274043276
174.62164939122627	372.44914608733484
221.25879934172042	163.715248529781
360.7033462368101	72.88196691613157
154.11798109291965	307.38397908800806
99.75743315616863	267.7746766960031
100.89754568581266	342.56664482259373
353.30145238677244	111.70258384687214
398.6528761511522	174.2014019507077
43.934963878232075	66.97537036125652
378.1067192367261	109.34803514116616
282.8231479793369	120.60021437629538
291.09797310999716	0.19575237424467418
358.4319439608553	156.59478828389854
289.47082205354235	86.47563998345173
203.4729933265601	339.7168473166933
419.15691325804346	25.55388104283199
138.52879302961975	166.43366700343543
220.56402058722043	121.94935958731266
213.89571733893484	144.18151952381572
33.99550264832858	304.2752493921485
331.00788845502836	98.08608505919763
134.3626512486855	358.8699006024171
147.64137764570862	7.315241758764949
121.9756054892474	377.4997745186498
142.18437355822357	382.7329628307423
233.20493134768802	262.58787246558404
313.6272347535245	116.26078990656904
210.08902743258528	250.46060903132513
412.5733210648789	225.2707657519421
71.24268383123517	100.73936776748037
185.10566079957903	332.57135612389607
130.52657394692923	417.46962258920416
343.2028261570844	169.32758213686793
342.39936829958583	62.353763942747634
280.86893153454236	24.4610072656794
257.16627033628686	232.5250827670996
275.37039966000646	386.650378470623
42.01423279567172	144.6270366494421
74.52575732414377	48.748490599000505
235.7837795326899	23.371296450954503
232.41036677939212	61.19225252613334
329.93858291138605	153.95962206485885
289.40900275277227	149.6445174808675
327.746952351827	273.8471634621503
344.2661533836748	355.5323082039299
200.1448081864036	119.36586197482107
287.95225290685016	45.558212416633616
173.44501100478237	154.8850247031674
136.26504402393718	91.87636035431628
200.31157500278965	319.77207023269125
191.2309038039639	20.99621681696479
340.8545725838177	18.783901823596935
250.96826286442504	253.6347227214172
87.68379223992852	63.93471709293105
261.00547064568934	350.6959324911955
295.12900289079	274.51629724819435
237.79825923379846	81.73880459921713
354.9107536854185	225.6239214880672
295.4697957676451	374.32221032707395
68.21323307094696	335.3309469720709
118.05684416994514	61.65109353962452
79.87565497557333	271.6085286719429
214.2301820233797	280.0883215039182
14.577532299675553	309.0941732852849
409.2367012712901	376.7928126886808
87.67206233542592	216.8288773588849
254.28160133492824	293.90752622999673
91.5989519447991	306.7632167350883
370.64633816307577	316.8810368246687
50.345682238240954	220.7342558687827
216.52781219683848	49.148987225622065
353.02854405056945	205.69820929907337
274.28361691420605	68.24274796429268
399.3932404359666	286.39696511664727
25.207018839007574	325.86249540498613
24.66632300522147	267.19790552278056
157.8456692333548	50.4200856801115
350.7774831830304	244.87690116952652
78.87024292773704	189.734918596501
246.44277530243662	337.2195044839925
310.17403343787953	260.37615000950046
11.936342541425875	114.90230191164737
195.54268954395891	214.08301298620196
186.48565979270506	1.185496666288636
82.16532938245946	353.9076082978169
381.0305518912246	152.34796880226972
414.61152816571484	84.77760542656607
119.43577783875023	262.5135637020443
342.9509161208703	82.42198609491734
48.4116140071165	165.16582533147422
218.41351377993087	77.06229340796625
267.4246078666097	49.191016028658495
412.58714020869957	159.93745749729825
237.6075180472733	307.75702694822394
333.63387966054825	211.96961134076219
235.05209589899738	287.8351830376489
379.8415149362077	82.46212961554662
112.4709489436998	184.5728605178587
115.61386581630906	281.83254928720606
330.5373605912203	1.224372499773757
11.744173243676572	251.49040707255108
43.36937697996311	371.7861964872123
34.269523473831356	24.57586704101357
347.68274529344126	132.91666688056955
218.56980932596275	225.85833755102635
