217.6927367278939	301.7019690950966
109.38793814696984	322.0642669880407
277.4626192543682	366.10347241916133
130.78469605884322	313.67921605583075
399.093763047554	73.8771700549247
362.26373470435533	278.3231549802354
365.0068527572477	353.5555644252889
374.29178794963855	217.0935263458441
273.3996802262518	409.92121670936467
195.76938888995255	297.9449650328421
262.16597501097993	122.12353004907872
334.46501093476803	117.34498632392288
197.24934461160302	175.06572388041442
120.45891285586124	339.02219717525367
221.0719946064998	360.9089607891448
131.83883756688545	109.5574253542622
314.8087614889966	331.81699550564934
418.3495183718549	65.4968565379738
325.8819776368767	312.8215245106666
61.26274999752849	281.99102845595485
103.19933864512771	246.93115362640256
178.3205630444678	224.49505609279797
51.49339710954639	102.78602458498482
65.86775235228932	119.81318377815296
124.91819747083437	218.73042987173417
154.0054334976976	365.37077402702823
78.68913984213864	136.89322188448534
316.7803733924536	201.1079283342266
338.1743332819508	294.1552301004582
347.6498424892101	264.613237667205
96.31019751914387	371.18036467348446
305.51308891559773	312.1121091395532
181.6195607848452	253.57979933586284
88.81926331327516	390.7931124126924
131.18605103602826	148.75198907180464
164.20595729544948	324.84946363830284
311.10540075940287	390.5374194757098
387.95053296615606	126.70022195065414
401.8839443384426	33.24255214231667
127.55266838929977	398.44069669783755
284.8255121897897	305.8576344805978
281.28056166562635	345.6899059393722
109.98904290456083	23.32419602783509
59.44158445160821	148.50890871276118
203.38920315173826	408.28515626430845
3.0513493916366117	271.81401932811815
202.1202603521643	68.40136884536857
142.8135588846687	334.6819526997302
45.03012298879109	342.73986092437326
263.03868920695146	87.28553916334836
47.08620514916152	262.58303747781594
15.699957072563258	408.92748544804437
374.5107244751312	386.5380781968751
329.3766158998559	400.01513058851987
276.37951035222704	102.86966381251125
324.25066022847847	352.04086416602433
153.6805445625279	113.57958980239574
183.50126540552273	81.5331733690206
194.74990719085588	236.65046810403422
387.34672018293367	325.301651815681
418.6602006777114	1.0888418547179108
224.0290829788844	416.6106428203135
253.22985463516463	160.13959188488457
8.615642153137259	338.5340935144311
334.6928505101978	333.97844247848275
392.65916231995936	96.23121571093012
33.07972587752742	0.04816256990160344
257.2597105425836	316.1878401224177
27.65863306006888	109.93740886177297
258.8300210672389	27.893893472808937
116.21520068717561	199.87754163685509
309.45697505011776	11.751903678481066
380.1183164971555	366.8434027498808
385.4874653360773	21.08565788752582
366.4428785331853	256.9115353563669
50.81180068673134	404.5681028281091
365.4881712142968	7.410022898866585
141.482690071531	130.6520145273607
177.11128244595335	273.48984012306335
296.7454230602395	104.69300640413933
98.79339672361336	135.86007153196624
78.56292608984099	26.87275464116669
417.260086897982	292.42736219241016
174.52888375479785	117.94664973486434
35.95999587906126	183.18022437131606
142.07137912235456	248.08482131101576
215.08188963352035	28.223255655729226
11.046578209411695	389.4417092265419
21.860077430297956	150.7753522413251
409.26324900902176	125.97123437873155
93.05276073689004	174.2684562383713
168.8781863890083	22.095611451322505
417.41389184586905	322.01055838975594
360.9446860199249	52.86754799590373
278.5174200726174	201.6681960484512
157.06643211894442	387.0363024408424
225.37811617655103	395.58471809594596
123.8439264271368	238.92789140313837
378.3539157673702	295.95862011343957
254.22976642423706	390.00447359580147
358.05537673809295	373.16644526728794
52.23367477066362	6.095965946861249
35.26314112959141	84.46481385768377
157.32677517956552	194.10225046357286
211.9149204909702	379.48449593072746
228.66527625738192	100.22338111251464
378.82504394715556	176.7945343139853
55.27698112512103	301.8451467681024
257.80664448448584	370.3292196084393
45.48923193642647	122.85737247271824
138.6504560956763	267.7712019549044
367.7235965131731	406.9302616027973
325.42490246416037	27.293426443355685
400.18616362802885	360.9006884159781
383.79379359837066	345.21485997343325
51.32547449065989	323.0129465888524
40.439896119687404	284.37649721019346
130.091072076836	20.70519519696696
21.389004916714338	59.54626296376726
174.80310352646413	400.96831652578055
160.37144684531486	261.8985339387831
199.87995120442946	362.3562867642298
364.35587504309467	93.90144789591662
363.74600010671867	28.01895840642557
76.08021785735743	375.4104355491704
403.19163087845425	268.1206078487065
156.47773807373235	286.80626206422784
56.791036005468406	382.20473153500825
25.084566412247387	350.1424975568943
88.31826120133879	154.8325798330837
112.03395780949616	419.86486554832175
413.54611583315466	200.58008365324017
251.52994973599985	273.6315406211889
274.9085509456844	161.65474201615584
121.27602862277594	92.09895288105976
307.8627647902173	86.08120675985693
199.47973000597503	263.7941321105841
71.08172512024271	165.19335146244973
17.9902537503948	191.9113551841169
254.74868165201354	65.76851407880258
198.13133117411627	195.91800114453798
295.30198592886285	167.88896361463944
165.78478410847677	92.97005422348916
181.20825017289437	313.33962115090145
19.17283482449161	286.53175884594805
292.45713860526666	401.3112500267198
232.02363652879077	150.0111321123489
243.81470755025822	44.172439559151385
141.1440580577856	206.0439173888535
338.8383689378409	191.4782932149161
146.68778363742808	32.56570119589756
37.77825580631143	45.12834967618337
15.22804614539249	92.42113990285014
162.22048060820276	345.357602454184
274.8822998679283	326.57288234471247
17.636778396117098	35.824172182683576
380.1571587299432	42.270108961416724
70.44672450255001	400.3266735141088
399.1924306226642	53.57171731189369
270.7914691539355	141.58912173144734
329.5586069265017	48.56312873348314
70.72472876644933	314.91579509217837
72.21657598543348	6.2601998693134675
206.02026366226886	8.071266401241399
318.6366160149164	174.95965324100177
246.39207528110038	409.5112372941584
111.86935008754446	111.83670552419122
399.18775275637046	146.48284902307654
298.4155456250447	210.80514138285832
101.50507207076792	42.562426417596576
255.2610283860675	184.64020950316424
136.7291254166079	54.395534116147516
312.55101733939034	242.20318852504903
270.11938873912584	10.273714837709646
161.3469695457018	133.13074109881555
360.65522801702787	332.1613540899612
357.8985899107999	298.0752804511184
107.4558919142348	399.83314267779195
242.59221344434954	356.1129327503987
333.3386601138264	234.16170397007602
312.1379474817488	152.87979505555893
135.61325578494422	292.65725331154437
376.0392784001954	196.5792708009453
372.3316781474294	237.31838934441814
98.9492193287214	288.37182826099394
395.6672426537766	189.61184220504737
122.23749179849447	39.835040473963176
349.22996168044756	394.4082532991087
186.4508376042965	101.36517093768305
9.824258092922758	232.22313655348742
118.83839065068875	132.591477028608
237.26478820436571	377.52371677875686
197.98159168555446	48.19892870441498
175.469908883473	61.69279112237066
112.43431318617938	358.1180829951363
316.19103946594527	222.18555702309592
294.7895846609054	330.21571361683306
70.18626059641588	206.4397763123781
419.30889540386477	45.38191841549899
30.337595478398867	248.00295506075764
308.9625795485581	49.11957233018527
176.64419653160616	41.2010449692194
295.6783693429015	230.80595028875817
56.512208208897945	179.8869544354228
297.3421588709837	190.21714544960378
250.6137536982939	103.42676660093814
57.98581344282825	47.41592452960047
178.41890856276555	182.35384356295535
83.25528149833168	78.67461197970613
274.9834844555594	286.61674428634575
150.25571011713254	407.18031335845666
31.34852480383956	207.85439602424418
278.5286425019917	265.2153999696623
85.99987991010823	327.80929447763356
293.7590516450147	251.0973806786633
317.1932741642811	371.25439329099305
236.58475603518193	173.80924806155627
67.8346812993854	64.88424406780611
17.198225038235233	170.69358368010845
166.07569439570773	0.4022028672122434
387.9212042186362	408.47932163010677
348.510149170818	416.8896629882864
22.651917894174666	129.88614562137494
297.67472921314584	67.4362689495243
249.74019999881227	140.44042889081643
192.19472394642486	388.82702442089453
302.0715496956533	131.36165749821393
275.3751257175362	224.5029658878023
33.603767644071816	387.5582045634182
310.69963976905143	410.98441847045035
410.49312632612856	105.33586171555791
89.9867244348316	117.13079850687501
84.00356879604178	240.00219494035676
399.0068622969122	6.296775465887953
236.44365353209187	195.1499864858151
106.31022397855415	77.69100030204466
160.33540286978953	214.78331425713117
322.0200803589521	133.95431411904102
59.876802973264525	362.4154720248206
347.57677836298745	315.28319350723694
108.25200791038498	157.76316980647965
180.95963865161144	355.8505759991581
208.3221587795459	97.23200662512609
277.8590611115667	181.6091735770312
234.7334423827398	216.13013515126931
248.89076292532204	9.553489365064829
87.45193734626828	412.11606285351615
274.2447157512183	245.1478600837152
154.4420362692674	72.45955690414326
329.79703527925636	255.22455204425688
55.4066176998578	83.0329600617322
315.5769657842346	293.85202703301536
300.314989111317	31.045768305694825
220.70014649384555	322.2274982911534
0.4295855961203576	359.1630346227137
358.298844350315	183.00523957034542
408.1611445396564	340.78888946070873
106.02438761192612	225.75755910563592
370.4023867236238	138.25286350215822
5.014710228680285	139.7625371353668
410.54961370306864	245.27941054084397
394.2451614328965	209.9105580033023
337.69714040758106	376.8809469354045
302.5079747234751	349.44457005401534
16.5203756365728	11.26145074695757
150.91831685321375	151.76416895891606
78.48062316898938	293.1833040797059
178.1795976268679	204.52282100482142
320.25597490518066	67.57791559147493
57.8621010865792	25.572193687317217
236.5762144832315	119.3080688134883
413.7015887441372	399.5366008053729
392.222564563925	232.67761455718352
50.7147265887999	199.7032880219192
17.40528553861054	369.90982449389
92.90652774776866	12.051134329641826
216.23849340636158	184.62638926841672
29.481332380091697	228.02870557100522
132.1240462120434	187.38400755043844
10.91352355802701	212.2026569720372
345.6817867849337	36.7904092101904
180.8026621862062	139.29292012694484
216.8842338114325	205.4042231668693
114.27974982060944	302.2435706420523
144.90120411739304	228.0866713763119
66.78095886538829	227.59252618089127
97.12247293619694	97.15378920918599
163.02179521998548	240.87251557396596
51.68141326368341	240.9011661331128
417.3728146065611	178.41377234561148
66.45980522659542	255.77688001888956
130.7900006217011	74.06714931570501
381.8851767657652	272.4940307797484
385.882696630718	252.08647517342456
395.0913011032625	388.4887886925823
399.3950105291209	307.37610220084883
175.5602871420341	294.19505556801187
94.60039741685559	199.95036952934208
157.3325309102321	170.94978534334348
227.74160417190035	341.97775064091707
194.87770979985785	154.0889646180744
258.2950013910561	207.89972905548137
234.27717626834885	239.79422106236413
172.89233078465347	374.8187463604363
214.0191478175409	162.5554356419971
361.2347912706937	73.39580727157065
153.71335842635034	307.28136049215277
99.10970016593124	267.3025170960962
100.54426813404791	341.97448024273996
354.1224007545962	113.70878148522931
397.38994770914195	168.41178130584657
44.82847716465752	65.2431132996652
375.1428740610387	111.18184893109725
282.61829409242677	124.72102537597057
289.16369069269115	2.844331422394973
357.0199293390405	159.16215536775994
283.9522972016243	83.78878157681673
207.3251974693607	338.5033647700401
0.5406513822952957	23.230025790492896
137.294804703478	167.8090205153953
216.02516030823415	117.61839096802352
212.65421329005898	139.83756865437218
35.51446072837995	307.75842201546254
324.96016983503574	97.8405444158681
132.49600418285655	359.18300780152197
149.8864569292222	12.592331713539235
116.76213920005628	378.41326142265245
138.54793601429327	378.739458441554
227.201576719388	266.5168985297771
313.96807670765645	115.20303151359965
216.12548224763634	248.96532431551938
410.8839164844368	225.01729565764003
74.19453022261268	101.19354708987149
184.04097361777482	333.40242801448386
132.16488435265072	417.98666360138543
341.08869078696614	171.57157077546634
341.8073066061272	67.84880348127722
280.0244807000432	27.614127967825986
253.57095797233046	230.17174200765453
274.6834440546397	388.7891454125637
40.33253718700405	142.61963003312928
78.04522393673061	47.425357658056626
235.14795974971094	24.867154035126937
233.55972376936805	63.851711974932634
332.1111003758579	151.93725962468952
290.2179376206267	147.84743529790344
327.0828600597341	277.05132025404527
344.9386013757837	357.1092455505864
195.8310706620741	121.95703991846102
288.36116840271677	47.9329013225834
175.36597578402117	160.087704404553
144.88870015655627	91.76840019922857
200.7411290704995	319.48736433357885
191.5073961101957	24.24846707051278
343.1556097995041	16.76852009931805
250.70811489382248	252.56832643720486
93.3987093321913	61.36210749521262
261.6279617723663	349.6564442586537
295.3603023407327	277.4958293397721
242.72361589901078	82.52667628029768
353.29734516050576	223.5542141768887
296.35740917084655	376.5526558161489
68.12141077723197	343.23029735798184
116.94606010862117	59.376099758640926
79.75718892396237	273.20431756148207
209.80303110116236	282.1189890742653
14.328466069156445	306.12572379104216
413.5387689376373	378.82103721753674
86.13674411448481	219.44587275169442
254.3618105795453	293.44843003272786
93.6942925348141	307.72356569182455
369.89086629180747	314.28510807522025
48.36943666463508	219.79301520320848
218.02009497155962	48.273767407038555
355.51542827156084	203.34322678988494
276.2496695748136	65.11824483947392
397.65011132611176	287.35235668025365
31.632573337682278	327.83229324971035
25.678706823418736	267.64113005661216
158.11728690441595	51.15135727363156
350.9143439615529	244.22474231741933
76.81541175318607	187.40609600190922
246.69127021704202	335.62031104242163
310.0464546274231	263.86657120159293
7.9660567339065	116.00509494424648
198.51894220191303	216.5012235626275
186.75065087672328	0.35400247093426496
84.65520517737836	354.4490014636966
380.8460700722891	156.87650720039312
416.18074537623016	85.36167892999737
120.59326853309659	258.99603634357015
343.4694199122324	88.77720338326243
44.77559483774577	162.92361849950777
219.65815622175813	78.69426608283456
264.91791447830565	46.961227310390996
415.3302638878172	158.38281171560607
237.2040962898013	308.06707109092065
335.6963414984886	213.22287444681928
231.9247632769217	287.2334038363103
379.77181419259364	80.9607896095117
113.25395472896824	179.80420208725099
117.54310216442717	280.1660119057542
328.4320393613872	0.18753337481133944
10.81741609501807	252.62414305462505
39.54419463052348	367.6456041479173
33.67755575208332	23.458299515389342
348.21374399651245	139.28270077950017
217.7006414479267	226.98881153873307
