215.1218499289062	300.8065818558731
108.57452766325153	328.2645937374312
280.8371044710343	365.00862973036834
128.9894508983747	328.8666035162282
392.9094859709348	74.72867683047932
366.6722870262809	286.42355284104934
363.96805684282936	355.58539300099403
375.1169240013799	209.4175510618452
275.37254995983216	403.93067406308137
194.56609545656823	289.92524210723496
266.44355158621465	117.41759336072141
328.9392396121909	114.66837477282014
209.27866502278113	165.62352279394116
118.69703442964945	347.0377602830732
217.34497331307279	359.5483003964121
130.12967828870507	104.01212707029103
315.6845218029214	330.81252617598676
419.99021193725906	68.30003772645456
319.11994799730167	308.57151078584116
60.776349962677195	279.4036219056268
98.25273313139465	254.14387796857514
179.89561001032658	227.5303737951583
50.856163522578655	107.38395737881228
71.36590117384027	120.81409174800288
133.0245756141624	225.37610475325988
153.03660318133063	365.96804360755266
84.8537267034693	137.3324453336849
318.9481540421457	191.98422042875066
346.84460223748874	284.3725222228877
345.29051657822794	265.3233537588256
91.66909026089566	372.0503989902723
300.29328777922774	309.3043708412069
182.42337449088726	250.2319630830588
83.16771850311099	389.16274319600177
131.77476593586564	152.6200160475279
156.89447231332338	326.66741617883883
317.8757925680845	384.88230892332814
392.1369435729861	123.10921337223189
401.44482747391856	38.22660774604149
119.02520729886112	400.2052719381116
276.27384953479014	312.821795581219
282.0992565041986	345.24095512008535
104.6563556800157	19.350701809555023
65.40096298471694	139.89600819722264
202.39599148163438	401.5479141848706
4.901541225020547	273.82172250087655
196.7549993632955	74.8876781500222
144.496481780533	341.62673579040916
49.587873442434734	334.80388777416186
258.294668932858	80.38245430576303
50.708198748157606	262.33057086208726
7.766648992601246	411.5779292557818
375.74845764121517	393.56702629085066
333.9282435953368	400.36058771361587
272.1185275526042	93.6003106509302
326.6596568785036	354.5685717032815
149.4047148183132	108.06930324451312
175.48640338181514	78.24759771871491
202.09498186785694	241.47573006402664
391.0555175520997	326.15832685283806
412.9998198596701	6.1751344134921995
232.75346898637002	7.040977744211739
249.23317921467796	165.935455153342
15.954019889042598	346.37067201533586
334.9487781535598	331.2450898749693
393.81663424718096	102.1887806847409
29.95797218181487	3.7564425737419946
257.51127009460157	316.23643106691907
28.781876657747873	104.87552697843951
261.61854438323394	28.592503566558406
120.08325931463278	203.42578919544587
309.7057562115806	4.674331645156885
381.38258709189796	364.78803090222783
383.3371237435282	28.8304139112818
365.2736235701754	259.98985590070697
41.98527600981841	402.72840134270757
366.65297743763165	12.05980998690485
141.73522506564174	129.67751653416482
181.19617913164083	275.89651283503093
296.90659221509253	99.56346028409527
103.44459539917001	134.11520713357476
78.6353674153506	24.72022254333418
4.547187583746605	297.5214043978475
166.73197737905008	116.13654595470251
39.179258381823004	183.18108353448622
145.8013946241296	261.68847291803786
218.52000587762612	26.667504336298393
6.865226431461655	390.02001601456584
25.75011814173552	146.67358096530154
416.8084268792649	127.11030638019763
90.6492068346943	176.385799996412
165.02147886000148	33.97251887937099
5.104757234590162	328.75304346344456
363.1815555776855	52.08499320400834
275.0458735926101	198.75449533453272
166.11265477699033	393.67636966248375
221.1640483992532	403.8043001807708
116.39795969954007	243.93148672424758
379.5611179043574	300.5434003193875
256.42878172181554	396.26654579894847
365.4437533787127	375.91850914277444
51.56064454450159	419.8387513700053
28.29175182103725	75.05932676901705
159.31976533382826	189.38921614413022
212.77759613722347	378.3167400485115
221.30559802467909	99.29250341575444
371.2230131465983	167.04851914176052
54.99119165413377	298.5374217402457
255.1310371661589	370.97753449786836
50.49227040896166	127.89948418133227
132.8599702463198	279.85086388478885
363.46895412449965	412.68072604409946
319.23832225085	26.996906494054485
405.7976883214668	357.12427072928637
385.7329484196025	345.361845563924
41.923279438499634	317.3186202025587
39.88345941975757	282.9855952342842
127.0305285262461	20.150305145087593
16.813522684499283	55.64288613073493
179.5914266300254	408.5311865831262
164.26191123525592	265.9662350967153
194.23123005553495	367.3228085364785
359.9870646243174	96.15009210304699
362.95718081252187	32.14382600392316
65.98215522080035	369.9533479560787
405.41604205779106	271.404327767267
156.5264364687972	285.0464789301524
53.874434482699456	387.0116269382002
38.865411023659526	350.43964046049007
92.26505960506172	154.7649967106837
109.17146891932298	418.2830082078385
411.7692800826075	195.09427138574466
252.7539032546002	271.1022551349147
267.5614789117339	159.52846572252477
117.28789883795211	89.50543613372915
312.3648729480216	87.48241141346347
195.76739612626886	263.9872813639314
68.78735684382879	159.5409245743791
10.933537738315257	191.86585353518268
247.25964993195262	65.05011006908067
198.45567206343648	193.78662587217283
304.0308276945334	176.09806909168913
159.43129218477492	90.41188512336497
176.14039320736393	313.2487443946779
20.719192079533336	284.51002655277233
297.671522231969	397.6106470264311
234.2948301196118	137.36796924620728
248.38056906983445	42.133086093891116
145.9714879574783	209.16130414257205
338.0103046878648	192.70411286266477
145.42893038359782	27.461369487911117
33.01520497770419	45.324160475416676
9.25310302825087	92.51119723428545
161.97946673367048	349.00517285572073
266.79394459697755	334.27101096283747
15.56626729550935	31.718276812308815
384.50891609161664	49.12146095712891
66.4274284197991	407.7719208325385
401.9942947124286	58.12186801849404
275.14440679317556	136.56591187094736
327.1046700398287	45.60142342833761
71.61909760984038	314.00280068431215
70.22613987688477	6.604335774683609
212.9734864951824	6.923290294288873
320.5440696483778	165.29993555687213
240.69807741224355	407.2964128720187
109.55351153515356	111.04327556198223
402.849535706558	140.1767903176263
289.26987561972794	211.64951468126392
97.0320743071458	43.26943577637369
255.75601869431162	189.26848238138552
135.81600748380419	44.138505782259706
312.7003805211985	240.06313105983264
270.5394657337316	7.310311331792406
161.40192094132195	135.10454285516875
362.3071997035262	336.648901551737
357.1936275371749	306.27293690021355
105.56465813193243	386.5175968042906
236.43297214984852	355.83968944470655
329.8023918223886	231.22547549628007
307.3569558136305	151.75949556302825
136.78488154385946	300.03296221908266
374.8238976792972	186.65326670014116
371.5359731514439	239.70790903620315
94.6757663763181	291.87812054139033
393.4510527037541	190.3137715336137
115.70777623037131	37.66263571786654
353.499979388787	393.2058324007234
183.88362183900884	107.39673199795223
12.034980070112036	234.86147811106898
121.92384798155611	129.70348505442993
233.24853331248917	375.98023987845914
193.08348325314785	56.30167348322031
173.6931517696009	59.43297354358888
113.92372602193217	368.9975076674802
312.7126127720522	210.53873878789508
295.5653388340881	328.2694751117705
73.66433586812511	211.97606068429764
0.47918660411054104	45.171791643407204
29.68609117959601	245.25020485264693
306.1640965209163	44.39542667982493
183.26220023463972	40.21801086617033
295.6046921723964	231.2773364710125
65.59116260844108	181.40145565899002
293.4947750738063	192.48493967970526
253.2630166520363	103.61458624275735
56.53208698589423	38.58914720970424
187.00893989944353	169.72710157077074
74.28064546870871	79.23911171159374
286.6013821403851	294.35801357735477
145.52961030144246	404.80234011157233
27.459310455038743	202.0353171172399
272.99602291275323	269.20967816568805
89.60786028388998	334.66579436453605
289.8559540895031	255.31090486504553
311.78162975072377	366.7934499157785
237.12402450247032	181.72197306863163
65.94501197319859	61.69915308448996
23.404876614215354	171.3995418423777
171.38061143069325	5.649560207848317
383.45232365672956	412.84481787921465
346.49797073178524	3.139744577318417
31.663667964324	127.16994587564112
303.149276177988	64.93891738497084
254.9604862865782	134.2428153529531
185.5920284992943	385.6913145113573
294.69907408061715	137.50367187999768
275.0175240829764	224.13368285648468
26.688099367572207	390.94009624424444
315.64938717908484	405.5981007548755
418.90534044465136	108.39624662326158
89.01948902469911	113.4170447965575
90.85064859286963	235.11415298104518
393.4292036384485	9.785690818269455
234.22067184227004	204.2990254257478
98.93242131713428	73.95964527581025
159.7568664368352	228.61915349601196
319.5285963205331	137.11498893316298
58.06853149437205	352.30818571722415
338.61863821541385	312.6186463046426
111.927517200908	152.34297281869866
183.37957107649268	351.40704738968384
198.27475297937525	93.81562920683352
279.21877990877186	179.04500476647127
239.6233806277794	228.3330554292896
251.86518508735625	10.795599015727547
97.03879860263876	403.8421157343986
270.8302983962914	250.4507138472922
155.36609020207143	71.17727701688912
328.1278001604935	252.45115169470225
55.658356525406404	86.18416026341283
306.2962393484929	288.40998939702376
300.86424434495825	22.112602057384652
217.15081419132352	322.8217473610156
4.909005718248338	364.1732437524413
355.66234852781446	182.49549211494798
408.5862011819579	338.2606137585922
113.65021625859501	223.02919704802505
374.4255749176315	129.72652751844294
3.6340107596914804	145.08732959770816
405.0163556715602	249.45482642809412
400.97795039075055	213.8934608605244
336.49989550736456	372.7663815432875
300.7645172043912	350.169733764678
12.3190992602313	11.211464449080966
152.67618441424807	152.53179125070574
73.53124426224213	293.4178591656912
179.06813855843222	202.25057278593638
322.25330858542696	71.17748850454396
53.59703400458608	19.401854657668846
236.62386227145612	118.2895822960922
407.31520471808227	403.49965300377664
388.715629770852	229.27197529915549
54.74252897946718	199.04444322175445
22.002360820816847	372.38748129016557
90.62217635808035	5.3791252483457574
215.2884924665064	185.33318111131163
27.521544573384855	221.82912600115327
138.6585105670293	189.88738419504978
8.61343304105557	212.25709646342497
346.0164825441448	41.83885448572313
195.193232332804	128.94436308623239
215.09450469748046	206.00890139182377
114.93121225018504	305.52925037799764
144.96346672015517	241.1164511329438
66.42118328484423	232.16371341198678
98.91705285930149	94.19729169535105
163.2860328769477	247.15900572344862
49.2996547744172	242.6652065765471
4.1313862846591745	172.61879132068864
75.61109433465906	254.86396491704855
136.81174364038816	66.41963530094388
382.72739207618423	275.1872102560213
384.5800556732845	254.88355147373207
393.26164580143177	385.8589017603469
407.97147299963547	317.31230847439366
174.6792511735763	294.0340667730661
101.3564990105754	193.29756315289004
164.21704840007462	170.01447932866202
224.90028749092775	340.5846061908938
196.5261221062868	148.2790843563095
259.09778245052695	212.50924930124563
225.00788778333373	242.48760888563118
172.10725579743885	369.4939474043711
229.20374844654282	164.36340767468874
364.76108419897747	71.01637534089588
157.18254797156322	306.11158131060256
98.76495311725618	273.29335956564836
97.35728482669033	354.03117351181237
347.76043460108144	112.5351574668414
393.81265474205	171.49605800419698
47.18707771785976	66.1536412835515
375.43600442175926	108.08331722025032
286.3386168806003	117.49882025628338
287.9966995350112	419.8250498494222
359.62705212891467	151.35386672654354
287.53075033335176	80.38194272343958
202.28608720130086	335.0480851310541
416.50588042840263	25.311484584642596
145.0544964112393	171.99365447669774
218.92575325695472	124.81710000797143
216.5757087110976	145.65667664472005
32.0109958419081	300.1835067865872
337.4873004190508	96.49985963420202
134.73449445686794	359.15541816109055
150.9265613324862	8.964536262006579
130.3915724826626	379.7594004824338
149.01480518252774	384.94895305545157
230.42946800062552	268.39823418119073
310.283328574643	118.71403001350009
213.72899766278513	257.71219364356784
412.8365078727683	230.52374189725995
73.3319044322486	100.97555324915481
175.53938414745704	332.69301428862195
130.05929174306803	1.5265831196581143
339.5249715000318	170.88120590037084
340.3020312901349	60.344214951151756
280.8793185793214	23.304257254310265
257.6226791821242	234.31033307274484
271.2173939763727	382.48012764290013
47.844712882599204	146.9734560884658
75.82803055743315	43.80987660595678
239.09573660763485	25.09745230242819
226.7821906845672	56.45018075903568
337.4407873278898	149.64990360094333
287.1454740324644	158.82008184013412
326.8698783053155	278.04276671763637
345.5133433928018	347.35561746466334
205.76399262102922	111.18383098801502
284.9353031901627	42.26230200426484
175.78579586782666	148.33995273476958
138.39202007226507	86.70429760663788
199.16695553894306	315.8595574922977
186.28713898090385	19.820580796569164
344.26938426437874	22.176630649869487
240.8554278412863	252.72585443104822
85.69315911203685	59.85223158565821
254.84379298703126	351.59331534559846
291.5599876789349	275.3966296781684
239.1047327924428	87.7410138233635
357.63403642000037	224.0333505809213
295.81866744473524	376.85245247243284
70.52187552754582	334.8565996699926
116.98887879050358	60.96650891814726
79.61509103656735	275.4813773140764
213.65356926395188	279.9436929735965
16.918125150419364	313.26457428537094
409.8406845325209	376.79915307993025
93.69749911982353	212.97050178325404
263.51203590876565	296.79037629462374
96.16254408607992	313.3417242569422
371.6217760629135	319.70221859750905
50.34988132255342	218.39809843965347
209.63931357506158	47.26356245764762
355.2766539131675	202.0320784311212
274.49580162688665	66.21181702861064
405.3030632415693	293.12112060755317
28.053745212850725	330.8684547188614
25.37590020878977	264.0066447231655
154.81487394691405	49.84329599502167
349.2660522621669	245.2268921146529
81.07339352160633	192.63616267262387
236.7949747229529	325.7166643364281
308.6967938025879	261.8702018204307
14.69249773887289	119.03441481826047
196.7222993998088	213.98099702283477
194.24725372016547	2.680110924575971
78.4840132031049	353.12489801039607
379.5898216914948	148.46691632111828
411.65413885083154	85.78889807891865
116.26004613367812	264.841172485684
348.36232597044665	80.49335166922316
50.728968861666004	166.63770681959588
217.2510297114958	80.4247101688801
266.2304370833524	48.40380454599725
409.5484372886919	158.95793655469282
242.06843402941826	304.5417536077494
337.8808767200791	212.3816205732577
237.59291988124738	285.90492477519746
377.37033336794445	86.4350648444355
109.53533980410663	171.8094678008257
114.7429520324004	286.31674081933073
327.8113514205172	10.046353439269192
3.7373726696800627	252.0063691878065
42.68360644287602	369.67423107027275
34.47846898189501	22.324152975268433
347.55280628589	133.3555475307279
216.30690673029687	225.34159123474433
