215.6143120249377	301.60004797173514
108.77659535140359	328.97062179783023
280.30378045705555	365.8116901133415
128.6457215783145	328.51073670001426
394.2806692991358	75.64342248519753
365.6106733523008	284.8154978050226
364.3666262201734	355.4591171215504
375.43753465884413	210.35306941006777
275.18840510813436	403.4961261800155
194.19728827145119	290.57539945944734
266.45156734272126	117.2442593919903
329.1730993356423	115.19307751300315
208.62763112935605	166.8534466612948
120.1612934025821	346.5554609707857
218.06896539955767	358.6066431799116
129.84925844875653	104.79340349998321
314.6332650440022	332.19760904848926
0.30156047447993006	68.11913069878484
319.84854055742113	307.7071108716202
59.7021077022975	279.63294639939835
99.87790170230943	252.97179639923218
179.73053282740946	226.72216826933462
51.76311891761637	107.41989680735587
70.14850191302823	120.67039369831305
132.84911639582077	224.13596905055445
153.54573935355964	365.96963201598606
84.08812034076135	137.47860119021368
318.59059829516224	191.79580824766722
346.57741888663145	283.783031286813
345.21130731288537	264.80384241833804
92.1929517726052	371.76741774493075
298.9533995799427	309.6005252016195
183.63424079017335	250.9672665182087
83.588566705902	389.4587007158235
132.64783062713164	152.16564035972291
157.2150020335743	324.78231686479785
317.6739396537966	385.77573128628586
393.117386994895	123.2403837044155
401.9111166489241	37.10018893351862
119.82672457867523	399.67258693730895
276.1951177797088	313.2197880663193
282.4261359981305	345.46819101973097
104.19888967933409	20.214710384693642
65.09559399083601	139.84395293236972
201.79462800306493	401.03098742016806
4.983964279287208	273.8700960042966
197.33278150924227	74.54316507392551
145.2817998620479	340.66299386725456
49.687580019336956	335.3052226109472
258.86634170390124	80.66978289979592
49.46670810580784	262.2750238967443
6.344165418648364	411.3100346742382
374.2062715221625	394.7441817960375
334.7209126688325	401.560457466111
273.2797602813456	94.11185206976054
326.12325941391356	353.5420393863497
148.61272954443348	108.03625923667843
176.18526469958522	78.03165306403766
201.09210476773794	241.07007210819938
390.41029737713785	327.1610553988351
413.1226742260978	5.421146130798666
232.35942173958216	6.642356868731806
249.42426046586536	165.73241593934858
16.473447264893277	347.9875945321397
334.23222504100943	330.62039103491884
394.2325398528258	102.56484404481505
31.02823695018668	4.299649241303049
256.2820841218999	316.6996957129291
28.168294619252798	105.31410604205686
261.6768354516935	28.5244759200572
120.67779132538956	203.42074612596963
307.3637440391718	4.063607290233815
382.88676468833887	365.2731301951887
382.0172461107531	27.054223646376453
365.0355357092728	260.6110199525772
41.94516959923186	403.76384583847323
366.97682931479244	12.893500134770854
142.1991783306164	129.34983185325817
180.00350401259112	275.94938544753916
296.8791929544927	100.39290834471585
103.54459165949929	135.22602697786132
77.14179353545288	24.143625597622883
3.6382809010124357	297.3178198082753
166.46047333429738	116.09655939736739
39.39793587688563	183.86262106829162
144.79010527603026	262.02860505455993
219.37237337260402	26.894797983686473
6.936072594749097	388.6995516266221
25.910251800129274	147.0884736572717
416.82859346641095	127.08609030458719
89.24502159377492	175.14177979442303
164.750946174222	32.94814039491177
4.779098885674148	327.7202723483134
362.7452995533673	52.07350920646609
274.67900330121324	198.63743094508067
165.97523803777568	393.93805967329627
222.2592467383061	402.86465429208255
116.78485058873963	244.10418859431275
379.1999503561797	299.1197085544154
257.12578714336826	396.9671722739849
363.95043061657765	375.64865195183916
51.13900918296951	0.2940760210050901
28.33914576635642	76.56643725401182
159.39948602416825	189.26823311824845
213.49930850029784	378.0735589785214
221.84314528693398	99.38419304685331
372.8813970698932	167.77475018345208
54.26152505830347	298.8703008522523
254.47689533231897	371.1562323229645
51.32475211045414	126.82847567799703
133.99533374740355	280.3550783743073
363.55165918968333	411.9644808430708
319.6461074760849	27.367624870301167
404.1551108753158	357.90725100971946
386.91022181912547	346.14908781559075
41.93978285577659	316.89224652241654
39.62076739707143	282.0669185317399
126.7588664497451	21.37886507519583
16.13653373249596	55.08954612029097
180.0485978802878	407.66019437321216
163.4912670544149	266.17311042730483
194.06090317231744	367.4056922137851
360.347533063305	95.43663138215972
362.03163346593755	32.28258567243264
67.03620384467892	369.64028658861923
406.1743720319872	271.40494784294305
156.64319779139208	284.81336426812015
53.06916157297946	387.26755620048795
38.06842964736164	350.29134996627494
92.10168919841838	154.97992681249102
109.18229850047344	0.1323498242031912
412.1891041487764	194.85696469371615
252.7831185140506	270.958557944146
267.218435939238	158.8126758363015
116.36597858859656	90.36503042123849
312.3701229643582	87.61881884132265
196.27092982089684	265.84789989739517
68.75211848755005	159.00128672659693
11.772646532260842	192.5769071455732
246.7656670235502	64.70784761718473
198.07504693848875	193.47294418049572
302.1162431318203	175.20133709814522
159.83350854220134	90.40121051689827
177.4407192702984	313.6280203130752
20.922986110043844	284.89169920465366
297.3919200093303	397.2605018165459
235.1958156156571	138.0969819686464
247.60369250028796	41.90588898241382
145.97705905247673	209.47994389970913
338.0143973607866	193.06815172826353
144.78483413585937	27.770644284945025
32.57651529922598	44.91675628926005
10.073491238295363	92.29163779532993
162.93710993872443	347.4927959513337
266.3106140496058	333.2532163772233
14.978474761724886	32.34518481747898
384.14747980073906	48.46269143976634
67.19529397566251	407.5110658074336
402.0478265363698	58.40158417321412
275.2531925467102	136.67503810085591
326.64650438265096	45.03400159259689
71.65506497119591	314.0989931168275
69.9295395541931	6.516116634353868
213.02864328704948	7.131184724081592
320.3470885285491	165.69748590344042
241.12912654950776	408.2462451603447
110.12851908275505	111.41816781249715
403.15700984438314	140.49623101617308
289.3562616963216	210.56364902459958
98.10902429850864	44.50686929961019
256.1690441900289	189.40756107047596
135.5903107881172	45.22151279873248
313.1903360195655	240.59369052373845
270.2770455381162	7.296036434950757
161.14585385275024	134.3012170515599
361.9633243762826	336.2291885370208
357.70858163294844	306.03750350902504
105.4449347172981	385.80416767325517
237.11597582502813	356.5085278420383
331.48807246328033	231.7724116122108
307.3174851387561	151.7210207178629
137.19681812920695	299.81279862831155
374.7061236685922	186.74706862604987
370.4259928866554	238.98316813002373
94.6000466806625	292.0070154921916
393.42778837555176	191.4405676981476
117.72628561290043	38.06331106639838
354.8599082787695	393.54432758893057
184.63678232222563	107.43443218326186
12.122316181763395	235.9157250075425
121.8939305284992	130.03662190088843
234.17074895843402	376.67870276326596
193.98469306075643	55.17668287285218
174.63869067291952	58.84022538605742
114.259360179911	367.6581996639337
312.0351741924252	211.70186581436974
295.59778891932683	328.6880049721752
72.5995757384874	212.5232369985585
419.7307784829746	45.03915051454334
30.256998116236016	244.87003603436082
307.6219670367655	45.4785031723567
182.49005121654096	39.814154379938344
294.9975702157814	231.9182380242525
65.88480584549251	180.3780884027164
292.7287489538821	191.72516912914674
253.13035723098812	102.98897190804651
56.77729690808558	38.24347286760836
187.7222533263252	170.89548827047858
74.90028471364934	79.4148814215508
287.1493592219676	293.6731170232659
145.43590395686886	404.540635746649
28.022937124966106	202.4171345718459
273.5624104758858	268.3515212955676
89.98197399563361	333.80289198848624
289.86193628545794	255.67376519173857
311.33744025071996	367.2737725201131
237.32549334848989	181.92331009939292
65.95629932909456	62.47946060368404
23.402995958272278	170.97228021192112
171.18766737403845	4.8199243174660715
383.4471755831019	412.7615833115834
345.8916233709144	1.2946449984215675
31.22407409748156	128.26953233533686
302.0152533634645	63.6195103931542
254.71722854856185	134.98853580317768
186.12663975078894	384.60353885377907
294.2319748316045	136.92180396125192
276.1455183405581	224.93714283646307
27.017870436397338	391.4097393322719
315.5038579453818	404.99466520995634
416.7348651985711	108.1011926112731
89.01141950771509	112.8354707208135
90.41582634449357	233.93703695381194
392.91452239457925	9.88810330496104
234.29163614031054	205.22281021320566
99.27178036210937	74.63302140130274
158.26169184649916	227.41903636625906
319.41822724752785	136.9847502339032
58.34287968925147	352.4983585790023
338.8044798661123	312.13492705131904
112.30540959118393	152.80772190757875
183.3120864830382	351.37219690374525
198.39285027555277	94.20049864985673
279.4464600145628	177.83254034238814
239.14150095897176	227.38402102409964
251.1422252094468	10.721770181193575
95.97920927298792	403.93283230915705
270.5762021787745	249.18588857991705
156.28994614452205	70.3004107450786
328.33723959703656	253.0076238990998
56.156633114103876	86.48625200869114
308.05429568058787	288.5170304366601
300.4851165581804	21.733936357888094
217.9806803227367	322.12992767936043
4.979836761482947	363.84336501270224
354.9471738479938	181.96900974457554
408.463957369164	338.61948247292537
113.06453637427408	222.9406100038587
373.8079892500914	130.06961313193793
4.087486382183339	144.98225101722647
404.9892602600695	250.28938148443643
400.50693222166547	213.4726442462841
336.18889312603494	373.02771912173944
301.7053550257043	350.5298425821625
11.659020555537301	10.359402309367738
152.90372907551182	152.91772898448076
74.16444503000707	295.09691857415885
178.18966343148196	203.89557393032567
323.1415400530549	71.971421319521
53.65964168555974	19.45705410843629
237.39649260281973	118.00808807589227
406.5067260212404	403.57496764617497
389.79366444912813	229.6180915851308
53.60973320383847	199.07034575671094
21.914338809529752	372.39844769631156
90.97251612623025	6.196074455313765
216.78991283975586	184.47563638077602
26.858776043296352	221.574694701672
136.7151025652261	189.54033522372123
9.677196461797127	212.8137645194733
346.0926966212838	42.45358915411481
193.81890853493886	129.15348544226254
214.40982443358288	205.7649919235346
113.5737224192981	305.95332778953593
144.9989801566282	241.34440806905678
66.48601354136962	230.88148071358066
97.69658720237507	94.76443693982512
163.17095733123517	247.19519384807276
49.24915793783129	243.12726096719155
3.9752452096416855	172.17262957335333
75.21836428916747	254.86476887735273
137.36550041632978	66.03188728360787
383.46358398824856	275.8647528439973
384.43987428267394	254.64112861164776
393.61684844059283	386.8637278757418
408.50973474095406	315.32745661472427
175.25796566334614	294.3269787117931
102.07873249634936	194.1864745963412
164.09431938552717	170.49791493812236
223.74741548897984	340.4813681260128
196.67288975640068	148.61283560131383
259.84538335105884	212.1072630147734
225.94433758480474	242.62673042036226
172.58190269248504	370.34644022471474
229.04228024233183	164.5153495507361
365.1106157375031	71.41908862825277
158.0825504491094	305.81605345089827
99.63633725939238	272.2003562012289
97.85133759229419	351.9158159477689
349.23489581441424	113.65895459451347
394.011942059713	171.3282444879428
46.911071188567135	65.3415513364554
375.6095029273449	108.86763100059841
285.916480951051	119.63348716218013
288.81381848504213	418.06819038846527
359.14508524495733	150.80161398377027
287.6180277961326	80.69454055734252
204.0588425854357	335.8488509045653
416.82069909620265	25.280067957263853
144.97049963790823	171.18891403724126
219.7696633702945	126.25352591096899
215.53252343173997	145.7616896238582
32.79127312304131	300.0278951231391
335.9767701331435	96.5333997954464
135.49949595829696	359.13857369231886
150.60634087987705	8.67128059285074
130.8524763009522	378.5477717303891
149.09217152251463	384.51271052053903
229.6712467505612	267.68282950404136
308.9694813030198	117.46042685383625
213.23370771363105	256.8847061957721
412.447572648409	229.9461438386393
73.50089424727557	101.4127789622198
175.9571106843414	332.94443772084037
129.43148540168883	1.2304832399114096
338.5403935723326	171.4795041235079
338.3313768062626	60.066729254925356
280.1008136174352	23.48144678068932
256.7760470512004	235.92381125292317
270.5147058460444	382.4755499399603
47.485744670124596	147.08982746421108
75.84129645098547	43.5987906924251
238.548473205494	24.98619219719823
227.21751362060573	56.85118237123544
337.43780694706555	148.7871234438042
286.4998971723741	159.7010550276854
327.0285757378349	277.4490958716893
346.36999753358356	347.504707156647
206.24967706698783	112.01343434872024
285.2496851915647	42.14484257426443
175.01583953834452	150.27823267917853
138.49308741382148	87.21573106700409
200.24502452392542	315.46909730786604
187.33041147928859	19.935743424343826
342.82021727246723	20.903842191893496
244.31339924858935	253.65986369633947
86.25834826605558	60.27226285372083
256.0018446228071	350.88568771869035
291.4387733638833	275.1985761000453
238.10976717396488	86.56777125900608
356.963017670137	223.39253554077445
295.4999693177758	377.6083658137911
70.57806139363404	333.7944111784149
115.83719485988956	60.79460917057415
78.36947928626843	275.8646230932709
214.5529373880734	281.705249657088
17.09390186838091	312.252903022609
411.64163525298983	377.29946013803806
92.82216509633824	212.14592912962016
263.2400991834453	296.76245633799493
95.30990340863781	312.10723772199196
371.68889618802586	319.38346298707125
50.55930853866076	218.1121715664633
211.12890373910648	46.86963313441291
354.41164870171724	204.32232297040753
273.98960110676734	66.44061872025866
404.7871328268831	292.6859898153708
28.813215681093357	330.62371883325375
25.746281182403234	263.64606343596085
155.80614623709465	50.490048890149005
349.52682708436265	244.74811816155776
81.8428615325843	193.48355354420045
237.76526891591143	327.3050468326592
307.70542709286985	262.385524327347
14.074810554578775	118.21603402180497
196.1868191474181	215.31697977088203
194.2131364335259	1.6348291433296211
77.71982061118909	354.00174846278503
378.75900247066267	149.17012656950547
411.6873404813133	85.09125696192366
117.10210218308364	264.7797143927271
348.1228713032003	80.08624146924652
51.586596862611806	167.678632767104
219.12573908200977	80.64552475868712
266.60903550708446	47.5197225441286
410.3715788014167	158.69475496929934
240.9136802981303	304.1911486586873
336.7094261542521	212.21324054245804
238.37039302657033	285.3432819481791
377.70815140360673	85.6261513341467
109.13619324025714	173.09246182753333
112.87915079042877	286.6926573712353
327.1587710919915	9.366649028409645
3.701012527427044	253.3369057954259
42.76274329269438	368.8893247897786
34.15088231373005	23.483362831662465
348.05672070387953	132.82980653260634
216.22066041050496	225.0125206259642
