221.21073718860958	313.5068813773529
111.84054421877487	338.05966264278476
295.7705300622897	339.25820671969103
151.15691676818557	337.31306189886016
409.9505894870374	76.5777850937023
367.4259910954376	290.2265755026154
402.32063163452557	347.5192246042791
390.02407034127674	211.06686114828602
250.5301782885234	415.9768437886329
198.61716683799082	305.1653754119744
264.4557336936802	140.98489650243235
344.13471021872215	110.06730504061659
195.61324950562562	150.50725283441017
96.96235994635809	361.24117326196955
205.75226161584618	395.0012715748307
124.70365895819856	93.28693517600003
312.74129752530376	319.36103253786274
3.9250931869328385	67.4382926556125
344.2663960765455	277.7095432015863
49.275056131463934	282.69505321638167
94.16608420299295	256.11605080625213
178.85468656667715	221.02979999802818
54.514745874926504	113.46137979847046
65.35464459279515	103.93238687787624
148.92222146876838	196.5530521466032
151.09368777525134	368.32262153313883
72.58105355020628	116.70716636939713
317.1331765123977	182.90542273124973
357.1913293665101	286.7751587027455
358.5862680993943	258.85195180464456
89.09606235758524	376.8291550727266
323.57832165180724	308.45013190850153
174.96933237404832	229.52650521718328
63.169335877339016	380.84592685844456
135.99691280170646	120.79941794753589
138.21620746131893	359.60961723017385
331.2007109112787	350.7866297306535
400.79060955640364	137.13581624294588
403.54161264908	28.44678625417299
126.12153732045779	379.9149947939058
289.36658889841044	316.76227359195184
264.4166101906984	327.06923538025245
113.80516698842668	13.51268278648371
60.54808398216717	135.68992794328346
179.8851393086183	14.6094500319364
413.2912237248572	275.56440038318084
177.36855433519654	70.74351903939728
137.8988732663187	342.464372526533
36.56780981904867	334.5052265660313
266.853452055216	47.216957831315725
48.17428390157461	261.2445355204396
8.941491565039154	386.00253909744833
360.0935936759598	393.1679735738
336.59853897542604	389.4451414745418
273.53115074802383	109.23154826453461
321.54525382764257	361.37798946304935
148.9999965844022	97.38031588730736
170.3997579713103	83.59108167859178
201.0083451935652	239.88417167560718
386.37636042830263	297.8283314408978
14.779491018547311	405.87792538041293
236.53210485315822	17.81887910599181
265.9892542429662	175.21070964011147
19.299437421262617	340.72709247269836
328.8618645712893	338.58738128132114
389.90217828302656	109.37150129216504
43.556012113605895	415.3674823483106
278.04440980256345	291.8657606445277
10.28933539390736	85.2387868599711
254.0808064560376	25.366113800912064
97.52332708514938	188.16491082798115
310.2679826173065	29.594523281158104
381.7395088204754	381.21693153921245
377.6259563242021	32.21877813768515
374.45370345751115	273.9796247705227
22.429598210142434	397.9999449109761
390.145166581016	8.57275526721142
144.79839954323703	128.0057747752878
171.6358389345616	256.5968401973396
286.82410856072966	109.26271127376927
93.20823011143068	101.08907717055301
93.58268270175572	11.905768609630403
13.439917107100744	291.73497373169255
150.46136866935285	120.82425025877988
17.594599146211124	181.33871864005653
156.2578748142092	256.92381354418643
178.80284164132394	44.175685735488734
16.26804609088291	378.53974865256384
20.060122988436415	140.8558827312896
3.252903706366818	158.42462238917267
76.34500023224044	206.76605618005317
148.71904620867235	38.25208794886711
11.635393213664864	353.1886600034583
391.64770269476253	65.43074850578515
275.2595081037321	203.23574435638278
162.65207021414858	393.05929946794555
194.71802327673157	408.71775220603007
128.2311522143124	255.75203440715106
9.627507613752806	305.7472309575903
243.2764500327636	399.84091795770695
389.5187760802594	363.626774951827
57.435576673535735	409.4667598239774
48.75479459273784	76.69739353576048
175.92660248203845	196.42375298685178
225.80782546549057	397.831025588925
213.1653875331667	106.61826510352708
375.8318760440195	143.91916723818667
59.336965853084486	285.34836636876963
225.55153920374815	367.07251117825217
28.81792203097089	133.93404258365555
132.80114604602448	274.8863837036419
361.325344605063	1.7676720672710184
311.6507887719369	50.62235890769684
416.9899605424662	353.64083552011425
402.55227674106374	324.0311784176723
45.29052357057922	301.6844333409858
27.035517678793376	283.47888065980595
129.78613631814767	22.81417706233774
24.291225517688673	71.59543667810284
180.48552623397947	417.2690196566711
154.1459495453312	282.2863099987852
202.05567453518046	378.25016635576395
383.1539558960141	117.73127645222976
365.8824455031965	32.92496127314817
44.82719029757346	372.4257148350982
374.1344391053263	261.5500882115687
150.36441086026343	293.1107894105188
41.70302118106043	384.0184643401568
27.343038038856434	348.7234187242572
69.24756774446256	152.83715412600026
113.12816443453298	417.64266424908084
408.6985129828941	203.39928411394845
265.4218595051467	290.8633770315234
273.63863691906494	170.23850961775705
111.92950452591892	77.29893266484525
326.42322774089064	87.9654872112471
178.8092378938377	268.8945769268549
44.79824226138867	159.09910070584218
418.90824284994903	200.4272576196217
232.61826729183835	54.18147052941563
179.22205637195148	156.18551634777006
281.2365692216335	162.23217346696094
161.90502257581025	110.02268352449076
162.2974412970943	307.0352468615778
4.956067149986265	275.5389697058508
280.1237422192059	405.8648283453437
239.14298299363224	105.83416797796217
222.60383287150117	49.416810965527006
150.21181724681065	187.257957817028
331.47489886408385	201.40232819500568
138.53411579174087	37.117041904083464
42.69317544732458	48.55440265459286
40.896485209364954	92.05259634277185
168.18774309573607	375.9124181267725
255.9614635326611	321.4736218386841
42.11578556835834	23.34045760889998
375.77425194701306	46.361724845370425
75.88681911694358	392.0838436835711
404.9495131583557	65.67965949709463
274.5752747453889	125.43347785723559
346.97553803159406	56.00641681074235
52.92907021858801	313.9738597604151
83.78095665074673	417.6735545570879
210.13273744622785	21.433428873909435
333.5165028290835	147.949500119085
237.959373558413	413.50180419948146
107.07309727559841	92.62496901197042
387.38901824331913	163.428727488635
292.9619135307116	203.18803208702968
109.94196225717648	55.7562003926923
218.86612200158567	175.72262638297886
127.30762114284177	46.734318380146064
304.67334382552866	231.6434320922929
258.42547529408273	7.361088023231491
161.17459830252048	124.0855310530098
365.6559453159342	333.19794027965133
352.15428243737557	312.2242785926118
85.28610429313157	395.8990689382515
215.54731975933987	369.85960924091506
357.09242266157787	249.480892852306
280.9781554063004	151.2788160098955
140.07203959590103	287.38824376903085
377.35815023517335	204.5550266242581
381.7914152164425	252.50481361542572
102.50862740537677	292.67400291700164
399.4204525585351	208.11974405127197
86.11759705687561	31.425340397750045
366.95549281937	377.01580282955865
176.58112885314824	118.25633162300956
17.07828333518402	220.45388673532864
120.05506702249016	106.92921365224252
223.95180480189927	377.4786719806518
167.27700092589987	52.61508077628885
150.88269793373348	61.461904009152356
99.66433149662107	374.7500029235028
350.6129694026121	227.87884343295968
298.6680325418573	330.22438563359316
72.15832390066717	216.7579578721701
5.612941563327613	55.4073746438638
21.82456798637031	249.80640021700876
294.2234627964712	53.55687970608494
165.8587088296185	41.37792154897878
292.88291486739945	216.92765463119036
41.56237085445512	195.7242644515397
284.0416904560948	201.21828291739382
250.546923743485	88.20112377926563
56.155385122237014	45.698292483688945
188.27685816261638	144.49731530463802
74.00363340622941	99.6781056159282
300.6670409046469	311.8136270045582
140.45903745470463	394.9435363351971
45.41683190240838	206.70104330935996
247.79890826131188	253.76339967589402
73.51869946651078	310.7952457038419
290.041368585621	236.62607593347593
310.8620075623232	370.01257462113125
229.08099107648908	161.40967928813404
63.08345082497339	56.85127850837029
25.08636251147255	174.8381516253044
169.57146320362332	8.572072625022212
383.63202968018	404.8220807937291
352.9455262220132	399.32870447211747
37.71913233802612	114.94790433988376
305.8880480222505	63.01490621417709
236.49360562134828	123.48507954443089
170.49865797092812	386.4648731067497
270.4022772122307	157.37053169774913
276.34963728358576	219.5819548317175
21.0811564516673	369.2900574692216
318.52105348216696	388.1400358836193
7.298184934321635	130.26472434137057
82.346979652159	107.23956449158537
84.19167816946711	258.0679051330832
405.0232015734838	3.8299871810467665
202.92101550242668	182.64736570521572
87.63963721574808	75.73117472341195
169.21137879052216	220.88341212157655
328.06325682465314	136.64946737807477
75.49445578379975	346.9290221083303
329.97041786995527	316.94829491356194
93.81179525119147	125.30660909487716
184.17381580221965	371.18303470602945
183.50881041561934	92.02774224855847
278.3354911462933	189.4457656048884
256.6370574437855	216.23814412294962
247.6224679354961	18.13636263529595
79.34519696777893	407.2684676348946
278.27466850721123	244.55519310967395
158.5672057467683	83.25723302252399
349.771637755009	259.07570238437467
57.58733893753903	98.9111346839004
303.88017654397277	300.705797245555
290.4395088597122	41.63306332640468
209.89655474475103	309.4029210704037
25.71042157978291	358.81121655432594
374.9786030846829	186.5494518795839
405.2840602458237	309.8693898122323
93.24405099026623	235.2064022669233
365.99241577347755	141.52379009496542
15.736939306163697	160.13335278342564
3.335399702634755	235.94348259902006
404.9876824227066	217.01925688352884
335.10202982198854	370.3530660522381
302.5276444757189	353.14288434432035
8.842256107974059	29.03773092301927
155.06860062512612	155.97229820572463
79.83824603638105	296.2241486635787
184.75526171911176	183.88362186879078
327.5904518611349	61.95229205014391
71.5042108762653	54.680312939879215
243.6719177358506	95.17163123032618
382.337625059669	390.93242979892614
401.0762755362077	249.34483440932036
66.92885995483498	199.14976940789268
32.292741069940995	370.8068497656508
105.35993972504257	7.232786439445081
209.6880639546749	175.82420090379455
28.065992949103606	217.8809467844503
150.31145230782576	163.42388961180743
31.33755992621395	200.53477919298123
348.4233984258168	35.57440260349985
209.74801889610583	115.57684458546457
198.01732177354626	201.3237670905238
122.7898263144182	317.13503982703236
106.209971277907	238.57291998147645
88.846136316273	227.09893460317372
84.7634810806601	89.35803169585213
169.37181779952616	246.25740151410878
30.51747982289823	248.40502408090276
410.2074345806885	161.71375655138493
68.98427144530152	240.38870698631357
135.9555213309729	53.48503126299407
387.5491742123342	265.15291838735135
412.94709103897964	244.79036037928358
0.8436269604285127	382.7692966862651
13.893274799104494	332.28999164067125
181.77452417911002	280.9141386910201
110.12021424579613	219.40899338533058
173.11617240644702	169.08858142085222
198.10717924955716	356.7513087874592
193.94212054971402	131.6773744697304
267.1768633768486	186.07509827105096
235.6152724430944	253.45438721344277
166.26886125210874	417.482597889822
258.6888284505539	166.27871183985738
367.3104129836138	65.04906641875974
162.3907476317577	294.70552698076807
95.44599569831097	286.75380115569754
112.31918619989065	325.8931073369964
354.62885311639616	103.21563979697113
415.5471527768804	176.60496396864485
60.24744397969546	66.67026234538643
360.74461529549467	115.45599624933288
289.60607635760044	134.77192278634675
323.42417194819416	410.86050074323373
370.4437744131392	166.5880989585758
320.3183591637575	78.0851313989067
177.85544896508088	359.8411367914485
417.4322390279835	13.75684812022525
152.414345716937	172.689759031854
218.90469523416834	115.87243763759838
213.04326344045455	137.32685100157704
21.948813074161016	303.42769235625207
344.53579509637507	96.58317022928013
129.0797779344505	357.25681356058
146.50845586996164	9.616445926893277
148.68859834836294	383.238201364306
149.26954259815767	393.19354790092723
231.99282067067165	267.6006419260018
315.93314645614674	131.06766314890214
205.4109342546575	286.36626598149684
416.34564054909754	216.64011129869274
49.31552983789228	86.51166857691483
157.60977971527691	344.7084303327575
134.00434016442787	2.1684461205470176
343.71074870858615	159.11444258947603
340.21878137647974	67.27747881146493
274.3086479449644	34.16094405320277
265.82446815778684	214.99266231732807
241.23888617682306	383.067933477488
23.568661165337716	151.56712564156146
75.10588809064039	26.406051881879915
233.20262574081573	45.104113317311956
210.32295053662682	80.9031317838976
350.44441474177427	153.67969716705863
282.1261963842318	180.58443400973303
324.49349836818635	274.70297825717404
348.359749923664	343.4734880732966
188.3588704744917	115.83077363311436
281.3555157923445	51.798672843029195
176.08755591454465	147.40240419232168
147.97645924264492	87.51778591274946
192.62486252957518	320.47397319993985
187.3458059436717	35.900799866639375
352.3813643305419	9.10905217435402
249.85050906885772	238.89098737565502
89.40630977924391	61.62492394455207
245.96054228718836	349.16142678967014
311.3911879940909	282.28080505241337
250.5120190732083	78.15740370033824
373.7443864227366	216.49552423477604
288.67302300449126	383.5923453965252
57.286932017627585	330.8119249087244
119.63135816757841	51.471215265813946
71.54984379468488	279.22158330505636
192.9549233975534	287.4176284916429
10.76836932823876	323.0258498178012
407.6598292950231	370.41459835685214
94.9944496551481	214.11444672346724
287.65631540630403	280.8123161436346
105.44133892211424	312.4806085117808
375.61049168868425	320.4046579689977
65.97772621509783	230.7377775474886
198.18337412601616	35.736474801142215
366.0023726753302	201.4079674216719
265.53774017771076	102.00867107191448
403.7128202279868	259.42330240703404
21.167651902673537	326.31754606742726
23.214095771664763	274.1035254683683
152.21112246138074	51.98608281472404
374.8383095486368	234.89590238093936
50.1645410507728	178.9936294934152
239.08171970798446	313.4640260580249
342.19287680359025	267.88130397087525
18.545115632957618	128.73136903293306
175.69354378267332	209.78069605961358
198.85009358812522	24.16864257246984
77.2637116536335	357.26389163268345
385.4445913653432	134.93538061115683
411.94864213078426	103.06861693645155
112.10160620768173	283.4990720209997
343.62770760759827	81.24597049931276
38.26504240573742	172.36051677111558
186.1938914916213	54.92458821978304
244.77425289640624	50.49271408843703
403.55468455297205	154.6856536986883
247.16432030885716	294.957246685727
350.7918076864766	210.25219362593313
209.63696892972928	299.63420564118695
392.87823176334166	99.62146100528324
107.46383694294657	179.18821057039318
127.97636364055221	306.6422453617198
341.42962140533064	24.47161083774055
417.26956556363825	252.63311680122348
35.38706771358829	359.7485088304237
55.07602462987	33.3307367303539
355.69921639755194	126.06569599980052
190.43416270644136	217.99629650708093
