216.4960080242516	303.014603501123
109.70356769808001	323.2623321914544
278.10607328818776	368.53148492690366
129.55305687170716	314.0318067122725
398.0320643791649	73.29544897879768
363.0276309367308	278.7561246028605
364.7303279237359	352.35052235591985
376.4602523265254	217.46560044229554
271.6195727374624	408.64643145637837
196.72948324408003	300.3763471132871
261.99998350925034	119.83805255976348
335.5195192468668	119.43265234654268
200.65807909238669	173.96143121027208
121.19759566212764	340.5853763337639
222.10130678342935	362.4495481793473
130.6311948115578	111.1519397834099
313.82433459860584	330.7391920807623
0.7512262835553575	65.95036743251018
325.4678243298363	314.047391771002
59.58881609390459	279.82727583973303
104.40642199523356	247.61731816803064
177.19883523544277	226.31245655096222
51.649346198219064	103.44978147304376
66.24597031288768	120.41539545344048
126.96989880683407	221.82355410067456
153.64173076365967	364.83417560296056
79.30423632186879	137.69803852537788
317.81725687875263	198.81811958462328
338.3867407163121	294.0231644062735
346.8598469316254	264.8260265250276
96.71036449694932	372.7098615625074
305.12099228318567	310.1938721095027
180.57841245069304	251.05123225042783
87.44252333589095	390.8900808290097
132.95787859729995	147.7715528719177
163.57064271104505	326.0110450884648
311.37121391218545	390.82052451831345
389.5289004452024	127.24371407757363
400.53035374448	33.079391682646644
126.55041092538639	396.9764391572622
285.671023268259	306.34713830471907
283.1313417613489	348.15926731039394
108.10608137122694	23.775618707068904
60.73845443547988	145.29183041752918
203.54645146333826	403.4465361939659
4.184008296351817	270.37757112514083
199.49377867536396	71.34482329679824
143.16183299120922	335.36192028108184
45.566483935129334	341.6667724079417
262.1762968781542	85.44026801448771
45.40382799325309	262.8344619119787
14.295839951413873	408.0823607307721
371.605784062263	386.9791670718596
329.95829681641106	399.6781205818523
273.81424262626456	102.0484873432318
324.72206372153073	352.22698492261713
151.0260096872358	110.17971484629747
181.75802909979447	81.23436152512363
195.1886560700956	235.35657713436876
389.0166455395968	323.5087699327483
416.57076578907066	2.336965433496915
224.54147317941712	416.8797726309477
250.5223276422037	159.6892084419456
8.092347895092818	339.16731949877493
336.4064186859482	335.5754408374848
392.294800479067	96.26779659747464
32.988281960851154	0.48978368188638705
257.056884248718	314.81479010083933
30.077664340066534	109.82466835528818
257.1774386878486	26.729415842481192
116.71232186227941	204.49218879070645
310.2846717490271	12.621496023605948
379.9820229371589	365.6433575421105
383.15402832670185	22.740573690271944
367.6554727627962	258.8667405979426
46.47607891457223	404.02609369387943
369.4608489578997	7.322063637029738
142.97537751741686	129.90405137853944
174.98892369934217	273.12423114173544
294.12744885406846	104.05970073403383
99.56282629183049	134.73492026270173
77.53936000615596	27.506787531820773
418.8282164627203	291.1953026634608
174.17350687834104	117.00858060149785
37.960329448254114	184.2196343959632
140.83960883579738	252.1042976377685
215.95013027675853	27.34363035986586
10.899331150661258	387.38048748553757
21.86064985652839	152.17082936820273
411.82619102735487	125.24681698176833
93.41967976751216	175.11230201256527
168.26849046720437	20.700691338570202
416.65977322064987	322.208815057082
362.60323518415413	51.9088399559886
277.8769688538708	199.47746725628795
160.36634126665757	387.9213131435117
223.37410223656414	397.0758021586312
123.4787559745611	241.53648184229246
378.5366513438182	293.2713360537011
255.19957021243363	390.4028037922049
357.03521800374574	372.5301685380301
52.85511037336374	4.544053500557774
33.70958986855734	85.22969927751244
160.40058460168322	194.4448142787475
211.49719868287045	379.7032157511461
228.09715810855278	101.22738426015172
377.36379883621584	176.6851156116306
56.28595323711883	299.9642457486503
256.23763870136145	369.3185896395245
44.572781925719056	123.6805910419652
137.35229589832508	271.7379175924567
366.4300920639722	406.66313149157406
322.14117563785913	28.99911895410129
400.75641817776585	358.8430153921434
386.10059189456217	344.8308452963023
52.28777325156972	321.7104702471717
39.40556514367897	281.75703972684903
127.58870898443413	19.621206760720682
21.792371203045604	59.876553735751415
175.053708725827	401.4393456420357
158.35413213771602	261.4536874215013
201.74183625331924	361.3379219820101
363.6066184503429	94.14863164999133
364.49419340176087	29.605451813853406
75.10007534695922	374.20524044117906
403.83622937519345	268.95080711846526
157.23481786952127	286.4070544472443
55.31642611503369	386.09150465994793
25.202785607486003	349.62791216687276
90.0446503272561	154.39385623010799
111.90520085339334	418.52822134139217
411.6703474956665	197.9132773907206
252.45063960177455	272.6579906852741
272.6443880957903	160.62529224100842
118.93867316384106	94.00116070271645
310.0905457703012	87.2522420855411
196.11334218418514	267.89041181318896
71.96250375180053	166.14807191983675
16.388069576815187	191.59415859370947
254.73370321151927	66.59875721326814
195.3898614451695	193.70876113126408
297.2647900890887	169.938759715234
162.9737720238623	92.75702810998526
180.54299477989903	312.93623488974555
20.113085128746942	288.0095818140037
292.7081857946319	399.2578527253202
233.43655369627547	148.45816113007635
247.81881481552452	44.34100470195913
141.51134257133322	205.03076468407494
336.6333220005975	189.48442537299408
147.99745674204857	31.503160482766745
35.525511765150775	45.35174531792921
14.870498302966984	94.415234151754
163.66098325007636	346.9546701406441
272.55176169486936	330.92074069824713
17.41232424711177	36.17764798097593
382.04082564292116	45.78851245220155
69.46640298273314	403.5813459894678
400.65702310374746	53.273264306436076
271.0102425667364	138.79679799974463
328.7213229709197	48.6460335505893
71.93824751397753	315.0617235679961
72.85184849959819	4.564688553924325
205.07700601815407	7.386523016773324
316.4077097807611	178.31941638303758
242.73962941826193	408.7054182879476
110.50237962903014	113.85669764957721
402.2638681500578	142.91917088114994
296.7968311300675	211.15897692773456
100.43796431980307	42.310219181534954
255.9116569346694	187.79460869379355
136.907685026153	52.7194608249012
314.93597589430175	241.01335470868554
267.94763619766593	9.744583703123205
163.45154072339733	134.05643099299147
358.7226988119998	331.9135652843625
358.71131098127364	298.3885680073707
106.2524282677922	397.5522118177106
242.1530588892586	355.2240285956607
333.22057775091565	232.22018559657212
309.96782572607765	153.40130399147336
137.42084785339986	294.4722914240327
371.22688458526596	197.62870954767283
370.28221742163765	238.54007235129447
96.25764037618104	286.92243930058487
391.6832246119657	191.63824274332933
121.35897843695976	40.13607883691475
349.7923103908738	395.1995414598838
186.11588572819215	100.91405140435397
11.088984874942724	231.57818705943518
121.0847657032907	131.42957989253452
237.4329835028701	376.19157705363233
197.0760241272386	50.24534962827297
176.1985042203983	61.39722125845194
112.45943335497157	359.33927016911196
315.93238338054005	220.83458466454024
292.71653010316214	330.27288450682175
69.36531075163853	207.06174052856463
418.851693328406	44.73003088809717
31.569413639185303	247.4928806848791
306.76981978202696	49.376853889825014
179.32717647829332	40.84281236882362
292.2879069642344	231.14275904343376
59.434139890735736	181.67444097651412
298.6755818956779	190.76111615039588
251.99095236144834	102.67650565794203
55.357056288329574	47.754698308692326
177.64863820994051	180.62354001125917
80.82855685042419	80.57467103695018
277.8247675445942	287.3714342300557
150.59169248639793	405.8967655329484
30.49786491744918	206.44441415164542
277.30879295958823	266.0350106914629
88.14624197472355	326.9226759120055
291.9674747902341	250.96914202170808
317.5927302039438	371.0111142793741
238.51117280787352	177.66736380713598
65.79111471351109	67.15783906711609
21.059577881718152	172.19958868271857
166.70701610670042	419.4311587039042
386.8059115117045	407.54522091499075
350.5780480693236	418.58926567343235
23.455250872808065	131.47151752940653
295.9042451169928	67.01459905036516
251.13987456123817	138.90945786495854
190.87718225760466	388.1868209789192
301.637923614075	130.98897615491998
273.32947514263395	223.48867773932184
30.75759166234151	390.0333295498005
309.9951056798149	412.78900083998457
410.68613248875334	104.81467224501557
89.41393858883457	114.20048817109556
85.78258129004556	239.9210756076481
397.49911576498505	7.859282480890196
234.5305577090285	199.46241157370847
105.61896370519501	76.52078136962166
159.14553079937005	214.63970646706682
321.4079787304803	134.68576744155015
60.074428308853996	360.68620570740535
346.87121785218886	315.5644599715351
111.7229059062571	155.00473090819074
182.52446765288784	354.56518318213443
207.34744308792972	96.4408834552864
279.5168217545571	179.72055208889319
239.15804392523856	218.86489052406293
247.97816388521557	8.025999076326567
89.08860811163609	410.73722786218474
271.94571117267475	246.9028456411324
156.23034967996776	71.903070741754
330.6674309896402	253.29279272064687
53.86399258357253	83.20533360747655
316.15163886123	293.3020770659451
300.7119384473938	30.376710864932917
220.7648556039333	323.7595618349845
2.2029557587150115	359.3814297759142
356.00562699790356	184.91026646820282
405.2175807763849	338.6317166613311
105.09831578214073	227.19059693753573
370.8550703994113	135.70135786730327
4.498729870597339	142.4660005135447
411.84697146641776	248.04378665758998
396.68288300703745	212.015313852012
337.32394426032647	375.135877685913
303.73386061313795	347.89723804954616
17.08086429940634	13.19620369445046
152.65669489325396	151.32831514457976
76.94303369585637	292.5199039690954
177.8080189502853	205.33231896560358
319.2465864825506	66.08727650849121
55.44122740030999	26.69065096842553
239.98235347228825	121.4536561082474
414.4021486469255	402.0076322869992
391.53930782408105	232.54474387982228
50.4830552351959	199.79247388207267
19.83522215139255	368.7795459853388
93.00480690830253	10.75654933178269
218.43871922834185	184.00822547779413
30.42721980601332	226.84442204386153
133.6363656978551	186.19788755255115
8.884904323111108	211.61304513863595
346.32632318690077	37.92422454147824
184.2444699828459	137.18784582231925
214.6450915347605	204.14642478660255
113.31487476522656	301.5361409296917
145.45789647526468	231.05634854041492
68.88024833333976	227.50105760497664
95.66614042688644	95.00923943058142
163.20455867769357	241.21321830060424
50.51521867117968	240.49810620746499
0.6423893538109376	179.27739572920774
69.3192249346295	253.54918925924366
133.03465122218094	73.0017903575676
382.93189323587256	272.7161311168182
389.1857686036641	253.62273549407735
393.37575279858964	387.7523937811983
402.2658763416752	308.3889574603267
176.00425693434389	293.6184242585301
95.83226168012064	200.39556227644474
157.63238688369046	173.97477917477673
226.05105627556668	343.0164566958695
196.23625765613826	153.28456009057138
257.9758351837535	208.69291202568508
235.09025545875767	239.7052348859011
176.67210320478867	373.62320321327036
218.6813188773775	161.9102411561747
361.02935783487237	73.85656838982963
154.30122242474206	307.6533965432738
98.96801254515347	266.92900378719463
100.92051772626502	342.99132669862706
355.4865859684699	112.78546387613109
398.35155995257713	171.68924484958754
41.675007420503334	65.86713288697547
376.49139896626207	112.00169178393816
283.53343821881697	122.90459936270373
291.3432019349677	0.8760985607509321
359.47779586046676	157.5022888780027
287.2047164038115	85.05629007239078
205.7294849089384	339.58892585223754
0.5808215449747677	24.640633025423206
138.62194117808562	166.86930070961154
218.45355747095255	119.6630013790756
212.17427429922242	141.00992816414293
33.26554411155978	304.34081703920845
328.5339266467249	98.66551733612067
132.3508103933869	359.0655044221062
147.97998173978013	10.674483590078465
120.65017228139571	377.58873694349427
141.6099091559228	381.2688661599208
230.57281093708878	264.3244159736554
315.5421835871086	114.19967935976311
210.64425470494675	249.29471136291957
410.5135622664391	226.6100785650653
72.86270627640101	101.5279401995897
184.01406644740743	333.21334347199274
132.93097837461067	417.392711667583
341.9883164434464	170.39916600633174
343.3615236741034	63.94767949551531
280.68329129760195	26.399194606800727
255.09213719640056	231.89491958995657
275.80863175731474	388.5222328869574
39.95418852555391	143.71865275334216
76.00620262830894	48.37559709995435
236.1116430921394	24.43476803819161
233.02618604907715	61.58858499045968
330.2171238572994	154.04856106697767
289.8688180243313	149.50252471943836
326.5712378729133	273.57538588959113
344.65410823406665	354.652582730637
197.47502921793514	121.8218807771916
287.1779045315796	45.464176724367405
176.5428121149196	156.87486447622337
139.70624001930915	91.90503766154158
201.1856216037227	320.1891894892489
189.35445015223806	23.583868307163222
341.8213911055933	18.59627207305677
250.65784797236057	252.90751044548622
90.35728801005268	62.604419146974934
262.8346864432702	348.5141703245169
294.7135316396809	275.6762246410445
238.7222409716055	82.984684832459
355.9652471200152	224.48204731357177
296.91955764551733	375.40096926038905
67.93163359979579	339.4072376867185
117.24329810862147	59.93475202086345
77.74725879172937	271.89161417993284
212.05219031824484	280.35345523842216
13.568779363812673	308.5831528955148
412.89864457279845	376.99750067998355
86.88688523383644	218.217333577037
254.44291686235417	292.8065897046363
92.48716524249691	307.3163385332532
370.1390285957336	315.26683061854345
50.189428819583206	219.69009402456794
217.19070715942615	49.22690582050465
352.6367170605076	204.8112364480117
275.4472145451495	68.53144612299687
398.8401485552924	288.22659405533835
28.074545276413904	326.6507885735919
24.909572616427347	267.4978997832266
157.3014373183827	51.28441697677098
350.00599414507246	244.46523616503904
79.0480759925858	189.2303276486716
247.61645360881744	335.61205087433166
310.3768650804939	261.5516205077727
9.169735650354752	115.43514733398855
197.17008741010852	213.98120827125484
186.5675790008411	0.1226246527053912
82.93281156331449	355.47722929081607
379.3646834721661	153.87023513989314
415.8697615770051	85.69202755777778
119.85255257654444	261.1716724588095
343.9452680337675	85.63998535508603
45.87401350590485	164.14569689507275
219.70993319795443	76.68327699488204
266.91634136070587	50.37629367664379
413.807153828114	159.15065992865223
237.13779935025278	309.42649520584
333.4670502065519	211.55641231934158
231.14736715572596	286.8377543520379
379.4954793467035	81.06945631555082
111.55160149654085	183.59208536071577
116.79988407294708	281.4426017471813
329.6519211070318	0.620288523876142
12.154799096678271	251.64156583149628
41.724824725024284	369.0474497578315
34.09244824595661	24.881913793541422
348.3825924219228	134.79197837110837
219.01997690984686	226.82574117563402
