213.9733351310603	298.95606872399844
112.6155885704407	328.30182268816577
280.08885344321476	365.25790904366664
131.31521847785257	328.90428028432717
389.610210250631	73.53316484546794
368.7364857208407	289.3318744703688
362.67117975430347	355.5474559572714
374.91856404878524	207.43505055593056
274.22018725895344	403.13364472327294
195.44599707203426	290.22958145503327
267.4513696873671	118.11547046320337
328.3405366919163	112.92007688573085
209.97960189473218	164.30072412257582
116.03132713404258	347.8758146879465
215.34660504529572	360.7639647654481
130.20355150534868	103.05498479079297
316.44389854773164	327.86515947263837
419.39504407425113	68.46091716834938
319.76178909849864	309.11422467781165
61.799179596660125	279.2199153609855
94.50671797884017	256.29702480174836
180.8504671219461	227.0938773363358
48.77875447218882	107.30790860968148
72.10554676603455	122.33173413462242
131.67763252682508	225.6304240268922
149.15142093758806	367.66572780724107
85.78406768894062	136.53307751965804
320.4770214110311	191.5829357918901
347.11103229554186	285.7257477852268
345.4752475739845	266.5349525133421
90.58256796300107	372.1204388670479
298.6104347451398	308.9314450010966
181.93966996263555	248.07183885481095
79.70792569048236	392.7406010449007
132.8108256980437	153.82760690151648
156.22832340257054	330.69444913914225
318.8340414857663	384.2301601405077
393.186382288581	121.56102001121947
403.1736952026404	39.8212617951974
121.2529541615189	400.7218178107971
278.4409796696487	312.81984003182976
283.17737572896095	342.1110234910326
105.47226469666428	18.179059115619896
67.36781843176578	141.68737962237975
200.30760090065738	402.3273989930721
4.9196995059576345	273.2435430164431
195.77746880566926	74.0309880427183
143.2571316253702	344.5667470353671
47.64248268496183	334.5946520926633
256.6434239154176	79.98236997056787
52.65984468125662	260.8265278754209
11.084149867374787	412.2027101143388
375.0066266450701	392.4998483551183
333.2807298683907	397.03442821205664
272.6162994016785	95.47352408298791
328.24022002854605	354.82094057109845
148.45281704586014	108.37293858582301
173.90918863042515	79.27794940045165
204.43388104241097	242.42180118073986
390.3772042258919	326.3898836894186
413.7267562442225	6.849151007826174
231.85532710429288	7.589358552259364
248.38603241045033	166.56227090687196
16.01277652939442	345.801895900538
335.2250376754128	331.1957521485171
393.4071670258007	101.1417637485021
29.050916817392984	1.7470381653973646
259.86617318211194	315.2933295818478
30.515177215070114	103.52891168874565
261.16276775879663	26.73132135638517
120.3880946322746	198.9869054003187
310.53250936020106	5.870648257466184
384.7225789993849	365.7481130375331
385.12801449073413	31.028980283496274
365.77652392644654	258.6721009223566
41.14156837981826	400.8277197554595
368.5896456011901	13.114306637647166
141.2291141622761	130.47948748841415
182.24617855290924	276.059673341295
297.25914226860647	98.37319778083935
103.80157366137716	131.39743757582002
83.17046862179546	23.029792623368103
6.666929962689518	297.9962021855777
167.46203531265388	118.46806524432506
38.40520009786771	185.42098840319287
146.5259584739168	260.2693448367316
215.48340371965253	26.243116618572667
5.971941005675171	393.3914736036087
25.37665614784721	145.70597269638947
416.24412548383907	127.29629871749268
92.19598112509792	174.75776119816314
164.60837588912952	34.426296748941304
5.305602006738942	330.4143797007211
364.00124188455106	51.286403090903725
274.8334142509862	200.08107922040656
166.4802035055714	393.45384265181895
220.95321478159912	406.3443127912344
115.68627618792549	244.4504270042999
382.0100080879959	302.96477274702465
255.57178258013434	394.07787296937283
366.03341503174323	376.19393869676287
52.670114953515714	0.18382533821321087
29.3362828484804	73.29976909734133
160.28637246315614	189.59016788112712
210.83903214891623	379.9449288453914
222.09777787223672	97.49608878019319
369.46366506099594	168.24475787348194
53.92934935624109	298.4546766066752
256.62810349870665	373.76893518432604
52.8322525948186	125.7547965704886
134.91295834931395	275.0053709922246
363.7170322622872	409.78444284981066
318.1177399272269	31.064721176652387
408.31118959591396	356.49171962242286
382.786364914367	344.104615624294
40.906669716820666	316.02724214756836
40.96602743492134	284.19270650790133
126.69155966002172	20.285004854163738
17.43709751955794	56.33451520119961
178.9367170881438	409.7234455951311
164.95289022449944	267.7053183156721
195.1446908448743	367.89343320950843
358.9520616634873	96.64541657359172
364.6901606748572	32.38593564112439
65.87759656441595	369.0774860957505
402.5263004617995	271.2511290196311
155.72343059834844	285.29013645795305
55.22535514848975	387.54000110382276
38.77215710150314	351.84705569434027
90.03062558742077	155.54663761349042
111.29284370133078	419.5746184082929
411.72676230253035	197.6150760764489
250.3111432090527	272.33797453549073
267.47422077333357	161.03283854453176
119.07639163905725	86.11973106616328
313.05954345212456	88.17943955178741
195.16033461001877	262.0499901816897
69.14743061356991	160.7196308623937
12.289318228986035	190.03934011066673
245.84161539719904	62.325555138032726
198.26853822159674	191.16245290351307
307.1008808213325	176.22522776240382
160.13644840515113	92.46426508485763
173.4032292897184	313.9993359270772
21.149366214239524	284.23781319247263
294.9261001026482	398.7554084441396
237.03982653623433	137.01199377163704
248.16415354601028	43.27808421544311
146.76612062065357	210.9577769934476
339.3211700547553	191.88977911559
147.68389000892688	26.642935168171324
34.883824547687745	45.75747238463012
10.731856224798621	91.09559883089291
161.13861722049592	350.0824308984673
265.5233834353508	333.5537471831256
17.28661563298507	31.902753728108348
385.3518539174856	50.65783613231034
65.71851521973896	406.6672200972897
402.93666286164904	59.07980382001936
274.89069783011786	136.31140885255633
326.1259262615151	48.488622307459856
71.4609488407862	314.37744949337696
70.64207509125762	6.578913810623872
213.27350021278863	6.514941133290461
321.7902983505153	164.47996897979692
239.90991586149738	405.8109164497593
109.86943629765167	109.9015326143124
401.96768611902155	139.5749069137574
292.0375685259467	211.70294509043072
93.97856553853948	40.845863791030105
254.79276508039584	188.94412456019924
133.97963640860033	43.76844615871352
311.51276046788223	241.85790348401565
271.72762021563045	6.455569970567341
160.38093470068537	135.80476459583764
362.1645079260709	336.49662050840783
357.7637962813624	305.1869004716703
104.13691575570431	386.4660218251462
235.34737275108523	356.20867801550526
328.78393543561947	228.46967265956945
307.7297813185411	151.5979786904549
136.4606131095338	302.34976242454024
376.01426099237665	186.75583750555458
372.7477065478122	241.26312720522674
94.07106341029774	294.7861397250305
394.5520549692227	189.71567260943192
112.59602456891024	35.891571362512515
351.70786558721693	391.97766026929094
183.60792424764472	107.56633141780088
12.686926807127028	231.46209895180465
122.61836559127885	128.66672125849976
230.59507432537785	377.0874164914777
190.84191658280815	55.478727220458865
171.43531403122526	60.288646530995145
113.18644746087784	366.96517272091506
313.5634553153307	209.96741606965108
296.39279121576743	327.5910888020901
75.95119462434083	211.35250615491796
1.1793325734806184	44.84152297307752
28.35462816912735	246.1368304772376
302.8419924465386	41.865623604472916
183.13742622494541	38.081222116054036
294.76923545320983	231.06129093171788
63.51934001578958	180.31760005986817
295.9154567422684	191.2333561333751
253.26784174986958	104.83715259501784
52.5786794187713	39.620446886669015
185.3453580057762	167.0022026901581
73.09393911846347	79.33354079984407
284.63113795484117	293.49560347500955
145.74815122928703	405.4126842135807
27.18514392924519	201.90303080002954
271.40755703873043	271.76840037454735
89.52295267528578	336.66302781016293
290.79484270776726	253.61268790574135
311.47021259717707	365.31530295438563
237.01730629339983	182.03442264809607
65.02114063722705	60.91300715858062
23.49858923399195	171.01578588315462
170.52321073682015	6.6327374413202405
383.8321223955185	414.34734798630774
350.3726483505111	4.1292377663965345
32.49252895373319	127.62901874564449
301.466550842647	66.6799654693214
255.6127408993415	133.15901399991486
184.83843314348906	388.07660332007805
294.17099112190647	137.03961202589298
276.921727070004	225.49261902444275
25.472987518241492	390.0455845639561
317.4329791333356	408.5410804676173
417.39699608266426	108.30838800167227
89.9739749738404	113.97448039668043
91.84956062313674	237.76519961200287
394.39268813749715	11.246600434716939
236.29393542047583	201.9849518091069
100.05703595045942	74.4476133176933
161.74523413333378	227.26691264854443
319.8516447495838	137.34191895104425
57.84485083040139	350.96997657554556
340.1427953204836	313.12339212838435
111.29968699059985	150.19827486688345
183.02073165244394	350.72440022493544
196.60737390354518	92.76056135581274
278.83984592669776	181.15441135876614
239.96844536842679	224.9722683263327
250.8225970406145	10.770537224614973
94.8296326631795	404.2915007477374
270.89181974572693	252.5372855406252
155.60022820379572	70.46473212994974
327.73751851784317	251.21182718415338
54.496281230371714	85.47962514780669
307.3091385507497	291.9711157208011
301.36532982297143	22.085496306964206
214.1621123824947	322.0751586167862
5.726980868173675	363.78628986730695
356.17480443714356	181.98463937517863
407.4072858269149	336.7684874748803
112.72265211290755	225.06194973773816
372.11999099191996	128.52335003056308
3.375304916834774	144.52472266770846
404.642998585986	248.1221203417799
402.0764538930651	214.87488483716942
337.22521191242555	372.15689285673875
300.8006914743964	349.99215992676375
11.920018184406532	12.29463324870922
151.59510650792734	152.67472045753183
75.12951953447448	293.2485104549926
178.53792579954688	199.4073156633683
324.9243039708508	68.66786605863699
56.01296641906659	20.223182525157135
237.1174504596375	117.21684246369047
409.20073002967246	403.32400500571595
387.0617867069706	227.7763808106387
56.62631435506932	199.96397907884025
23.579118264420575	371.374036523467
89.17816266316278	3.6894363982149407
215.91331064388038	182.49367324226924
29.06724620298686	222.42250793824917
140.52234250096288	190.33130320816466
6.132535445130801	210.95884121695667
347.0824449745548	43.28515037978859
195.5933600546293	130.62324451476144
213.96741606733036	203.9794378396995
117.8540944642263	305.83092121836785
142.80052532934013	241.78369673552325
66.82979905274452	234.89421678280394
101.14937477484152	93.04195039322315
162.7941031434254	248.56436633847497
48.85761075886698	241.84751422393265
2.5854065574163174	172.81379377932183
76.15569154429922	252.98857109646343
135.44077893361438	67.09595950427408
380.88914250904855	274.2005347144856
385.5972743295029	255.54792892245857
392.07845568578216	384.50816380936686
410.11836453255995	317.11688880354444
172.2196214587778	295.1680063946698
102.03859268727814	195.32929974081912
165.02377733369525	168.85618459893303
224.8805174725334	340.45230508282503
197.2442817166768	150.6299528558103
253.93222968128947	210.90397298764609
223.4130226901021	241.2092503675821
173.34757860143338	367.9734273361397
229.21717758948932	163.22704483264835
366.5015224899476	70.28838663528136
155.09165881120794	306.61807522930894
98.5036870725593	274.63825272498
98.13322722908603	354.7131349018819
350.02220971157624	114.0588824366893
391.59426850235445	171.22583195861174
47.42312003542348	68.21426559056763
375.0780802093913	106.85248752026465
286.1122634546081	115.55297420459074
291.55271177071654	3.864152484322042
356.87745982464264	149.96049583487917
288.4971703095276	80.24119599757618
198.46890896167247	335.31644899179537
416.2452609844499	25.941272404406135
145.43829804080505	171.8083602440874
218.11471835800637	126.21564188256646
216.250847298234	144.95327702738132
30.919621792436843	300.3147644664648
337.68193185501156	96.70018699258047
131.67560421682043	359.3920456118063
151.4282091223921	7.337736864332044
130.28141519761343	383.5836663784577
149.06410010604893	386.5745585521516
230.9567530554504	269.0915286149556
307.5274289212067	122.80550490298712
214.05717813359857	259.4256558141144
413.674622825227	231.22156767879173
73.13749393751533	98.5065192393454
174.87410308315455	333.2469600279802
132.06678647681233	418.90633138856515
339.3704959625705	170.65514549745842
345.32853663425146	62.037224675901776
281.64676430312323	24.100036150401827
257.4908826819846	234.33785701363217
271.8293791734158	384.63068062433086
47.52126765012951	146.87855676800118
74.90668909657005	43.21206675720256
239.49585747460793	26.03146429271188
225.7669352204187	55.514969116794084
335.49086135737264	149.00384209669105
289.3074618601698	156.97117719762298
326.4997658619486	279.4273194722841
345.85038452864507	346.58263709898483
204.12852768899245	110.95206626610084
284.18219767003393	42.935425023893494
178.4221195920587	145.061016332042
138.22206506510489	86.01891315012867
196.33547188078202	314.6342833546155
184.92641656707872	19.40129203324837
348.155630792378	23.298983390712973
239.5653539226557	250.82765868050424
85.28605668540754	61.335665757496635
254.19793161440276	351.6275877455966
290.24950625593596	273.2488547648506
240.4448157591904	89.8807142053559
359.19897912332766	225.52785251766278
293.8980697779938	378.87613768893704
68.66390297845531	335.34049061021716
116.61971713157045	60.417716911412896
79.8802454425333	273.1694453838784
212.3105063307716	279.6341410975656
16.901557651968545	314.4330425091891
409.58522803717636	375.5350305820553
95.73894370435535	214.89356124758427
264.14624381151634	296.85549091684913
95.65775253200044	313.6342592783464
370.40589032019193	319.6737490054851
49.708213686272416	219.92339342929364
207.80943302265305	47.299118962120524
356.80877573758585	201.0657871726899
275.1358188563876	66.39549033514093
406.5063105994897	294.13592795586953
28.039122818727943	329.47926349915275
24.512101690155436	264.8475885186747
153.2422890948208	50.290890720195534
348.6578760296993	246.34348357292728
81.09976046483565	192.75388648720636
234.43369224597512	322.8237622166575
311.3504508668523	260.7956420872319
14.341486167312596	121.00355652248132
197.3866169485159	214.87300314885806
194.9024731938987	3.174253342184687
79.51488395829048	354.05684235617156
383.7026548326266	148.26359503491244
409.71154260918047	87.01531314687178
118.60748914006125	264.5976538760606
347.9902648471037	80.50882496704668
50.82097913831048	165.38065945330175
214.20892718355094	80.29866246246662
266.0883689897197	49.759164187953736
408.2226697531263	158.57696224511622
243.52446560946578	305.59166489707303
340.61292111626545	212.77431466807928
237.04875314110444	288.0220260432537
377.5978613309986	87.90630695941591
110.41320665785389	169.36015611479448
113.90249573096624	286.13348824728615
329.33603101283614	9.432502290495467
3.4720446282030584	249.87958989810545
42.49904433382492	371.5047810462703
32.94313631343184	20.009154709850733
347.6792033234717	132.59525836186995
213.55709616370325	225.06816132780796
