217.34080154912252	303.0956215460076
109.79529786491878	323.06240804035394
277.83473030608957	369.0471657698548
130.4866349075172	312.81196071550863
399.7275004505796	74.4474177970264
362.94171474929067	277.9717544710903
364.9342905748156	353.202806530533
375.33643171051784	218.38990437293634
273.70835718999194	408.83688087665314
195.91330679326813	299.25718506783545
262.9137017166472	121.15081420868056
335.7140707498402	118.68393304935012
198.81635517828073	175.2886418519028
120.25785471490875	340.1036475199575
220.92190333419734	361.3137992846227
131.033126234867	109.35114179797311
314.6448002150202	330.1131584414643
417.8134411407527	65.17438297799879
325.82413372369433	312.9655964464767
60.429374262695	281.27423488761815
103.94306420802617	247.4358542213588
177.70332454848878	225.30486826378413
51.41046015585927	103.08589079139556
66.6606523381906	120.79759808753899
127.073015652249	219.40029757623722
154.0845307809147	364.48345387992015
78.76519893333035	137.35500550783402
316.9896325077374	200.81836673678671
338.3430400747113	295.2542052824047
347.9221923071522	264.47684544920156
96.62691236492844	372.4135400282019
305.9003455553199	311.9180266674063
180.72119679407479	252.36084600612273
88.0376574828813	390.5098948339312
132.22015944687246	148.0772348850249
163.9194291414944	325.4501761106015
310.7204076814932	390.9618695170922
389.7300772221731	126.66190412441946
401.3745524047726	33.742840938215664
126.49727006179094	397.41987214206193
285.2433614415169	306.09954592544517
282.48716964865014	347.2070383801811
108.64045888424829	23.805102425095342
60.3050927832268	147.02993089890947
203.46035969530917	405.8860212989707
4.314385540239504	271.8056965036804
201.3044039049802	70.02431665502786
142.9856749911513	335.0179908100545
45.187283982279745	342.08742040409703
262.95605326189843	86.83357987498266
46.523622587287925	262.6055941960435
15.507164932444427	408.8771450361138
373.256574846137	386.3398454744726
329.5351622451529	399.2151976254742
275.1397558826177	102.58490702451128
322.9954567383901	351.8655610460219
151.38515531283326	111.29034268847406
181.85087549520617	80.75815382928307
195.24884777724031	236.4185798846618
387.71871705481607	324.132200332
417.51305125302815	0.7264891458021447
224.28156522774742	416.7310245227749
251.35389621004805	160.53609437389602
7.836803794353205	339.5139224472383
334.81132259530284	334.11984773407704
391.94430927974753	97.55246259097002
33.43049275582438	418.72606897840467
256.25108796196355	315.4866434412353
28.15248417840505	109.1404209455381
257.9782260755061	27.162058335838584
116.42449324507142	202.58925018349387
310.4340201814759	12.793858764073573
380.26833683789624	366.38155975406124
384.5852686292075	22.026699862899612
367.05338512510946	257.9521888017529
47.481076315677576	404.6354463142572
367.1399312689775	7.667673066852757
142.0751588775247	130.54249042339532
175.59346125798126	273.8931649232749
295.0934382813899	104.23411355572468
99.1678084095512	134.89570294945835
78.27428236975993	27.941887775273397
417.2926564353478	290.6749000665163
175.1170996929133	117.79340702709504
36.588779863778974	183.76747572380418
141.49841612120852	249.96276865616352
215.7833048853597	27.752889932887886
11.126142699511348	388.13703415477625
20.88735656308503	151.36731570812887
409.84713702722553	126.66195689966263
92.81409079343402	175.00375510841994
166.41860491107084	20.95612214688695
416.9301601615009	322.4954573158645
361.1825498162388	52.14271890445547
279.30770316462235	200.4523088489269
159.5589987702995	387.1606362208743
224.23188097833275	394.8134479825315
122.69985147102797	239.5624329311473
378.3865060548404	294.66081349122874
255.01022774866973	390.6082386584092
357.34643591487554	372.8339049385498
52.578521585644175	5.103223225405739
33.74664353468396	85.14519624409509
159.31164173631785	194.15482424482158
211.9045615913011	379.1239633101432
227.59401254899228	100.99397945267846
378.6079791203505	177.25054961451318
55.68852579827425	301.01856351736774
257.6326326273219	368.6170518367271
42.800482440802874	123.08328698363306
138.00890889316315	269.7315419234451
366.4765849261614	406.56341251209886
323.4697624272307	28.274320078954393
400.0844073643686	358.9788107499812
385.9769842391829	344.8989236020723
51.80103989414648	322.36926635967126
39.67815719464567	282.99357113487605
129.25289263320576	20.348852178880506
21.648551771236654	59.64702699896035
174.92695192738896	401.2010978207644
159.96971264911946	261.444498600588
200.642557444108	362.186035699135
363.57433696707733	93.9930350175379
364.7794627453898	28.242418959586868
75.2908023038954	374.99906640407266
403.4869594321741	266.48546846495776
156.11107770840374	287.49715765476594
56.24312684659353	384.08868942552476
24.4477145653332	350.47465904097777
88.79907490572033	154.59074548692735
113.40359867654998	418.2645397982909
411.308304571579	199.49352373805746
251.98495213784125	273.15041491793005
274.3032935403238	160.9072639180491
119.89300016305849	92.40116030142215
309.5067295308722	85.67363883097467
198.65099745037634	264.86339912709246
71.36240826987297	165.64596392501494
17.46939477234594	191.51449854135814
254.5408051930903	67.26101775541936
195.7367259208398	194.97547114100604
296.5197234299122	168.08984762936842
164.4706196754754	93.08309166396563
180.91385210920694	313.73602918476263
18.97964023685873	286.99375945994103
292.69348675853547	400.0593757157187
232.66553825153437	149.29381557290222
245.27743947581573	44.19220986959071
141.75640635175068	205.47465945018857
337.7668736065432	190.37362417563676
148.40991679882387	32.97861973875607
36.971839185672	45.33428165375037
14.825545848313359	94.30629029736023
163.48659918815758	346.22956027580403
273.72746740932996	328.5447284619393
17.23481324210484	36.10359858000277
382.19657569614054	44.3221023151949
69.72823150165593	401.3113924937659
400.43694792281565	53.88745184685125
270.81348140519003	140.42863756184914
329.68956210670297	48.16241633174179
72.36448429524796	313.95245781321296
73.03994522715226	5.813004987068945
204.89656125045198	8.373194278651091
317.5350966784708	176.62003895401165
244.8107460875613	408.6560315586622
111.1825809882924	112.77379765843303
399.895963823288	144.56999579076427
296.7024252328245	210.97203021686204
101.16941561157059	42.788361501149815
255.5825672270227	186.19910491567737
136.21026870011664	53.344286583855514
313.69092141410295	241.21707230430937
269.1964669255069	9.867042890849298
162.68362371015792	133.6523911309423
359.89452511443886	331.70018216942344
358.61485991783366	297.5226031955687
105.83266598514008	399.84692318807106
242.9829701789623	354.3592974827198
333.3244575111282	232.6477679146987
310.52880034629	153.57115941798622
136.18667044063292	293.74923394474797
373.8353075056898	197.0916856533593
371.9670975841782	238.07670350024605
98.14243439756484	288.0930217537161
392.88818068608987	191.16771579567327
121.51262877907196	39.157879454098875
349.60501022485477	395.80881152922836
186.80883698578623	101.49533853373924
10.182432353829933	232.3991294141078
119.94545395123338	132.26137924684076
236.8691008520285	377.5508039040645
197.6939365172812	49.205374749596174
175.0313084614283	61.26437410010952
111.69902048074428	358.73458115405725
316.0401453311023	221.37499643131574
294.0946089767267	330.4296104737526
69.40335992516181	206.63643012558964
418.2433008574244	44.91330164887234
31.313811263555177	247.5106729720489
308.3299591744024	49.28191672998396
177.80380378656315	40.45333911185644
294.0055492916854	230.78128078165943
57.01303835226257	181.1550021466329
298.40597045511475	190.99251177475205
251.3077425929405	103.0782552324785
56.90464765841235	46.94023815865792
175.89822784057645	182.66308004150233
82.50928493235179	79.77936624888828
276.38763875102876	286.9897099828291
150.08000575032855	405.92491848361584
31.597318257341694	207.20118470222502
278.16928210289853	265.08903339637715
87.4067306135302	327.0401347294228
293.2850148525174	250.6639598395524
317.2852553459844	371.4454045778241
236.73404353699786	175.68752269234756
67.1657089003201	65.7626811338627
20.04223253988108	171.3662452935053
166.3283083227082	0.018138162701353655
387.0704173705549	407.4265767233899
349.48011036506495	417.8271150002421
23.008863666919986	130.55234329403254
296.7997608376724	67.22788084400275
250.4683984588509	139.34333537357907
191.35742478058813	388.32743554785486
302.1876304375205	131.20069164258032
273.8890349678508	224.02610560029515
33.31627452549735	389.8804275848468
311.0205600737647	412.5821184745243
410.25163047611227	105.77382855146372
90.72418248452838	115.83994666906838
83.7426453904968	239.66214275064507
398.66228533466017	7.1574928076254665
235.5124261887554	197.3447885403505
106.56181936629679	77.42514003521788
160.48081798118437	214.41137727697404
321.97651839578606	133.64451573557304
60.377145650817084	361.5147893113379
346.93205751214714	315.7871778458787
109.87341560203376	156.38660820531186
181.63123469639902	354.84416718436074
207.56751261434704	97.15047987355608
278.66276051469765	180.3693117939581
236.70311590897492	218.2179385167882
248.4397589872943	8.798607861529709
89.31571041212788	411.136177856199
273.20925045102	245.69868386337674
155.43430402601146	71.0496575061653
330.1002780585442	254.8518400077288
54.18153888854853	83.32641749488933
315.9693049509753	293.4123626817157
300.06882450490826	31.142351481016867
221.0216618253249	323.1833532497605
0.7658749823414086	358.1720177913046
357.16554263593787	183.9466986287316
406.5908873271841	339.8922330013909
106.41178569736317	227.23337411379453
371.9088681199565	136.45905478106894
4.201923548061898	140.5161887844521
410.44248630388984	247.83308085515898
395.50924231998056	212.2963257244013
337.02743026828057	375.8340292058027
302.51085271656945	348.7152117750538
17.599474657937435	11.938344157479232
152.1917314699807	150.88071321501627
77.49712469720944	294.3964722843753
178.13655630853745	204.8319940671448
318.9066449046665	67.36102555376318
56.675924198897555	26.766181720103052
238.5022793142311	120.7434074108948
414.9412072156046	400.8842279566904
390.957877431743	232.11650689824242
50.50577111161662	200.06036030611804
19.547166257215395	370.04514921710216
92.7451621593	11.494452746159956
218.60845523203596	184.03640529129103
29.797744076387975	227.2924780219181
132.87143034645766	186.7978303066423
10.079199358845772	210.25766060867392
346.6846190697282	37.82996435276595
182.4758779140918	138.03130578479485
215.83181141496374	204.4538414790485
113.53631810238016	301.6501137828095
145.5767948280196	228.50410544621707
68.38438958001446	226.56059330133337
95.90530756484372	95.7560191832847
162.04847094710857	240.91224485099713
50.94578881613576	240.4379942428945
418.7407482184533	179.49384843746293
68.05835105333514	254.36505493362887
131.6627293319201	73.62147264096113
382.81985743068736	273.8308698661842
388.4356186131257	252.2107596668939
394.7174389282811	388.0810597711873
400.5365627996866	307.2416866411317
176.33160466913844	293.92525908507093
95.9216078996825	200.415058179886
157.613876054273	173.49553797503722
227.25962605793345	342.06708964193217
196.83900061110404	153.15492305519714
258.87917388577944	209.01647607575293
234.61141707299635	239.09514353197872
174.28805479073236	373.4558408627636
215.93266842676277	161.9846567839239
360.7873416252441	73.85673350150695
154.46274805925057	307.6528545330137
98.7910429718175	266.8275965599753
100.3680163345679	342.32211130198857
355.85675604781335	113.5231596644562
397.90077839237665	170.00296251685128
43.62648480686974	66.11768346772296
375.74631923977074	111.95316485508629
283.20559423863506	123.87996321900994
290.24079915987534	1.8716361503796273
358.1410544402313	158.41387707587842
285.3287985893837	84.48799380846184
207.3324994689175	339.1619292681281
0.7239396925796472	23.81093890364185
138.0887752814724	167.15670986561204
216.7220320819868	118.42145385039262
211.873370881867	139.99432317481754
35.042397123743925	306.1163372664404
327.1550269245449	98.03223049949678
132.12454678554923	359.11491922241834
148.13930052864998	12.811918908233471
118.99604464043068	377.2440537555347
139.6900738097518	379.86112306294774
228.8676314064715	265.4333796749323
314.54797325654965	115.12761238901066
211.62725492462522	249.1022872513704
410.7833046733934	227.16984618981883
73.50357309675731	101.4521332516912
183.57708897975525	335.005894093038
133.50208533360643	418.69475731633764
341.2692360191673	170.5385412769382
342.7473695247499	65.48335772004174
280.39535465181575	26.513221555438438
254.18018844684545	231.8268704477309
274.91117787201415	388.89650460195634
39.35466775687551	142.73480035916307
77.12131430940417	47.984808978660475
235.62437629155036	25.21109084312435
233.80853045464127	61.53616064716597
330.6611063441286	152.7475829017241
290.36598838415586	148.90316583311008
326.3853605264119	275.214151766699
344.9138442973815	356.13775423345675
196.75981238741144	121.71786333685144
287.1080834124682	46.541189741057686
175.94756506510075	158.49992774004895
142.3275425968265	91.83592605765827
201.4187713160234	319.6460708409564
190.78192986070795	23.67689393673291
341.72290898065796	16.779499078729216
250.8258052375593	251.93241142834358
92.30053440340846	61.03950730158789
262.3864032004052	349.2519965255305
294.9891915011936	276.5666737012911
240.07713255008127	82.41310151439538
355.72542482563074	224.54935673775856
296.6465848744791	375.77053839239085
67.71936867367121	342.0905865662258
117.05497713249571	59.90867665734661
78.40378819598607	272.34770450158834
211.07989819428684	281.30043958681796
14.2907297179397	306.48783835797724
412.18515282208466	378.48938905318215
87.12023551167158	219.3460423750768
254.56758873068182	294.84666349016067
92.97256399084222	307.8302584258868
370.0940312014122	314.5456273365179
49.21132722392389	220.01849098324377
217.65844285493833	48.90380562967106
354.3288935028824	203.9943387461032
275.2795385627866	67.32072996461424
397.45743806224846	287.471608157458
30.03573449004015	327.1056306703728
25.507159271024822	267.6417357326466
157.73003674398925	50.91139741659542
351.0289454105075	244.37195732169428
78.1970066373287	188.6523725883027
247.95462283638366	335.0443458625073
310.65340024518395	262.3037873312605
8.708230740078019	115.72513166486058
198.71185889221397	215.49389332658836
186.65101264518663	0.2591467197887136
83.93034590809584	355.1331003639368
380.69393846306093	155.23709288779926
416.84623221194613	85.63285037125246
120.0334878701458	259.4824734498101
344.3143948781192	87.30102942209638
44.8727473720664	161.959775765552
220.33234997546546	77.64696198534331
266.71073439028163	48.69677886300771
414.63299670123735	158.1843037631443
236.5908700487339	309.6864105255263
334.67141054606395	212.37751932159034
231.25865816790434	287.1055337211811
379.9164733492206	80.45976294973968
112.18922748150106	182.60336000944065
117.46033904749656	281.55414507392743
329.3155373066115	0.9496031137081039
11.039969260579294	252.35055620815493
39.56608421525489	368.3338973150159
33.51394088154052	24.077124847229562
348.02226252373305	137.14232168851407
217.56137032856503	226.3530169525183
