220.28613004892236	300.5574914046689
109.12056994117714	326.34284872933887
274.97820395984803	364.65898144084156
130.30501912929208	324.12541649273595
396.891021489771	75.92303299642892
363.0860646432195	280.162265526791
363.86674062470354	351.67570721430894
376.90500894632675	214.63505158852337
273.61250090001494	405.7403089333915
198.7822259803677	292.8944974501049
262.5157740436745	118.76474185488206
330.2274220238961	117.43547546322144
208.55982852207853	168.30829162882284
123.91878029137033	343.10932873154377
218.97616761845896	361.9618303574402
129.25204667896892	108.57368352563329
313.22389248609625	333.7559763458454
418.36620645837246	67.69368269591126
321.4083029342535	311.1745185010719
57.60593736478703	278.48911046384364
99.50967766615355	250.12255581281738
177.856833126183	229.17742216169697
55.34995588945472	106.33763439370297
69.26640909585494	121.02479251882586
130.65358863875957	224.49089408727795
154.31862194759051	366.46235488482296
82.8106423020478	135.51083033171366
315.0943709117134	195.79263713819515
343.48622176080204	287.31410062741026
347.7054087009594	267.15999243801014
95.64047015821548	371.10575908337324
297.87803306130996	306.78302071425225
184.6760898852141	253.66454897625295
82.8342852635798	387.3802810927414
136.39328493642134	148.44557314411503
160.74671595944653	325.48552882390766
318.22663956080726	387.58132529973153
395.29284403675166	121.97126061355273
400.43404667313763	33.914626435510286
124.71591285190111	398.4619348160007
277.04720794662273	312.3139599203024
283.07636483479575	344.388346796757
105.53665777442205	27.389015015157526
63.84666776943572	140.41031615302552
203.3359626787554	403.4029698214952
1.6508477942235023	272.81818514877665
197.98693465236502	71.7738516419417
144.33952820360895	337.66124299875605
48.43897864080389	337.9890743523449
259.9092592661675	81.89728522727715
48.047034517721315	259.7599385123645
7.504141957462958	409.03543457156735
373.0500586901576	390.3873300073891
334.6642390891576	400.3937068430235
271.7520929203917	100.521861241243
325.07016891201243	350.11831614427865
148.57778301590707	108.42123511671323
178.7124259419385	77.7381314508659
197.22783787967478	238.640040210619
390.5806137523453	328.322723464098
412.73248123073444	3.9840133145966403
227.0478184817372	2.6735595493365105
247.0106386396796	161.396208297984
13.110319607791723	345.9714318626747
335.37822630810814	329.31063634847646
394.0713038900133	101.81801305749235
31.525541675590294	2.661220070642658
257.8058972326268	314.88743769762783
32.00928732532677	104.88226098739092
259.22667511549486	25.79837035073111
121.20344293427434	203.81580228180673
307.2981904029324	8.293504310801278
384.1450025947295	372.0739485222392
380.62641988229205	26.276990667569805
366.6013743605256	259.7352328610342
39.33077441768804	404.64050790796284
370.7773945727064	7.997675573090311
141.0156410705024	126.8393530426156
177.697210755193	273.17773141711405
291.6467486682167	101.97904095800575
103.3029396080713	137.97356317506149
76.78039081717814	25.240867916045172
419.65276189688103	295.7422673753779
167.3954243670683	112.7835804465337
35.10736251867913	185.59382091554784
140.91840067693673	259.18941846918807
217.65598913591663	26.69791821829876
8.5038788872807	386.94504373854244
24.63361926615605	150.41584835749165
415.5473424097229	126.1680086410114
89.67009479065673	173.02559985759524
166.41930814807893	24.974946818096118
3.381707794439655	323.0984924644936
363.7151950950977	52.77853803390456
276.4015610271163	196.33295022325728
163.80913902388286	391.7045071202308
224.4181514871879	401.0484930957464
122.27789750274931	242.95171847449416
380.700781764637	296.84457786045175
253.436265441985	392.92081565366885
358.8674337326189	374.21219417026475
52.78593552594432	0.6097230598805843
32.410617590915244	80.49975560345933
161.6441972311201	191.39544498652293
211.4178731078704	385.40131700069924
227.49035575293783	101.35927783498087
373.2541125775548	171.2126312694144
54.42201403739823	300.7320137859482
255.91691979029994	370.8142569465592
48.71289538261283	125.18647390382718
135.95225869691288	281.5274960118965
365.71595538210147	408.49371371629974
319.11330536493165	25.917199214290864
402.7039370212062	355.9840682783461
384.72071272074254	347.665551013156
46.39196811759902	318.43178186420846
37.07662035578028	281.26888720242533
125.10825544389034	19.188401425116894
14.367093283022218	55.78392639779854
178.90784431423467	404.27552179850727
159.8943626749509	263.99897930979745
200.0651638541972	367.28270016189833
361.6456451741478	92.03953569627063
362.0898118158338	31.95926038310889
68.70077034409611	372.9179755672784
400.9222923147343	269.83962107469074
156.71288388668134	283.40539198111645
54.04853097954072	388.11936793976116
33.50397431465514	350.68952845069265
90.82876044391843	153.6234543781803
112.34079370437142	3.901380348188553
414.3855882271954	195.12482831091094
253.5548785673353	275.07813162794673
266.7310286337877	155.65499190134398
113.05924317502256	94.80618344812656
311.5046476022714	95.09497420341211
199.36894802743743	270.67643639101436
71.96346357049917	159.81246627997572
16.980934742912357	193.62244899806197
250.40795241876998	64.72304243795168
196.01214259609893	192.79993131655553
297.84758989089465	170.59503719758737
161.96067217915444	92.40036593830762
180.23370830100612	310.84789923512756
17.58588740163157	286.5263473978577
290.8539830517929	396.2543529189688
232.98550463234233	145.14824906426807
243.34584314529783	45.823196328432765
141.97663358100797	206.72220659207704
336.07661016607284	192.08514275135641
145.84758001054993	25.221571279451165
36.114640940203046	46.62610790007228
12.059945355904347	94.70212671178598
163.8882412313586	348.8238965219844
268.6156502003761	331.4809878010391
16.20498842051876	34.31370150617386
382.69108668666	47.26328989471022
69.57928944483467	401.861817343377
401.73561771582183	56.51412300513334
272.88822861295455	137.14297252635632
325.9999300759024	44.50954828560946
69.78534577273754	313.7881199415018
72.23801242896144	5.701423545906483
207.69464088383552	7.601757727632491
321.0817112640083	172.39749618493906
243.12652952607468	409.90593650002853
108.88079459372453	116.10341307259583
401.55496842356	142.1865412334885
292.43609515046234	210.44523509555617
97.39525234128912	45.10441330143397
257.2303412633924	188.9825890961757
139.43929480951692	50.59799995340213
313.63914597742956	241.16630776747968
268.92722047341465	6.940560672234764
164.27685866930688	133.00027523344627
363.1878535032933	331.86147125597586
358.9651197848753	299.92299436741644
108.88497711665087	386.81564157053043
240.35770620364673	359.28115228856694
331.4383336562357	230.5758695356624
308.88836792985086	153.29810921306446
135.93073820115157	302.0055972895643
373.3817674108339	193.01593093798743
373.42539735350283	239.50889661421596
93.4541486919612	289.8685939358063
392.9528847207405	193.00007445913567
120.38427000348742	40.50149329926079
353.41086216763944	393.552901368139
187.35052033857266	106.40416217427357
12.471522211307125	234.84248238688434
121.75699467784729	131.56143009116428
236.58202285169818	381.69146695983756
194.59983425346712	52.25347956237971
175.3212816161196	57.87351712739636
113.9829169174048	361.08522633420745
312.45716828215933	217.95137243695814
294.5366216142893	328.27347192915397
71.85127075002134	209.69462013651182
416.98792505567764	44.1005940016232
30.691059042064115	245.53565782077422
305.79823807761875	45.150359475918414
180.5811021564982	38.846979530062335
294.0992277750178	234.82264663331935
62.80040156121715	182.51963229279545
294.88622226048994	189.80568068625078
251.64049821105363	99.8640741178865
55.84258597133356	46.645913574086386
185.03726113750767	175.71459703069544
77.55325154444232	80.45580141609248
285.13034518526257	291.98199260344217
144.6932711264828	405.09508378833993
32.61489446207519	205.57011161845497
273.19431541352986	268.5957249051047
86.3957252184787	331.27028851031514
289.25174467021895	256.02851952431183
315.46065874947396	367.9236564397698
238.84599430068394	181.1464541327545
65.60116818803385	64.65754673429826
23.73127270452099	169.87143513372683
169.95938885387508	1.4093910554182787
385.1178431182515	409.1207436397739
350.04406797068253	1.415774101184165
24.40997947867188	130.9020778748936
295.1042297593101	63.55775988107149
252.52747591704605	137.58733354112957
188.24597305223722	386.324964565047
299.3797696890823	135.22738262713037
276.1831616106785	221.87408007945018
31.414500715659294	386.49274908578144
316.2071911101462	407.1323583830748
414.3403722673482	106.38354726337572
87.92629612912002	115.75007292035137
87.42780811149169	234.27760378757367
390.9271409389759	9.824025660932868
232.9633529119541	204.5122413203078
102.5935489130103	76.1296185659152
156.7896395779923	221.18688974074587
318.91305446865186	136.3886317395569
60.17326074469686	354.3401367557329
342.13345038557605	309.90996065275806
114.32321811309941	155.47472647881008
184.7591990696802	350.54224923118875
204.84094638713347	91.8422561971728
272.84626040959193	176.13789848478035
237.07858935985118	223.4953779253605
249.0892479794003	9.053135547042197
95.19450240951466	409.04895262606345
271.45168171433465	246.96241604366077
159.49082972646906	72.75693913402823
331.5512076040839	251.2794664138682
58.52795751360937	87.2353656966462
312.6183563007709	289.4203462414583
299.5500748127723	26.117353755890935
222.58469223098984	321.7774904188526
4.212049747145918	364.41105160207434
356.0730470478194	184.0548015818001
410.2942371560904	337.98413953497436
106.12433669289504	228.56266048207578
368.94933685650057	132.68960364666117
5.89040341485268	142.54116848092673
404.8862452338456	248.58811211512798
400.1430512859659	212.17692204702115
334.7653970964378	374.2238932594456
301.61890393580177	353.8843621333608
13.85305887150222	10.929092490741137
155.49219166246885	153.66997356423687
72.77679710013054	292.692434956179
173.84254658725422	206.73574497459714
319.3477333963293	73.98904820391977
56.08902866314455	26.37097920780886
241.1074561862865	116.65133911940592
405.48339976165494	405.2289772705374
392.1602382194751	233.88817097255722
52.51306020600337	199.0300114672986
23.657153523371303	368.2214097752186
93.08806851194247	11.696875700904553
219.5813233751014	184.3235434692978
31.14821226869828	225.83029916996776
133.1322800414501	187.52878036916277
6.749893052013558	211.38028043781705
345.8567086545315	42.42418605181211
188.1715421205858	130.9943369268077
212.30024521072235	203.45687052865102
111.65671602836429	306.56632112945306
144.69275956855077	239.4107109943953
68.29689002654726	230.7980814441173
93.3319118807541	94.63824437521338
164.23718041992362	244.84201897869684
50.86709274481538	240.4747335772363
4.115376877054922	175.45513598312132
73.3339610712603	254.649144623002
139.79385166158565	70.27068988077191
382.8827272776733	276.74536240665356
386.7873880384246	255.7147908119857
393.34918317469413	389.4712649548188
407.2205804266714	310.5434438938476
173.88811427260063	292.5390063975436
101.72837128571528	197.06747411404137
164.18080766222204	171.81348983025188
222.18322550759683	341.5200572185919
194.69556327663312	153.41026774738376
255.41903527733703	208.341718345874
228.80529140923645	243.5889241233066
174.7604208870085	367.3837209169122
227.66318356273916	164.66281906682514
365.3012234428665	73.06634888042767
156.74483908543348	305.8438167120499
101.81106536296795	269.93826689421707
101.54015970025598	344.8549826645415
353.83544239688706	111.91908986016973
397.0409937814862	173.15004710248306
44.091412133104114	64.47429505889177
376.1285126855801	109.52298716626433
284.03834118084126	119.83702064584548
288.93831419216184	418.7750245913809
354.12914080744866	155.08256716394226
288.4826758393834	82.87761837509214
200.94985166711112	337.82173519747545
418.408294050288	23.982852123968662
140.93027520259204	169.70193674671205
223.1513051440193	127.40552792202072
213.90421002422113	149.1114691184848
35.074309542942316	300.70610220527755
332.79675608437776	97.62400011102176
136.5119115731021	357.76250029169586
149.6315623984654	5.665342823467773
127.1743547184255	377.62015916345933
146.0097065744031	383.99396496505784
228.59108237121967	263.574305742398
310.88984592406655	114.89542565552965
209.79529637108791	254.09086032702217
412.8434589143335	227.70624012913714
74.6152358668393	101.32165496991244
182.1833424107975	330.75629137670734
131.14065403875028	419.14558097764575
340.51863460296124	170.61663710366457
344.2964956172944	62.19853605734109
279.55569452869076	23.683017334162404
256.1549898221814	231.4520198678328
272.1166093955784	385.1381969305112
45.29773684664142	146.47696971897662
76.61644780636824	45.008520584475825
237.23832630302752	24.64725824969725
229.2094932118121	61.38977071857679
334.2134080167512	149.45832004423931
286.01454636640796	151.57774091226824
328.37559818425586	273.220507570239
344.26450053762755	352.62901520142674
205.88786518730686	116.03511505427304
283.0867406613504	42.78163816304626
175.25332981493742	153.93935590355747
139.12142237294486	91.3946413536707
199.32938370551688	317.96919097289583
192.6853672709975	22.378431246657744
343.7676604516382	21.706649760523405
250.31438085534876	254.7993588949969
86.15627598554019	62.7241780802951
258.5313119894325	348.6385581310879
295.03565809069437	275.387042331817
238.46626620247454	81.22899755810475
353.56161859676286	224.25359875224703
294.4968624245349	375.1625816769299
67.69483748817741	336.13371428696144
115.3187096288834	59.66821362628107
80.34304261804783	272.9004068552191
216.85196458685215	279.42939102225085
15.848893498390039	308.0767440799473
407.7139218905219	375.77069933194514
91.26924462136958	213.40983367798498
264.8966836922944	293.79053881750593
89.09793244444421	309.2838555316537
372.9459070360737	315.06211885959857
50.70763423290589	221.09783833501305
213.7628688610251	47.606126674176025
353.26591612015034	203.96330323141032
275.21629969848715	68.04390019759471
400.9439839346324	290.2954464664141
29.874708631505257	330.74107767600174
26.683487547131985	264.8746729178402
159.47792084120414	45.451873913410054
351.3682986123118	247.1655699880418
81.94278922246102	191.50960157887116
241.7040614934197	334.36441346046735
309.68207835249365	262.421874006992
12.659588437954353	114.1433478904909
195.25006470347824	213.75983358007423
189.38826273992353	0.7740480566289061
79.84097018698958	351.9757010054157
379.5483528571389	149.88080336297153
414.41397792313563	86.76301088643399
120.54322747735554	263.80549021768627
344.47938790272275	81.65729670670585
51.35044580517072	166.40554325298532
217.84366578912733	77.21435954710631
264.67036248844613	50.54880081973769
411.70062190251764	160.13303883220885
239.1227886379887	307.58166092358147
330.94981302421456	210.7779983416754
235.75548162501866	286.3027474708149
380.1335560298263	85.63548687421904
109.99099126882398	175.90597634487244
114.24315064502112	285.18782478128645
326.62990649295284	4.520928115377695
8.785483678211486	254.37284736768925
43.96676637574355	370.89657818764005
33.95072427267398	25.01499272036196
348.6924878892767	133.44413894188224
215.82590043064096	223.50632410408215
