217.468215949452	301.50836254257297
109.18759021615888	321.75973771533023
277.49672337379764	364.9453408493152
131.03506497686504	314.1333293398603
398.39269237618225	73.5051836090372
362.1746335192627	278.05455139698677
364.3537894528047	353.4946066531834
373.1619431150352	216.89112228038772
273.08216312099484	409.53709685451184
195.790090970503	297.4184745929027
261.55354855567225	121.84068321373927
334.28973543260963	117.13566778402564
197.48849134377343	174.7455213588831
120.70590106983317	338.3258319108868
220.99385426857876	361.1571246825181
132.29445655456587	109.83751928429486
314.7935409497865	332.7046716152801
418.6398638836639	65.22284813350542
325.7914204751957	313.53630672971275
60.76930856918832	281.9784601042951
103.05175579590106	246.6980034662042
178.78460873516815	224.44534249750396
51.75924820935588	102.1957321914349
66.24372527003422	119.30012062890688
124.44208781970444	217.91464900724048
154.31604823987502	365.42110451092384
78.21059224710508	136.6833631155626
317.60532758602875	200.48069204176963
338.71024730303077	294.00860499095484
347.0953043611966	264.5468525946382
96.30142729981738	371.4442391017399
304.77952180355976	311.9351965504244
182.23849358451713	253.03653133686015
89.37781144679892	391.0333783470357
130.01278611235787	148.8878650543556
164.19655189052926	324.88482694730436
311.738002888174	390.1645175108193
387.5542415228617	127.28212492183818
401.98622304006017	32.95989552702258
128.34975369323305	398.00991298649984
284.6513421038612	305.7567997011599
280.98275862846975	344.98165608093996
110.3917257574092	23.931440773653858
60.231732825997625	148.903931398636
203.18417681655822	407.96638438634375
2.8037411605970397	272.33254018980665
202.46032985551764	67.72488334659688
142.74181655910047	334.5418835568311
45.55071496756978	343.67498508499165
263.54591701986124	87.57126339161742
46.42446014340914	262.9126609137273
15.719258782899889	409.3061145140392
374.3719475050425	387.05722290378367
329.35443836841574	399.6587457748812
275.91488806264687	103.27588621760304
325.1985481018803	352.17570535859625
154.03259241685763	114.43097581087495
184.7568466310616	81.18726563108576
194.55994810933402	236.7611514812767
387.21257877028546	325.8216724889639
418.7615926151334	1.0472300061496187
223.92384202225224	416.560464696563
254.0928732833828	160.44665053587036
9.03163214141822	338.2204744130799
335.9291612307291	334.945341272137
393.1687311992011	96.01981991197484
32.77443697420906	419.8140448347483
256.8799630145794	316.2935292245928
28.406593635832348	110.036176088613
258.8742793685697	27.503934091805082
115.63172625628265	199.38251999132186
309.04402975017325	11.45559815311482
379.8192128910564	367.1631594522839
385.2625311012963	21.347862988816864
365.95359585039114	257.8321086738073
50.75847190636632	404.85395294771723
365.35269054517585	6.919307788907682
140.4690139076748	130.6016422311501
177.80967070867487	273.8472173638666
296.8303756011213	104.1026097851621
98.68192957498351	136.6891526495173
78.53788464867928	26.285055503954492
417.2104796747716	293.2537780591912
174.22126013105603	117.75548792885195
35.8789812460279	182.72924198656364
142.79532250754258	247.47470014068315
214.77161700979616	28.31113624623004
10.975128770898081	389.6962728059222
21.438907622658753	150.91732627817095
409.09992742916836	125.84296122766816
93.267076408352	174.06806687972212
170.45192379016711	22.131941182104516
417.533887877611	321.68807050955786
360.82915392557743	52.28073356420153
278.1908054489718	202.26081753344002
156.22552257431687	387.13004122829386
225.5189418354904	396.434141654341
124.00063307500204	239.2592890407766
378.6584144316833	295.8819461490115
253.75480693011036	390.82099731241016
358.5881329383308	373.6079264997932
52.11609282160537	6.546638312864752
35.94328110283055	83.82436925210634
157.34487476196784	193.47004162032954
211.88308733624996	379.651758820893
228.67903664868135	100.01723596907725
379.0605121437819	176.31196596405968
55.01818245066795	302.1995315368911
257.9851823244481	370.10604624766876
45.71003037524172	122.76089629528325
138.7681457624729	267.815724861496
367.8688863749583	406.75851758766595
326.239854044969	26.8845652856705
399.8345230256482	361.52379540750826
383.1415166986548	345.7702823362063
51.1272468598874	323.28124871064284
40.757408077603536	284.9529356084323
130.85178275472921	20.031167378314635
21.28081925461778	59.50426197753703
174.75148039553343	400.87128742262394
160.22277110859946	262.4596213861975
199.8598476224248	362.5292832782531
364.2094714287909	93.1986032331382
363.0461327818859	27.027427670036005
76.53047517371792	375.1963387520414
402.5092818460236	267.5111861023102
156.30336193922957	286.15067350764383
56.4341174380853	382.4914411173027
25.378867962407714	349.8937595466889
87.906136512662	154.48859734491495
111.06411778297452	0.8989205162658059
414.08139558556593	200.47851500511254
251.1890269124597	272.81703184558654
275.20592543907986	162.1823698606039
121.28260948538394	92.74115719142749
307.03917557345824	86.50237368662347
199.68271014630247	263.5113957707224
71.14526610983502	165.8283329630102
17.857575306013324	192.0202919579443
254.79671715022235	64.68439518795553
198.95908764916783	196.4601463832889
295.14391483572354	169.09494964642982
165.8850042918811	93.31301107530514
181.62182768379407	313.0359404595407
19.527056931625303	286.73505548515016
292.0651444177922	402.03283295552654
231.75607573325038	150.31012770177995
243.0273034325157	44.91814160518681
141.13649031648987	205.99379792582195
339.11262983469385	192.0240276377334
146.82880261021606	32.94713127734992
38.015983828650704	45.03178671768256
15.162294835345554	92.26769506098664
161.55382798728488	345.9448873502039
275.0183373615658	325.83879868059546
17.804327590294744	35.70770022675534
380.77581456949076	42.69627371357001
71.23778905765283	399.72813308778495
398.6527949705417	52.83598841439065
269.91781474763786	142.00886249395685
329.30372076692237	49.251835260678774
70.06141477049155	315.46555857856885
72.17062482148344	6.194970713118831
206.92579272300293	8.977583856300079
319.0957570010199	174.26756268175302
246.86726014572056	409.999814321008
112.16784429521145	111.45765888661708
399.0258970160157	146.39606885300037
298.3565280713909	210.30932774950853
101.26778930754634	42.590425305565496
255.12700290360667	183.9904226558054
137.51206978947334	53.601443346027914
312.63427234809063	243.3017715609914
270.0111213010187	10.308702152528555
161.0565155711125	133.3010623260024
360.7680825499651	332.74381935365324
358.6587396148926	297.8817641208868
107.86936930273235	399.7369502347873
242.14239890981972	356.9494887922391
332.80421338944336	234.68025167518883
311.8535910518837	152.63476615794357
136.33623644407945	292.8356871755454
377.0034082231251	196.51135088279466
371.6632307069728	238.16926917851399
99.01442177840046	288.279883475289
396.8327511745896	188.46003784685752
122.72674186832303	39.914094806250176
349.16786076755284	394.00350217499124
186.58179081760755	101.65837793141661
9.585295572041305	232.8134504611749
118.73973596844216	132.3305281160613
237.78361819132581	377.00581311733765
198.10149360034524	47.77941665922851
175.92204783298956	62.476615042192044
112.98744534856459	357.7889214012253
316.3008428860661	222.50716484912448
294.68912861976065	329.9970806627811
69.6873774494559	205.69644702629867
419.9028275753233	45.16318882289872
30.20562732340935	248.09726257604652
308.8522741226553	49.44998773835281
176.6819790186509	41.84232826345273
295.66561246059285	231.06534339784585
56.53054243424349	179.72783348894532
296.8992176778895	189.80515199888612
250.32448165840276	103.57203491179628
57.884342067516805	47.60835993392691
178.1748817924831	182.73238915888308
83.45844108585008	78.40724010889863
274.39819760081883	286.46128279602016
150.8668940957834	407.6405143739431
31.267045321679664	207.86441980717703
278.4962891297823	266.1029655601637
85.70348934142508	328.38231731608744
294.23122024902597	251.3354044765013
317.2093174927924	370.6069532133966
236.52252924666473	173.02633591682897
67.87441811876226	64.94147398553599
16.00098568098879	170.40394098126174
166.44900782390107	0.2937768124304303
388.19903255792804	408.6863692647501
348.0945251073663	416.1225173385193
23.008948508515207	130.08329522060342
298.03943805613414	67.5231303573051
249.3555965946484	140.42539421518197
192.5437313146538	389.0352656384783
301.84892707260656	131.10511976009073
276.02502605476303	223.95419001110733
33.60169286766681	387.04091957681885
310.4001008022103	410.45243009393187
410.8654553939343	105.74673123150018
89.5113977453071	117.30980848715814
83.92323473303767	240.38634050506747
399.20964303716556	6.172530814263634
236.83181252899692	194.23513774346455
106.76887464023676	78.46018878801226
160.20464840297933	214.6676547883873
321.98990454808876	133.99263392919752
60.77601238739061	361.9133117570461
347.3883248816872	315.9630037734109
108.49860408998165	158.46808713616448
180.64345335485868	355.7620822684087
208.1197076719609	97.20239079375521
277.54041237299384	182.18783012140653
234.98489175433286	215.1738842120075
249.06719468182044	10.003185329515981
87.12528497433308	412.49280890478514
274.51858520381074	245.11613350231852
154.02843409158743	73.04723846222065
329.5643482112392	254.89067452200996
57.00313630562293	82.42009114906213
315.1619758426402	294.4249444602283
300.38930763236027	30.69566715877015
220.61834820355455	321.8366820639685
419.6045620031728	358.32040898646585
358.7712330315441	182.61281573706202
408.8156672712299	341.16263844296077
105.45120698577911	225.93207829056124
369.58433920267055	138.69740585951854
5.103698438788306	139.18217825643697
410.59713142713207	244.20728924660457
394.319512920917	209.11296778289068
337.9768264597639	377.14137819580884
302.8074792120142	349.7724178282647
16.204788409396258	11.698937058622505
150.72854240416945	150.98422083684818
78.89000649712669	293.08590564271407
178.08450254026192	204.27913423504117
320.75966610066473	67.83810288865287
58.12270099947986	25.68065636379953
236.09148002445065	119.50699323526
412.9472742295162	399.127573080243
392.0981013446336	232.27415909777113
50.63101883641474	199.11514240704656
18.614950109841562	370.09337277295555
93.92598984624152	11.402324641572312
215.53071210666315	184.6784592014563
29.858805888589377	227.95101040118888
132.46093436523287	187.58989015074505
11.716027117358326	212.33759786878898
345.4515238607554	36.81595472715822
180.15710760075703	139.73361241055602
216.84390625557606	205.53290577247154
114.61078595520854	302.3983014060037
144.34758618663992	227.05312173975977
67.12366865034204	228.14913978902322
97.61758654038323	97.724857987865
163.72021761969125	240.46304112705548
51.058690143912926	240.75313901629596
416.88981183695967	178.76039715418074
67.30781258808908	256.63396116404436
130.55703926098204	74.77057499144775
382.3344414754206	272.6058877966712
385.6136986040191	252.65554252044456
395.86546740881363	388.36267870277953
399.37765256745644	308.2088619620254
175.05449349701715	293.73934565746436
93.75119613384193	199.7355310048993
157.66449008580415	171.26824003700446
227.70419310214814	341.8147442588386
194.12467486974683	154.29072461451696
258.05150359087435	207.43424078745818
235.86673951096498	239.23674564102163
172.66321687918057	375.40944127463194
214.062584458486	162.69417464208945
360.33497029121503	73.50248627164306
152.90810101982456	306.54674717416606
100.18240296904591	267.28713728621415
100.91296615412666	341.53084135462075
354.47218756398735	113.51515390647428
397.1770206220976	167.7485369250007
45.32949783509335	64.87857043955094
375.22289686201697	111.4512877471231
282.3734926083795	125.07160125361935
289.02091116817684	3.1313543656886984
356.90116549146643	159.2057000181893
283.59433992519575	83.29173600652726
206.57710597706614	338.86966206346784
419.93967644607363	23.379265972604397
137.2272682700745	167.83362833666993
215.73468661176582	117.28365414451564
212.9796880606114	139.77222942453562
35.118481541079205	307.25730980073473
324.0153252289606	97.67564928283593
133.1530422457975	358.76971019280694
149.4999536868152	12.386732272904597
115.87024917578766	379.02523695718406
137.34726802116774	378.8415947615396
226.50712318904976	266.968536462054
313.8226284511825	114.89337212135251
216.04600934259648	249.79485188638765
410.5853353238229	223.12171946327518
74.60441008669302	100.82056264125171
184.37051889936572	333.5794391396614
131.27345058733468	418.8744098683832
340.68772431551986	172.0829072520129
340.7390832067352	68.63958375518871
280.13909336401883	28.73254285058316
253.68503588078178	229.2811331072685
274.63097840247826	388.8111731292182
39.932588040631316	142.4624338861848
78.61638600207172	46.97743165391617
234.77215384631566	24.384327591870413
233.7085614884714	64.53510736593782
332.82837645478264	152.78290043802883
289.8922126385827	147.90695239379
326.9876280180664	276.3579289224763
344.6290387458315	357.2268900705649
196.30855334206703	122.21392566363518
288.81680658991417	47.984315116841046
174.748036917057	160.8731904756908
145.84868494952732	91.7320057348038
200.80549514752545	318.80162753993324
191.5480135901891	24.77333626649292
343.6960787266646	16.027997247583524
250.6577565795626	252.78525933343073
93.98514312277406	61.35072638751199
261.2913315906092	350.2120592228003
294.83401333837213	278.51727686546866
243.74737445075507	82.21028444147832
353.44685380598173	223.3997208478561
296.34990652068456	376.92100399369474
67.56630349441116	342.7869935286673
116.86006658741032	59.11345693845992
80.48813229234293	272.7708622841934
209.27080075634376	282.4601811045879
14.172502017486575	306.6594538536337
413.6901441753556	378.6793838525853
85.53223600048825	219.6279760102575
254.39578999859776	293.58906284311195
93.96289169972707	307.8046758392362
369.7886912027121	314.7000154567375
48.21786147258814	219.36605794797384
218.18874576824516	48.11933129946046
355.84286285030134	203.28349347845173
276.56317246573235	64.56961858082495
397.3386095308855	287.2148814615721
31.420817254610174	328.91081791589335
25.80382231405811	267.73007353295407
157.9351773082641	51.11930433293811
350.9443834594769	244.0005742717917
76.23956081690224	186.78202552731247
246.74468725739789	334.94571504771585
309.855955904673	263.94961601409403
7.57969041797597	116.75237337387235
197.7595548523432	216.543514359228
186.79218259965168	0.3935407356542681
85.02486262248385	354.3055110907491
380.62701127151183	155.79114812620173
415.9603507631303	85.67000208206817
120.79774895271618	259.0073402793165
343.2390324044647	89.32253845991832
44.69317773983699	163.4032183519442
218.95355477775982	79.36930218061524
264.534524393437	47.07697847514563
416.1034666044949	158.198694509854
237.45970442277982	307.39208965369846
335.0479774031647	212.76128176609583
232.57362887271128	286.89940044989316
379.5759263985288	80.2763418465125
113.69775984628112	178.63744260683956
116.81548086954903	278.88003654271597
327.6535952602784	0.6459729399041759
11.057361636695646	253.91275237540114
38.646945118836214	367.2128930223363
33.745754548524566	23.20035754044047
349.3398079765919	139.3471048655545
217.84421279817417	227.98487887564906
