219.54194645573864	299.49242226751653
109.01960509099214	325.00291807120647
275.0211509230987	365.71577653805366
129.4695572657311	321.78490739659424
397.2921900136779	75.06325159713211
362.2062040261461	279.2691947062748
363.19420693199567	352.6267699641165
377.35103045465814	215.9365095875988
272.25338328748524	406.1672850375298
197.86652436304678	295.4123726906897
260.4694502695088	119.45948154400526
332.921268557706	119.84856272717256
206.469968659377	169.83517380017074
123.47154002148075	342.1458020165676
221.01104388429658	362.75730884753875
129.4297814307119	110.96781701338914
313.14439946551647	331.67480798896037
417.51177481502566	66.14347551209256
321.57846297535616	313.1101947703271
59.045963184483334	277.5327348144574
101.21510976907477	249.6247098326662
179.67772097628486	229.0955624110105
54.09340466816345	105.39741181377205
68.47738894041566	120.02596734802052
128.75729603376328	224.70415721046678
154.3909570157966	367.03992180917015
82.62976889713089	134.86578461257741
314.02175535740355	197.70169508475882
340.7332831733868	290.7454598791149
346.72862576116626	266.84403760001857
97.63113735270365	371.78463483719486
300.99162831582424	306.68671112191197
184.1232322069903	254.10424929847875
84.3373316586385	388.3455102678091
136.12100686646383	146.54861873018353
162.94983655360605	325.6970677492912
318.60136517876697	388.38453887584853
393.2401376933177	123.81130341617656
400.0093306021915	32.48129275760771
126.2019239845935	398.0939713771746
281.29765654666096	310.6159172799573
283.85337980726206	345.9466158870275
106.79433559938425	27.279907574591107
63.46554324946146	141.03044011314185
203.61131433409335	406.8845062286155
2.0226466358038535	272.47008426923287
198.4205309097505	70.49773026443516
144.04797632343804	337.09201943870505
47.36313572816689	338.4584844668173
262.8756060572517	82.9668040425661
48.062489224651046	259.95059809374516
9.185504247842255	408.7994902735013
371.7192895726752	388.26795298105276
334.6254097462311	399.54938176054276
271.8486987543615	100.89691339406968
322.9297941987398	350.34126471094277
150.18845798518626	109.08099053362098
179.9910784150078	78.75291597485487
198.86694992974233	235.03004455645805
390.11581189176104	326.5506258578697
414.2588337649164	5.090342887663336
226.7641695399512	3.31501121178805
246.28245103915467	159.71955423334362
10.50176654637503	344.13891515825014
336.6556908967364	329.26727188500126
395.2243068901185	99.62793096376116
30.780554857373982	3.6531760384020835
260.6126386397878	314.42399320438653
34.2509501646615	105.19186321863555
258.9185312201851	27.61026332456289
120.04124545342455	203.5017785672342
307.7263526752469	9.126126559701776
382.1726513976739	371.3405781258991
381.7526057698265	25.613722090249052
367.88113839678584	259.66035154931376
38.774999617506026	404.86843316450137
371.04002489118596	7.179255856633275
142.13751864199898	126.77472805879307
178.2396754653135	273.00413452986044
291.8988214327868	103.58922293852893
102.64949660471521	136.90147912214172
77.1127946310148	25.411992220899613
418.95423852341366	295.16649569157346
168.98825039838826	114.26777158513833
36.58151417154157	185.95604442195864
140.08416704401898	258.12623600078894
215.77577995008713	27.27313244363195
8.706629629247958	385.36325885868524
24.042520292866847	151.05093671113673
415.61100787922715	126.9141285606075
90.87331370634227	173.7598164613098
167.71845787036986	22.821474956591924
2.8454214302333494	322.1059782058633
362.8760776933207	52.28437642418912
275.9529143141781	197.24287086964569
162.67835525055506	390.1392230767349
222.4906924605857	400.8842740083512
121.79795822859734	243.9664659660274
381.36613460404976	296.1123779289685
254.49929136645957	392.4773598563939
358.07640535998917	372.6810388254618
53.59902847896306	1.7279031471851896
31.823670947097956	84.93847197261954
161.9296158593967	190.84862090189372
209.38602282038326	385.0750616155195
229.0394982904983	101.73753032015976
372.3221365808992	172.0766538175271
55.286531086791236	298.66894364070674
256.38678905219825	372.8531541329948
48.33815122727406	124.79233515830295
135.1439452374006	277.97688252507044
366.62087351367296	407.36601385822075
318.84369175858563	26.805010094841034
403.05819064556005	356.0787680207589
385.3388943094176	346.77273016082324
47.33437223914736	318.2668627756538
39.488128838371104	283.24908104244554
124.96117593401975	19.37242413544695
15.275638508954673	55.70180217974593
178.1280372345692	402.22489125508815
160.07386275776523	262.9488878273016
201.57426127860933	365.39215190523146
362.6113900988884	92.9347598689574
363.38834793263317	32.17894822327636
70.62217901932566	373.5033875181842
401.0687669246545	268.4565870676023
154.50540563380747	282.54503654069435
53.42322034579398	388.6859218828568
32.63260750850727	351.1702235643381
92.54533564999905	154.0795014602714
110.47119291991966	2.313965219335783
414.6028575326035	194.97324171923398
252.72265036055208	276.53342966637274
265.61005491977727	156.06067051496527
113.24100059086187	96.53884679907144
311.2700816738354	92.71820380446995
198.47308966505864	269.93217940819994
72.81430298408144	163.64496471889706
17.097252721498236	192.61488836938267
249.41382977104934	64.06145385798541
194.0697903603229	192.28596098169038
295.36938140498376	169.41610693414583
162.18517810783445	92.79773266114549
180.3247802353824	311.5714858451956
17.078150444627916	287.3966211522976
289.3494494081118	396.88233634045764
233.27350046648098	144.8016772991664
243.8532892267289	45.0290595063968
139.78689072795765	207.7229999987499
336.345331315974	190.11957753291924
148.39847401482155	27.44778003741226
36.322667356122345	44.634100818082416
12.822000691411263	93.40085196557366
164.1946693806957	349.1425066766779
270.0121707482156	331.9572611871258
16.756720279606906	33.869488919475536
382.3888697117551	47.88478651935072
70.70351843196158	403.53957990380707
400.57660098460894	54.97473666680048
272.9734301311026	137.9283899455
326.0778142814103	45.071755169009
70.09699651005589	314.2164144853887
72.88332996617561	5.025697682824488
207.7613259693809	8.557479990755029
320.54375034985554	172.6264205779398
244.3470274289325	410.3818249506704
108.51208382063413	118.07387473564431
402.5548754375407	141.94979781391567
293.7342830790805	210.73177264473955
95.97604247481036	44.7927004264441
257.29251330030786	188.4105733618797
140.92439845427361	49.18529549682965
313.1645939482703	240.47485358208152
269.122888945183	6.945133444859233
165.54226691822848	133.5479623566091
361.4696122661013	331.4897765613469
359.2743978112745	299.4806028532287
108.5083580437504	388.3567005405102
240.71875180187675	359.6013589098123
330.17280947869153	230.50435025365206
311.0586398631647	153.20478211218494
135.43066287056482	302.9278513438329
372.9852562188209	195.1181268473104
372.3387543619548	239.8136978834601
93.08487380638823	288.06142198877495
392.2870227688074	192.74998808747057
122.25549375116356	40.59054844932774
352.6995247001099	392.38677371747724
187.16359169488993	105.51345125902502
12.752394949749695	233.0005230889596
122.56683775992035	131.61571776291186
237.1139408516206	379.43999422616537
194.28631649232403	51.32786024173546
175.7867160093897	59.43436992585527
115.15853205211337	360.27515785557193
313.0168706250345	220.95945469128017
294.54845380411064	325.6551826007348
71.48475720671762	209.46942387673275
418.16652478062946	45.82914340996775
31.1362363922041	247.05188112034344
305.95994434594627	47.47112489052696
179.36540908581668	38.78032661828705
292.9708794959423	234.9960127878722
62.56934455688638	181.87692680014476
295.6274451234695	189.06269414078216
251.02798946516623	99.98215626373779
56.119842052047	46.85473120198465
183.1435339097211	175.45850089860343
78.21263222364412	81.5458995863569
283.4720543947417	291.1076269407769
146.7164953619129	403.6078028525542
32.85135081186234	207.23071743924993
273.0378192934992	268.3963584470369
87.7659874831542	329.3540367825947
289.8309366715451	254.456002229291
315.6173139539318	368.8219585169695
238.56476211112184	182.00037209457113
65.48445274016117	65.35609409347457
22.270149045133568	170.49804179087232
169.05862018624214	2.9103118782138595
387.773254910191	408.7316736358812
350.72183596320093	1.3564476449039586
23.123174478351118	131.34374164196018
293.73399158587034	64.52069890614139
253.14949055983635	138.80058613780577
189.0806651429597	386.0771198817035
299.4835101438328	133.15351203675937
275.80607871378055	220.69440178850786
31.15057163605197	386.85322960548285
314.8546642590109	407.49824580696503
413.5934060158648	106.45008522728287
87.78237872927292	116.04101764489205
86.29339694781112	234.73293801305462
391.69404778343875	8.41565932043108
234.35625377303793	202.00740003437411
102.20364852289137	75.4142645072325
156.10913478611724	218.49422370867853
320.3115261035379	135.62232952292175
59.29036159976868	354.2049474656902
342.21775539105954	310.6162988761774
114.36498252300271	152.80523396268987
184.20339312135175	350.3010414124649
205.1572598121098	94.33890147805074
273.59962946770275	175.70937483783774
237.1538162977649	223.27488412894175
248.71083272059204	9.775134264860782
94.56246956010267	410.30117042660993
271.224022792803	248.01886519961127
159.4097840299042	71.53106247880807
330.16275788010273	250.84155953811998
58.209923466509096	86.04631381487056
314.5111564548509	291.15442787308245
299.2773578446518	27.76855408313603
221.74144498888782	322.33051076760205
3.759509369389198	364.186128936222
356.6005476514902	183.78924771969554
410.8424283288758	337.95735421374525
105.16293216453124	228.56167226807864
367.5537260894702	133.25983982358542
5.489427437318481	144.89170265121732
408.5660015275085	249.55435731449734
400.2946394271788	211.44918694946597
335.02410557929664	374.7995403209206
302.2630246799439	354.41806580202336
13.07649047970835	11.820847799795942
154.66434934741906	153.4103653994821
73.8494650128467	292.74477302340875
174.28937441371667	208.9068981001463
318.7493380437343	73.45703424393646
55.938363036914346	26.10153918580391
240.9121887212729	117.47720907290257
407.7855705501614	406.36524008294913
392.24345427628856	231.77234553541624
51.856794098531424	199.44855831100702
22.55691109836049	369.22076286270965
93.76777158578939	12.807213970147304
219.4471547314025	185.68119531665897
32.16009399230571	227.62369206736832
132.2458375361675	187.51612395184586
5.9427534688243	211.15131093299078
346.46136845762015	41.7351105517717
186.7991848697594	132.85177724550996
211.73115454263703	203.96128224279087
111.32449358712731	305.5309557889683
146.07893233978362	237.6159564527945
67.42811685937124	229.84945635847902
92.71681202273362	95.79136875068694
166.4671960411498	243.99731199260708
49.7626789599677	240.02021611901966
3.49050211792703	177.59123181938077
71.98796560134804	252.6306161859917
138.30616092184852	70.94607239336042
382.61821264317285	274.6307810685066
387.10925101562117	253.48568099734442
391.6221251586279	388.85975615481067
405.24845196003525	310.9322950735313
175.63777129692443	292.57242911835397
100.84050821912626	197.80174017307957
163.96821352252422	170.80365514231383
222.00559110064026	342.34743657396234
194.81174584700526	153.9656348794909
253.4735507594302	208.53066380315727
228.7019977807437	242.8758686663733
174.88174903751414	369.18267019608436
227.34875291506418	165.8691739302457
364.28944502133845	72.73727631249285
155.91163174304288	306.4087199496036
101.71296565390881	269.9326309294777
103.05258352081904	344.63019218206426
352.1157394458288	112.06705477221003
398.5940779226259	173.78921931236493
45.58404034833877	65.51419435304113
377.98624441990444	108.66258988458846
282.62305032712413	121.05121071889032
289.64800805099867	419.2418954357775
354.79691592627455	154.7876223068797
290.53328500706834	84.06935494764133
201.6483625266666	338.34187625047184
418.6058977179531	25.41580283678718
139.58697833244503	169.16055535479447
223.10907924697676	127.57248078649584
213.13775779910287	147.28881669636496
34.83016991452057	303.3307643009513
332.5397606345125	98.86815726862817
135.04787107103408	359.2578598321878
148.1277679807138	4.536507619019889
126.03417561935096	376.6996826234976
144.26623963711174	383.7560692208261
229.93903289428494	263.4679190128402
311.73579890902926	115.74360236074178
211.229797619732	252.93126916113292
414.06916109584364	227.57670521545103
73.25322052871351	100.48581165551803
183.42124561560348	330.76124288179517
129.516737150419	418.2633455703281
341.87440505377083	169.32416648473853
345.2306721490977	61.838616527560674
280.05922177474963	23.301158268550413
255.5729888086575	232.26731745824796
273.0237972423122	385.2839990117767
43.48062683477398	146.94322878734403
75.97169673096064	45.60463687276398
234.85502668260497	23.440304423805358
230.2835958119339	60.273900098204045
334.2144726671398	150.83919749927574
286.6452799777158	151.83639724673955
327.9736791941346	275.58446767329315
343.62614849583446	354.6408466218811
206.55139519000213	117.19141105079056
284.03597059338114	42.45666376969215
174.43918591216251	154.3445393192694
138.55922605228417	93.21397431738667
199.19424064093664	318.54084763198887
194.9589555008286	23.770608335335506
340.9779964750575	21.375245663040737
251.8204960188873	251.5828020262074
86.7461397061699	63.58990343562682
258.22571989228794	348.6008347964478
294.5662023802715	275.06809947508526
237.1448446428037	80.79615230285344
353.88528731254365	224.65244565806566
293.9106814221665	373.51847485896633
67.6029648631328	335.5925858866165
116.51713185496368	60.49055380281502
78.1130391698333	273.7009541501933
215.92203783656456	280.00320698007795
15.362353746901762	306.93263098127056
407.49428364224326	376.22238911466525
90.80487856213948	214.7955270243164
263.1659084651045	294.59582887108144
89.66582262208746	308.213130268397
372.83701571870614	315.31240263321877
50.651862763806506	219.01507156273235
213.72498154467252	48.296250138645604
352.9957404202228	203.89491440233337
273.01164673537914	66.28309270385506
399.76093966867046	288.9834042189892
29.086002275310506	327.0958919970353
26.127660644369605	266.3311457740931
159.94903783160314	43.70184182263388
352.5902702346056	246.8550550444449
80.84430692822413	191.8256354551247
242.42884263334915	336.83531970522165
310.9294148166263	260.18815004701037
12.018697049283153	115.21298100144921
193.80597219964312	211.8214207537942
188.13227821063438	419.16741945708736
80.68918396805697	352.08730058990426
378.3921308645366	152.13855097635897
414.2555450967838	85.63746571798485
120.40115747598603	263.58918094267455
343.50511767735884	82.2544101022151
50.451504323576195	165.3572594971829
217.2220947079422	77.14718681117489
263.57764795239797	48.243126098621055
412.60053381494595	160.15224772861382
239.24766279989194	307.36588908303395
331.9476891407836	211.03410930875668
234.71803673747667	285.2777470630355
380.83080319064396	85.57492899248903
111.30059402900854	179.4810074648354
114.56553209839166	286.3536931910229
328.71884063769136	2.176250721396557
10.819065410670644	252.64287448292455
45.993484679137154	369.7344466335014
36.33500315967282	24.163395243023526
346.92723649143073	135.12306721680918
215.70591778893487	223.04853342913592
