349.23950202693896	226.1757029172748
238.28418225684712	327.0807099107393
207.7334587955549	83.02395888330952
382.51672258272856	50.45891433833068
191.53753826343274	170.63860265395962
136.23676626236087	15.146234342690347
105.23760235170516	191.8567617544703
17.47547418141476	209.85710285597025
260.6516703003868	241.29291409664415
325.6964852473256	311.9501356315448
397.3323871793243	383.05856519222726
310.2643273849646	399.6564955779062
49.776062084568174	34.825712209342136
295.2268131145191	67.43471294738944
151.2047995905833	345.6732661452143
415.27068221943676	296.0577958175658
222.51853536615857	414.6059429152701
366.6904657678935	139.20717310096973
120.69093049802729	104.2707180827428
279.0411349040884	154.57958440912452
82.54749938838609	277.8721469005634
64.89122184491768	365.8413791085894
33.67396479098342	122.16164796386894
171.41677935163472	258.3565451339525
