320.6179120028299	239.71939210956972
234.64827990762672	331.86311872181705
229.42342584931984	84.55818988394012
413.54639654808324	61.10332881286697
150.65139253945756	150.71437274702416
117.74687583519803	414.2949165756876
99.1787470102397	247.67205722197357
13.748002040484042	214.67127347130332
246.44284083327213	260.2595771495738
323.55517007261057	317.62147933855505
325.2296107640287	393.4648214449559
250.09102821773817	414.59733190348004
45.784157407270065	13.92186289312981
341.3352793646235	66.0342386223394
130.41887972696756	340.981033892723
388.3402278922888	301.6076411052243
181.9731511792614	10.781034678265431
399.2428739231277	130.29764304531693
161.83325949959598	85.52031202675036
298.2408997924602	178.22370114178315
35.540510158991495	293.52517528875336
15.352474326576038	362.4861971853759
73.87848681613552	154.17369578673217
166.52816375913505	281.450178143633
