351.9394960044136	225.86690413180207
238.3716670426766	327.9395928920877
207.70196015399833	83.1942836931056
382.13205564919747	50.728282937931965
192.05307349538504	170.76100155613602
136.2012834313156	14.284149418280034
106.16839735329334	194.30221358925775
18.911589664443678	209.67120882976332
260.20120673063	241.9296930129245
325.23676341222165	310.2246812353913
397.64346848394547	383.6267476393823
309.40105451790174	397.28876834211036
49.223262443789885	34.23506130421372
294.9818729649327	66.77753437902113
150.37127346661765	344.0739459636401
412.8208696388557	296.223532190607
222.69784603392372	415.399787637466
366.9717295093162	138.36350470650063
121.56284006043445	105.64612850909221
279.040328936346	154.09656559832936
80.57947574575259	279.7461530288522
64.82564071449924	366.93721172018905
34.52610391412489	121.84338674347394
171.54581774837237	257.95674457565826
