348.7241547457598	229.07822993381154
234.2265535233832	330.51466792069255
213.5623452731852	81.75559366338689
385.09747325213226	55.24125367444141
198.3141755968119	170.79520898007672
132.52149234867136	1.6925023001116657
106.6523851932146	194.90391994768163
10.161882230759849	207.8401768775211
256.3986486759718	244.02609030613212
323.2852395551425	309.439254015649
387.217775274151	384.5694659950441
303.4640252287831	392.661406231561
54.77774155282547	47.45010106047903
297.8280038633366	56.85897538581567
147.06185989945504	336.00326445849714
406.8437664085599	294.03782791284686
216.80018622827043	413.67891320529606
369.50886495050224	139.50804437358164
131.49720078014496	101.70156247691185
284.75402408468386	164.53948051334473
79.4133864035371	282.4806451348025
58.72154979589524	372.01106783875974
50.808284458713665	131.73611730744457
171.47343607004382	253.07809053974802
