335.3886767820608	244.33215795676347
216.6386724041137	334.54092887525604
237.03965838326178	94.69603715566774
399.1057108331685	70.06726389205853
186.47097771213888	174.49559865380064
134.6139184202591	408.96907096575825
107.61232049264423	178.45354741606542
20.116030642588264	191.86964522772607
247.20569323603877	258.81863335560564
306.2174872603463	322.06001316398186
365.7207841238556	409.0005228564581
287.43447225046566	399.2270447318712
47.13351610539124	25.855917579321552
317.43866185695634	77.82724695280938
117.1327020184797	326.3973589025938
388.3482162974791	324.68890668453224
211.60045848678908	1.6330079876542403
375.0723264770532	143.2605572717323
145.95066231100697	84.93414895464514
286.9068713811383	182.39259630143076
79.2667358650105	257.485265513834
49.73042057869003	366.95705786273834
62.61998638860495	109.71257133054463
166.17547849101152	266.41134921256554
