352.6131580700027	225.53918468200766
235.9800952166567	327.435956414473
217.60230433139353	82.04162523747235
388.0496386145894	51.11598408917583
193.03694928040898	175.3499628627739
136.06303663633247	9.720450008671964
107.76838372166775	198.71459943741505
18.269459134626786	212.16382335783015
257.96785824352787	242.95962993014373
321.3375310028878	306.55400056985627
394.81197552764826	381.4883895972847
307.25565633866813	392.0011757128575
53.79346282077516	39.65329592004628
301.2474562446902	60.14840640824777
148.90947827458234	343.8008382132743
409.22512842401323	294.7652011156532
222.25259591300647	414.9000450574725
362.9899328405066	134.6786264810839
117.95888931195599	97.92631102511248
277.5321208985387	156.90959689935013
79.68281381924143	285.7913165721363
62.14778256185937	371.12740733681545
35.968221894826065	126.760558648824
172.097299037946	259.9805621308439
