348.09608588094216	225.74468847606144
238.58754947664417	328.1773765124184
207.13947771106743	83.46604414773539
381.8419543793968	50.437697417039864
190.76450855825362	170.7914872260444
136.61415871548095	15.506490060140125
103.54699309735943	190.6134734267322
16.702292615912462	209.58109383502466
260.82774792741674	242.28501818804997
327.1592008096724	312.35367831864187
397.9123345075361	382.900530203695
310.8019239548689	399.8367871144799
49.22198622687325	33.667214401277974
294.4962462759583	67.13879533231402
151.74654426744925	346.30842476528636
416.3736259982486	296.02833119989947
223.5493142471741	415.91954528559654
366.51209335383857	138.82022711357814
120.45030069724992	103.02907764610364
279.1917676900296	154.59492230080502
83.36877701309388	277.01202602523335
65.09222724408835	366.08446698926025
33.822669339652045	122.22641558640372
171.35663348490039	258.54289548940795
