351.6741916020506	223.72481825671977
236.67468590240762	328.70038377507643
209.44929878532645	83.76895417078134
382.63783710022227	49.27223411922199
190.93899626010676	170.84396244881222
137.02862198791408	12.199109364520702
106.55353693653281	197.35561899168596
19.444528904184565	210.95278658721494
259.8627289501712	241.78169750172685
323.2100445263954	307.72471949420964
396.8208549710135	382.0232773761306
309.76805396420895	395.7854486817953
51.905844261024804	37.56571199719887
295.47610530006455	63.3151832476382
149.53904157372986	344.8612053968414
411.61880891773575	294.8107784580024
223.84146498363722	415.92094010539466
366.858444417634	136.47080563903705
121.59149437362767	103.98004606445993
279.94378756974186	155.45246054340498
79.6108706338651	282.56152098854795
64.64368368847508	370.13812966930516
34.28157137926977	123.93730193656508
171.64348399568004	258.0381408746637
