346.746712438522	225.16273460459612
241.9558850347597	330.0606941159749
206.697665761638	84.92087660791566
382.10911636606295	50.344432738381485
189.20485845716576	172.38219923704486
137.127635838953	14.876437729583452
101.71032417401406	189.82280759825912
14.326769826920007	207.59191056630578
259.2628043425882	242.5403211960896
329.44124371704027	312.6481051511469
399.5978088338281	382.87562048945114
312.12650362057207	400.2093691540447
49.74088101497914	32.63168631718135
294.55481191939856	67.66013276923393
154.4070093715282	347.3272313760937
416.8699212482876	295.07138006597745
224.60200052957632	417.5458159964883
364.1819625565405	137.69587051179988
119.19720693741357	102.27149448225681
276.71462981142804	155.06872349807264
84.29993138325699	277.5198039783114
66.97593444512903	365.01547697472455
31.599386285790402	119.96131062794191
171.76687911197084	259.8312465178967
