346.82337468597666	225.25202473281007
241.92686262826962	330.0658755720987
206.80000455440128	84.94019889702813
382.1720044107673	50.44518599001084
189.15647582105237	172.37981987065498
137.144872629166	14.877784768952726
101.68003755017074	189.67392841359657
14.284416995689876	207.64661771887074
259.24508786912736	242.5117245801216
329.4120995688972	312.70256933465316
399.657666792299	383.00040889199533
312.13343237951324	400.17588817347735
49.727033702745494	32.44850312767395
294.57390646757943	67.68005822286989
154.44198512078583	347.3578046922471
416.89572988459713	295.2093631877336
224.65228931038484	417.574932269288
364.1705530417279	137.7884750039532
119.10984099994741	102.19688863136432
276.6179528843053	155.04980128598666
84.26723662206797	277.3653464705382
66.98898825866318	364.86878422298486
31.564885365723523	119.97120016556622
171.77108517556678	259.852543198675
