347.0269373911818	225.7490178145466
242.01960489047596	330.4272392870129
207.19225302333612	85.05826829314371
382.3437865424132	51.1063437261565
189.07319856883603	172.377459348625
137.15690876911762	14.392407792382283
101.49030475010632	189.058464636513
14.392579389001062	207.66323810680365
259.56553990272613	242.87827988358944
329.86631412849914	313.1266182034337
399.60071978732833	382.93560219860393
312.20821434202446	400.5203060508483
49.6058403985961	31.973751878560186
294.85990563368927	68.17750739733295
154.02450129913308	346.97817030628306
417.15570270515417	295.65860038115585
224.69322791742013	417.74701300436794
364.1007838049015	138.26667335337544
118.56611679210953	101.6510000405528
276.6068548280672	155.43887098248322
84.19554228654782	276.39744245534985
66.52806576833706	363.6420267193731
31.262458749872202	120.0809046527137
171.68146430433393	259.7312666090272
