351.941372883129	224.16314563487427
236.92516875191228	328.93561563247926
207.92343197268565	83.38316276985535
382.70400373443493	49.85564920767866
191.5812895625285	170.95927094035562
136.7234454406248	12.84172751427755
106.60844704991858	197.08106776083565
19.171031024647668	210.73085999452985
259.96045970794273	241.8244291499802
323.6425626326917	308.06503592408853
397.13626010659306	382.2068722577206
309.90919514111033	396.20810655569824
51.38016360836334	36.253902760562895
294.70971977524493	64.54071835732982
149.9916555963074	344.2479043730039
412.023466558871	295.04890275456063
223.48212961194244	416.22921693751687
367.0198327841139	137.1192665864026
121.81103298076114	104.3380454671928
280.20409303035166	154.86500692828974
79.61552774836915	282.01231311476937
64.75912333120642	369.0440259918898
34.18339067902322	123.31069887035122
171.63748001488565	257.9006122458025
