346.7621610769206	225.12215796345927
241.91578507295353	330.02803920590753
206.7343719439985	84.91733086360698
382.081152404696	50.293696188495254
189.22477110890816	172.36638905269447
137.11549677367674	14.899032758674537
101.76924010691863	189.88223752959388
14.30735704157428	207.52883806601744
259.2627054870766	242.53733224817304
329.40263866259806	312.64564592498374
399.5690728525093	382.7975128106902
312.09340259592574	400.17837903730134
49.69325646979515	32.62025077171275
294.5382179328038	67.69009234707555
154.43307287284478	347.3247766658905
416.8758651559446	295.05001820758474
224.5922926717683	417.5350235583858
364.1854310337304	137.65699479611703
119.14859298897683	102.32359125573282
276.7134468700923	155.07960361621232
84.37685823161331	277.578577849086
66.99910331100078	365.0767210451049
31.649573001422986	120.05658945939912
171.77404514415278	259.8468302963325
