341.66671866319484	228.44170142585696
224.77811567366368	342.8373243117572
231.98568140745022	105.87714755998888
405.18052243716687	72.62580829605429
203.69118151838114	179.41545761306787
119.98766646265267	411.25678696458084
120.53150733109456	173.88124923990856
16.648302000460852	199.1318507221571
243.75453598271167	243.94130743852384
313.9133169513292	324.2246754048773
365.81427696853467	5.2826448658575025
287.72074692529986	396.0564910673939
43.719419176749476	25.773403054129393
313.403747165949	69.62464054248417
109.71548158293963	327.63452671030683
390.10086943476006	322.7616005992154
207.2973764791413	416.7992383227584
367.5422677836701	147.09850759207455
153.75495248134132	105.08448175896973
279.4780619718873	167.5543827530671
63.446322114433244	260.92485937853246
38.77584964140541	369.2936717127695
54.54003680085058	101.6749257925014
170.84791309816347	273.8316708383891
