341.39573215345973	227.26320181861894
228.0132777747326	324.53859475667844
221.39946878163423	83.65576275333088
399.1204306889691	68.54214699904816
195.04123063135359	165.40915080917938
120.55604145574354	408.6802123723186
107.52892921357017	197.11782141235906
23.709840378560457	213.14137447102212
257.1982341949178	245.82494928972702
316.64309604495855	306.9882028358509
387.3027914697459	404.4012153880449
293.7507325903945	396.5863040760552
61.76015951199373	47.67511968826287
313.5782984478621	65.83570889342434
142.21028730239016	328.47675398671794
409.88076863356974	301.4300498024679
205.63309588928766	413.89090150291673
367.3376980509701	147.89507460533383
136.13121565417939	88.73503644451904
282.93329100874206	166.31998236106762
73.29287495288757	279.72396458977425
48.68755384984173	365.3511362154241
49.70969757383849	130.22445529663526
173.45521615315647	247.5041332250196
