347.9292459671018	225.82460321112256
240.95583108222021	330.15374241939276
207.5286315681803	84.9046633790161
382.20994076425194	51.27814666718716
189.37660858283073	171.99377741670074
136.70536784406136	14.224774882874238
102.05185236898501	189.4792163745611
15.003071722250397	208.07800827751342
259.2473109030246	243.08940116617643
329.5191296757104	312.89247473756194
398.9359181322282	383.08002206888534
311.6675651234765	399.98224059631804
49.8492096417322	33.11139321410982
294.6578367021493	67.43922942607456
153.34109803003147	346.9291308008383
417.35807642817497	295.80499383887167
224.5722604630448	417.6277594980053
364.5948299908129	138.33673426672502
119.28946779951647	101.43159094547768
276.66482331687166	155.47456469607422
84.0869037822468	276.6406489364317
65.79904318025092	363.70898469013616
31.983012801110576	120.46874671579971
171.87873216755253	259.08989770660634
