346.8443355753751	225.51733565383051
242.02127259218543	330.1536870324252
207.1668290827802	85.02603044166773
382.42045585230903	50.77409081014479
189.0680221248293	172.33352117365305
137.01406568385238	14.692718769177446
101.55510621348355	189.37148115748903
14.248764840264819	207.66179854441606
259.30018462381184	242.62845368497548
329.60067049843616	313.04358307163744
399.5671893019474	383.05844557502286
312.1057838249209	400.50231632138235
49.53521229560767	31.909444731224525
294.9137813008509	67.9497514739535
154.3177996578428	347.2504543345843
417.17508714873907	295.54851027563114
224.55505676186849	417.5478458918239
364.031746517353	138.064749776747
118.79922227025229	101.93236478982784
276.56586661132195	155.1830188254168
84.33873567799866	276.81383256649127
66.78474177299414	364.2350619805733
31.458172024204025	120.00623828157687
171.8294415380574	259.83120093492073
