340.5541962232615	241.9687730360446
234.4331596332719	344.7531877356611
231.47627737447533	104.09269260778268
406.4138321314117	75.73936095775704
201.44914636179817	174.27091199747372
125.07038351894387	404.28918491033653
117.95765089268141	194.25284866855705
9.336833458364403	199.6971597648624
248.24444352255946	241.67863921567132
311.0295922813995	323.99517290160827
354.8568886605466	413.91896537565464
280.46239692450104	401.35278221142823
35.64309596258909	21.18488852653174
314.13630291371885	60.25692560057594
104.1652859215468	331.5160194324321
391.5477600441781	312.931183155156
202.37236698631446	418.4407333642431
376.629039882902	142.72213473406984
149.93620332540354	100.92093319032267
281.1957017683671	168.5466916542986
50.66531410712168	277.26243473894755
39.511837422606696	366.4731427393016
63.190922261314235	106.63521297582702
175.72453179641013	280.8055436170365
