333.1798930358473	252.65121337191198
237.25194065495612	333.24322869084574
230.77048889192878	97.37655806721112
409.860790248794	67.88841011755221
188.4536295662282	166.15780189034876
128.0374884279921	402.52826489952207
104.21146745253293	220.8009748826677
16.725203136231904	220.26072623032522
251.94144120426907	246.9640928183421
306.69771836445915	321.44694308295004
351.6471218997182	393.87867260362407
268.4482980927412	415.4335945510998
34.08452337114911	13.052724810218752
319.0338047398836	53.397937763174674
106.22237232829055	329.600280316222
385.62413242435986	312.0528194825396
195.81653719574712	3.872054303088693
387.0799171468612	138.99196774632426
147.3892878962348	93.82599371007653
281.5035846040042	174.76014599327502
45.20062325082251	284.6124495456072
33.29103775757744	356.8978935103877
74.82920530030516	120.9533970381124
180.28509694200173	288.3175015702907
