353.7184161222748	227.81322259509128
235.40123275139814	327.8249929753183
217.52356674204114	81.44921075865648
387.51376960695126	51.448719101009985
193.061212820979	176.9867717650433
134.76781266190963	7.914410968931474
104.35524854201736	199.4031313488815
20.817059237809854	212.92028016229335
256.1314897958849	243.40216102710113
321.6335112032104	306.8679376147833
395.7485604832574	377.01424826676515
306.5378704429638	391.8186714261109
52.80652395917617	38.36429103450293
302.32523582584025	59.881478970496616
149.06091885625872	342.75741213346635
408.6046107073016	293.06020590038275
222.14132578814764	415.0492801012391
361.67513301843377	135.55366585161195
119.37738292916323	96.17768965412856
278.5577568175744	157.39737896253305
79.72921083997286	287.9485475376205
61.723793609158285	370.7711898427421
37.62350416247585	129.64571074251356
173.22366390449218	260.43221412796026
