344.8507292135701	229.62377973238455
238.80304073530473	330.68566890481435
216.42831417495648	82.69545131389296
392.850825640541	55.845606540941695
201.39341939478126	166.52915151357206
130.17444690914144	0.3370782065966607
108.77949746128307	190.46677463619002
8.586657568282662	210.64863689003676
257.2363662006731	244.25702880322555
321.57970487422506	311.53463847653904
388.7489055224406	389.2846427723172
298.884225407229	392.8998413529803
56.32346968998912	47.452708159843155
299.3206410138708	58.029035845982605
146.85587860927126	333.8548990870414
407.9018329640927	293.9614153353516
215.92790914239148	413.4382901553326
374.3392045734126	142.91389335958587
129.91413519278248	108.38682937826098
288.45522163070996	162.3530539795421
71.21851582060516	283.37333127136657
53.53681212602762	370.235184206317
43.08014965575021	130.50291022451205
171.17167759150706	248.3515269591855
