340.7928217945427	228.35979307595255
228.03894073214374	329.62881553777817
225.59689164485664	85.57072479308233
399.7608035825533	69.93963510032184
190.98660498824773	166.42353915310534
121.85490945752237	407.28968381229953
110.50707310609337	193.30963638451746
24.723724082020755	210.31864540617465
257.6652603346707	246.5261967033318
314.087498151692	307.4554673253012
382.60661912963633	406.15205349806547
288.4833288602517	396.86592018298523
61.02384497859444	43.87146587616059
314.00903593563606	70.24131995874008
140.6630186534771	326.6728961153215
408.34690659177664	304.6786294405387
206.02974879393605	409.79526107690873
366.2082634611842	146.91415870046666
141.9228848640233	86.52051443559952
284.3149898261916	163.74366527655096
73.66317155135206	278.1130647700639
48.66265435935493	366.75335198775343
48.960128071405656	131.18275257603236
174.8369304674143	250.77228288778701
