342.2950971522748	233.0820432317089
215.23575847155536	344.3501579186007
232.44379789046323	89.6293442004717
401.9287466487742	66.929182464483
200.26786129019206	163.75737230929442
132.2292631320983	403.53887178243554
111.37396451552034	176.80285301760514
14.68802994552363	192.32120066453118
254.67470110808793	253.40578557540258
297.90435829452747	334.18187624591116
403.90365587076377	402.56886909721686
288.7246344355468	419.2438857757252
55.87659746025943	27.57635688297462
316.15987020747633	76.90436658875849
132.67133535293095	323.3928850566101
389.7837516789888	309.1300154777948
208.58770949283854	7.6371130469270465
359.8447328845149	152.48455569300802
147.58833664997863	89.80698958540479
282.81214012783266	175.19183355518956
59.50974039890725	272.81148732974845
52.330630281462554	357.79819168677477
52.17096612004942	107.54582896267175
171.12910544844192	249.16158540767327
