351.4141713274293	223.43182427248166
236.52055697506418	328.2377942987864
210.37044990505706	84.4900521040573
383.08116200329334	49.1804555170107
191.2967314550628	170.44601250090147
136.61729149880878	12.01158837072318
106.57876336732326	197.73885570607854
18.876987406449935	211.49480164583676
259.77377375829053	241.74493345287007
322.8183531680966	307.4165266053337
397.0030681827763	382.1331768666884
309.8432825615639	395.2460093303123
52.10535428393709	38.335775100335795
295.98949172456537	62.22368926495357
149.9559723764997	344.8524936346257
410.9216547569441	295.1500217416353
223.97571142164398	415.7151643011075
366.6969701109628	135.78478819988732
121.39267870793573	103.65583935430074
279.70850271096003	155.98252853489288
79.61588876667516	283.00492579195924
64.4599577221722	370.1611927042777
34.3284656078978	124.60191914166113
171.64892124179374	258.1626877425507
