324.22275097085225	241.83249308190435
232.52328528680496	330.77521291153545
229.27030170905877	74.25165898883556
5.899630872436359	64.25466419850967
129.88941157241695	152.35990334279248
113.79922589385711	3.746200656447529
83.06949164565856	249.2978622222465
6.663104582934352	213.1693393762228
262.4172772422967	260.5498045755719
330.97861530010374	317.08160259343174
306.80374761872014	403.8942646534418
244.15802439584695	413.18541570774295
52.12763878601177	20.231833658867952
336.45586120007044	76.94660552351242
141.33950664930163	355.6163862437394
376.79433388829267	273.78633159328444
177.1160757982945	416.97809818569095
407.3441929079779	128.71798706838246
167.71337118348185	85.23463710386004
306.4070649578158	166.84970202397818
36.88943064356229	293.2692123418374
4.380530224416944	372.3465450084759
65.2938038836816	180.41685992356855
158.670005705179	287.01048153473687
