346.99766733424667	225.81043120099054
242.06593480429973	330.3204357337119
207.1628989934566	85.11857345128237
382.3709636378012	50.98768525055899
188.96181230205633	172.2927859122895
137.15189095232628	14.494291785037653
101.48450209322107	188.99442431891515
14.392744480303467	207.65086086817723
259.54763664456243	242.84968489486434
329.70833836833646	313.2062716994593
399.56015350481124	382.9816915215801
312.2520449747827	400.53979630940466
49.600220044349506	31.947479259929477
294.8807089970528	68.17299550933173
154.02561705008873	347.0378802761732
417.1597185100416	295.6200111779996
224.64784441753682	417.7946822496891
364.14135515850165	138.24414437489838
118.55863461959065	101.59356883455486
276.5744129209122	155.35146439943168
84.26177904575053	276.4669535511766
66.55888733592407	363.83258163555587
31.389421753732996	120.04197947050902
171.7618934007986	259.6856083849456
