340.79552859380817	240.19751170129857
223.50992811314305	338.74388396548096
234.83903207898263	87.5460138616121
400.98971966296506	67.97817955798945
199.16724161983714	167.67338241631248
127.11758503377807	401.7202544023162
101.38807363432028	188.91140797542587
14.812348701451777	196.14561568074075
259.52892876701327	245.33280782561476
309.42041344749856	316.28997294429496
389.09128949835025	404.76315200632683
286.6344283819304	405.88495302117593
62.14622546657275	35.302939153315066
315.8147702469134	80.50195207959746
142.5345375287405	320.06864164814687
402.3823995356569	307.7346960093778
204.79936613234372	8.71649341240631
363.92787189042167	153.6112351245702
144.8018999872023	84.10782718580725
281.11472151000464	164.3469885741053
62.534861424817976	270.3935028223634
46.05005264330637	374.2601063047571
58.601677918496236	116.84764990457991
165.6227037323425	242.08055113034862
