346.9849627322213	225.83708754250446
242.09822818954356	330.2126984260497
207.1615540858186	85.0967582736144
382.3827597945997	50.93618180754449
188.98013381142243	172.32273819040205
137.1539799512702	14.480822918865702
101.48511053267745	189.08101325087
14.280302520872516	207.6695896909609
259.53912489809045	242.84170208122435
329.6426092323954	313.21731074063155
399.5745877197309	382.9959670907943
312.1966463275921	400.5861844580639
49.597780542297905	31.936075689222253
294.90788489001545	68.084581529196
154.05658202701167	347.0156364741333
417.16340220079803	295.6028732116308
224.65561844276095	417.7319934904825
364.1589650627891	138.23436572273442
118.58998352743558	101.61297836691058
276.5479161807821	155.3705595727794
84.29056578468658	276.4971322423172
66.58532171693284	363.91967183464914
31.39590641009721	120.03537141665991
171.78726560596755	259.716905122638
