346.8127662173507	225.34961405075762
241.9521551371473	330.06030173488347
207.0033008151147	85.02555319698786
382.2797297314536	50.552164208979086
189.07173825136235	172.41198877445962
137.14729912141215	14.80577601765342
101.53722619386737	189.61495800487324
14.232015806544823	207.65913115798432
259.31423860974513	242.5519235151309
329.49801518322704	312.8535037358852
399.5794066945523	382.9922127489327
312.1122053191152	400.296811498777
49.666887991924085	32.17574359030813
294.60243537983814	67.71798724107057
154.46206770456044	347.3326638199976
417.0122606797153	295.4757363734926
224.63242124209745	417.53760898420035
364.1745595375511	137.8484577074952
118.90866810894856	102.12170894055916
276.62068554609715	155.0462982844996
84.3045712164783	277.11045992684234
66.97026992807953	364.64924079250216
31.553286276461638	119.97797255916255
171.76951964546535	259.86797967125847
