346.79403543355784	225.39186392187563
241.98131091643586	330.054199902058
207.13482123005812	85.0793776219939
382.3646643667409	50.54790627703294
189.0941256836371	172.38131367404222
137.11679251644358	14.812863258430937
101.49951617847417	189.53275446790317
14.191891891649137	207.6689754075989
259.32789615233736	242.59258851577553
329.6030848567353	312.9177684192262
399.5680419520523	383.05233617640096
312.10911810083286	400.3676837087946
49.62805952214616	31.99965729406836
294.6089028627635	67.80441320835024
154.42167914616593	347.2778790822634
417.06181641924445	295.5544062844832
224.58013984942693	417.5160189898299
364.1339571310333	137.9060511562807
118.86550960732522	102.06393451382867
276.60723706149275	155.1175818396747
84.29739739402486	277.03864862008464
66.91115648614392	364.5168738130687
31.496811765236806	119.9923506666304
171.81970417523328	259.848394334861
