350.6427582700798	223.20680054973727
235.99992049225455	327.3801499882016
212.8863261737999	83.71111346954216
384.70134369692676	50.33589977452155
191.7280576980936	172.72111621860887
136.94851420787097	11.75089594585251
106.76912980413715	199.05445640815094
18.114115503739256	212.933306475107
259.27032426424256	242.56715589630952
321.5171460818889	305.97576846017716
398.00232762742536	383.4827486739818
308.90874967036643	392.8276791102184
52.296348263870215	37.88392887944832
297.5166591834905	60.455685572703
149.23166703536495	344.1295848553079
409.55153931572727	295.9855130520612
223.91432052202762	415.2611994590749
365.4992350177762	136.26196385125525
120.70186361800774	102.52933412215836
279.284375200471	156.13184201647087
79.94137852702185	282.7627192762714
65.14506499986487	370.2929463249787
34.67241609507668	125.02772313934685
171.6678137754877	258.59544466560334
