350.45567452726584	226.22985718206837
237.6669503456602	327.4465957570248
207.92982856637656	83.32448279557964
382.62448337882154	51.51397256007384
192.01152720136648	170.48249273771893
135.959896088755	14.848722261463676
105.51029930282537	193.24974815079796
18.153142485024514	209.76455068287535
260.5734857489915	241.03583625805274
325.7005367385933	311.45204019007093
397.5600167045567	383.23574186242024
310.32703672979704	398.7170135803661
49.56106549854407	34.42422603244579
295.0947866046878	66.46749511513605
150.61757057275958	345.10478914288643
414.1838627628968	296.13969293708067
222.2978615129623	415.05305927963275
366.82110533913504	138.84013469421282
121.35543869600704	105.28996274177437
279.1915262441439	154.14224189800063
81.82992181264048	278.6236631162732
64.3739358274502	365.45319141336677
33.86701763308705	122.06348143178501
171.46933079580398	258.1937246305269
