346.82069024898334	225.11619369708367
241.92571449232548	330.0248389606748
206.7943540304346	84.90799442591816
382.04925993598175	50.14509585555926
189.26602962178154	172.37436456145957
137.10234819507411	14.934289198433783
101.77693834538057	189.9964806111083
14.318974577516656	207.5231454505318
259.35590438252325	242.55780460757435
329.4093395662731	312.6263655807315
399.5294510663968	382.6692819866195
312.0477720335504	400.10317862802714
49.573800662674195	32.64713398494606
294.5446879740957	67.57531814388963
154.37480677148264	347.3874187624071
416.8686018223322	295.1714980798589
224.5717451521229	417.51527201076436
364.2134724244974	137.5862971085282
119.20457620253514	102.38097307386153
276.75565966519355	155.06789586025957
84.32537565771004	277.6366835517961
66.98060831142023	365.1808312292111
31.650774745158984	120.01259626799185
171.7570700771369	259.894676102267
