341.0838245849078	228.90614360910638
230.04573596290072	328.0152350740096
217.5287722714732	82.74998519595388
395.199841986563	65.89467228952651
200.05339328251807	164.155205360517
121.62228577005011	409.33230391044594
102.08230321644224	201.17619870724087
18.98033751140249	212.76444752617542
258.11140984785357	245.0704070974803
317.24560225708996	314.4846674415043
392.59580772103106	398.58382085349007
300.9102019807801	396.3177093286605
60.02516835853201	47.76643700907046
309.3504475863696	60.331959985909556
145.03242378020957	326.2065068648102
410.17026756230143	297.743812850674
208.9976735291546	418.4091817882939
369.2752207456464	145.3246047605919
133.1605314221824	94.51431333299722
284.58426753079635	159.12485773927617
73.18908971115819	282.662179793671
48.03670164250154	363.13159426499857
48.13578445863551	134.16762875705885
173.97282291474363	246.04323899831746
