346.95832766421495	233.1513984306009
229.6929688170713	332.4204744528861
234.41474019140463	89.8538157252832
404.46793654085485	68.01103721067427
195.5937547950084	168.42863624475373
123.2603300182172	405.01551907640317
101.87139016544391	190.51288571699874
14.128642964420589	205.03938407114887
258.29762133428426	245.95674056804927
319.3960960599243	315.1431079921437
376.6598296816541	407.4147920743645
291.09932541837435	392.45946083042315
63.48631345312729	42.68141216103308
315.93762540076165	77.92101740679331
142.25317538473723	324.01995426460013
402.98147127606467	309.8843304993879
209.77084980233408	417.7438461052089
364.27087383104174	152.03083481085474
137.42027997360677	80.43606918293717
281.9298979007976	158.32104021790045
66.8202720729719	274.0658553006301
44.31654122111125	369.25667289740267
49.632600767924814	124.85678290566409
172.62071875661238	247.31069145708577
