347.1997705946792	225.684661613407
241.5549819584757	330.3010948454664
207.47079780767908	85.29031485421785
382.23129282503027	51.44014192900909
189.371425464512	172.28339405620724
136.988779258163	14.117522526567072
101.75501022831978	189.1470238549786
14.458243209014023	207.8870782953635
259.8731908965612	242.89817258233018
329.92551865964424	313.0088088552691
399.2704551296048	382.87738127118575
311.98159668236815	400.1189441174508
49.71278479081637	32.473668629038634
294.59482688366893	67.7594395682679
153.75941846367925	346.8309487578078
417.19029959611237	295.8571318496733
224.75590432482585	417.6164287183702
364.20678386334106	138.47513211100855
118.94162423995964	101.29468959827008
276.6714124035891	155.65706682565553
84.05486030428041	276.3955500678223
66.19281101799372	363.6747506943876
31.39649069616896	120.28944506449298
171.65368745683298	259.66131777893395
