350.9735405791601	228.79392046470733
232.4107130914946	329.8348339193322
215.96123191018992	80.3196776583003
382.9857553757467	54.06554527211439
193.99341846561907	174.6381024010637
131.88547876389865	2.7739344380752247
109.32294451662834	199.7677356901169
15.612077120931765	209.48955605781921
255.68390372039264	243.82905237749924
322.81018206114453	308.89943265300906
391.4331201223874	380.01296756668654
303.0268844991702	391.9039341064426
53.83613443917184	43.25707542573024
298.1710270420654	59.31500853178357
147.3853487647216	339.3617991706012
407.39657004241013	293.83353197836465
221.20324287819588	414.279559710965
365.25371275528937	137.33199416713632
126.48761598639571	96.2626212866595
279.10267893127013	161.54363607240887
83.45300960602887	283.0562931099975
62.380080923837674	372.98915899164075
48.2010111625966	130.47385650862378
172.49353931099395	257.8114418180284
