350.7039068791563	223.15270661608966
236.27784422186716	327.23073776753824
213.78498835170817	83.40684000876506
385.76807697514005	51.157109303466946
192.12106585600114	173.75437199044276
136.61428071686248	11.73936308995538
107.17442414240057	199.04653587551837
18.2432473548408	212.22897503272017
259.05258207616157	242.68531322746722
321.14434914739	305.5632136988619
396.56461051746504	383.25943938283706
309.21503367438896	392.508968456184
52.96502287782643	38.76180342796847
298.3440459091938	59.922360138274726
148.78240527796447	343.5665295465979
409.4336293964364	296.32902931842244
223.51936445049037	415.11817871574704
364.5235608424243	136.70545591259378
120.24772829842043	101.78878021551303
279.00555777837076	156.22999928990583
79.9219209768925	283.2058961597388
64.79253064219625	370.11872335784875
34.968508462078105	124.92015454754356
171.68830063465887	258.9051967298282
