348.80300874714607	226.3450771023605
238.3626627421585	327.6205878014519
207.4902672826015	82.94156243934076
382.2140753279717	50.353215694374825
191.5217974116061	170.64479411157848
136.3255706015529	15.258810305970515
104.64621207253285	191.4962578088601
17.34046727744084	209.49358172376833
260.7404876544241	241.36771146888395
325.8458593094297	312.14431708123834
397.6079771478691	382.8336216438801
310.29119306163733	399.7538205285471
49.852619994908466	34.96289153604554
294.93056346455285	67.324762204281
151.58590549486266	345.82278690146387
415.65997919178506	295.8820760669715
222.65088355757985	414.88723439822536
366.6505843336496	139.3430200835788
120.79146728454167	103.85021694767026
278.87579119462964	154.51801261366145
82.79672287693654	277.61113610631327
64.97658122993828	366.0101570687871
33.80229725294376	122.19911642604924
171.3985275908678	258.41309469074304
