350.99835530836606	222.96327776274197
236.69914260961798	327.3827529229348
211.5387239654103	84.12871274847865
384.30925076431265	49.95634745913519
191.49524432691925	171.49310244748077
137.13156201783335	11.740722293617004
106.66637729920798	198.34434558248773
18.376285877474373	212.44100548287335
259.45045928820707	242.46508938572944
322.24207483972754	306.56235688170943
397.629748629049	382.97033587505587
309.2141259383953	393.8271673054147
51.6565285347899	37.79551067826168
296.69061251391895	61.41154174749659
150.13585559358083	344.536164514592
409.44744593815227	295.4747238208705
223.9106809838358	415.49293072388735
366.1678970493597	136.10198667250853
121.0747391212791	103.13737846209409
279.5133029717814	156.05124832302042
79.72733319581961	283.11545549601954
64.79340144247018	370.3614943318933
34.42930443738664	125.11604415529708
171.65761631004162	258.36185906819804
