351.2666483418113	224.0907459789751
236.209728125571	327.28162684138334
215.29409149089665	82.89060780197089
386.424669344426	50.811877390145824
192.889078656543	174.23813957487684
137.1790589808021	11.273592855183992
107.97861212481835	198.76538778543227
18.465303811660856	211.11944402259658
258.6963397979198	242.78407924379206
321.17045984282015	306.1796771353681
395.576368968867	383.48588363616255
307.36334330876	392.49470491344925
54.46374888260911	39.77165300216877
299.6790159898119	59.999092757269956
148.8563060544276	343.52366981727937
409.3249881638182	296.0900355292028
223.08125767841355	414.83511865905257
363.16635532156045	135.5222466729214
119.44269878476686	100.47602666918527
278.51392617420805	156.4128378589726
79.80169213287304	284.2586076876691
62.752072452310024	370.418654438358
35.37191015815792	125.29412628231862
171.79286093872545	259.3600026679371
