344.39520788103783	247.6600228390751
209.3494731863157	335.10383648909374
232.6255315813644	90.23112827399162
396.73972839508065	58.4045829598426
192.88157595932302	170.99016982748742
130.76501231794455	415.054252701645
102.23690749578215	170.48117446674
21.44641529335495	191.38760746353375
251.42448905445931	261.62149672967337
299.389837961364	324.1491237029022
381.58566377934307	401.2210971823763
290.5446888202055	410.6500301339005
54.89343934759929	26.211725209507954
320.40122566283327	82.02308000432016
127.00623863964195	327.86923326899785
383.45710736365123	322.83915202247033
209.62917011012456	15.32031518448601
371.15593127537784	146.9656630537082
142.168268956064	75.34195153299129
284.65074176867796	181.10247773020367
73.67749615595038	264.0893959359156
54.12371003192048	367.17764561401503
60.47870853602723	104.24384092775571
169.04641209486226	254.12255228761555
