351.9774286050697	224.60967358745836
237.80163998466173	328.66657378114763
207.34837444163182	83.64147504255277
382.78914677874224	50.41510406498781
192.60815337396312	170.98146749817718
136.3142254799545	13.544690038692684
106.87557631929056	196.46193723255743
19.1425096544035	209.68310652617694
260.0665567359053	241.8708188535187
324.37802626582015	308.89718237583673
397.37046422713155	383.2282972853318
309.28797548925155	396.766262568633
50.60676340170692	35.467102493333684
294.33664052542974	65.77513765340909
150.4410833291686	343.50674234883775
412.20835946919254	295.67887420410386
223.0703685271205	416.05921235960153
367.10800187067144	137.42302714377917
120.8584874560087	105.03787578520243
279.9606007025223	154.33067712161161
79.68377755707697	280.73112190368045
64.97808156701436	367.9994254505995
34.222678167911326	122.6452230294682
171.63791819465072	257.7231868849926
