346.9454536621291	225.82327178319895
242.11021664408096	330.21639480023583
207.1794746302962	84.98010447014028
382.396697977463	50.875326020435345
189.0267068023551	172.22194547868483
137.12419064150194	14.541014117715893
101.49332951539608	189.145237591439
14.264550781807062	207.6673248958771
259.45122158452006	242.83189114640274
329.56682926508535	313.221046649543
399.5020613164405	383.03249137197184
312.1414426526452	400.62129211564803
49.59489805893726	31.92260138089208
294.92392819410475	68.06161458309721
154.15650021676433	347.0939779357348
417.1677548010775	295.5826232172269
224.6843900874064	417.627698336395
364.12617533977595	138.23399230954647
118.67192844745782	101.71956345073701
276.54669444725033	155.23839724606032
84.3112284125805	276.60068791770146
66.61604872790801	364.0203160429645
31.390995897430813	120.03038223692667
171.82460505440235	259.72690606252684
