348.5281089193595	236.80898976989837
226.60477422017004	335.57877795206605
231.08077007873973	88.07830458590537
405.57659431940783	68.80116916057686
199.4742615888994	167.74333342669797
126.74995782481732	402.75423578099566
97.0590155282775	192.59877853010028
10.976342836994524	202.6250173646527
258.91261275079916	245.6451097999077
315.5454776382384	312.95523451027015
382.8688729139144	406.0903983135669
285.85451410239773	400.242829028776
60.09536352226512	33.1805322105782
319.5963171669804	82.59811874197402
142.9310318754	322.26396129039773
409.997687133669	310.8928911460474
207.92118435032623	7.384216515157104
364.02198508046996	153.2044054273264
140.7274596538549	82.07277444525442
281.1476885057455	156.9853253415426
62.54165459599179	270.3907381468583
42.89616250628636	373.29006933382215
51.61349586872521	119.41584588246768
169.7374553296134	243.94279680294613
