346.8483335417838	225.42509576419783
242.00221887007265	330.0791745123726
207.15652676225105	85.08027133385536
382.42062595319976	50.65897792932647
189.1107194711311	172.37054997552897
137.0756766144808	14.71579661393173
101.48980839852378	189.49166076016348
14.2165751109643	207.6657202350148
259.2813895441298	242.6286642004609
329.61651948711153	312.9695740698086
399.56426604545186	383.0723272659334
312.10508781981997	400.4392191622564
49.58210723647722	31.88764943722556
294.72798571481184	67.87003164632092
154.37594051176535	347.26931465231496
417.12136015711536	295.54941758676756
224.56716616563472	417.49291487948864
364.05039858108603	137.96109681989816
118.83649983270571	102.00776037233273
276.5966999248717	155.17345426611908
84.32651029865896	276.9907574305669
66.85637803133518	364.3944284254715
31.480017734563322	119.99838665510131
171.8088037331316	259.8436384257235
