351.5343710136179	225.9394398887441
237.87487606066998	327.59562783402015
207.77992329067663	83.33217971748356
382.145109524293	51.25615686672915
191.6916633530289	170.71441570733117
136.06835685268007	14.572200033279419
105.87282278444921	193.14687944408251
18.64048651291973	209.69799194228463
260.4371022093098	241.229888097915
325.60728503558727	310.7355649504284
397.6299120344955	383.4236935196887
309.8791212634983	398.0112673510086
49.032293162222224	34.27171612791164
294.75931113065997	66.90203507938179
150.62267624615032	344.57200797693343
413.4022783672216	296.1985891136981
222.5416973439353	415.2149528836071
366.88891545032845	138.6434308570923
121.77800182588139	105.93575033093025
279.02839132359725	154.2754702053542
81.213451978143	279.1771473773321
64.53177723254176	366.313823216831
34.65590263546239	121.86991883864678
171.5071230790446	258.07663253762433
