346.7811651119973	225.19753840948218
241.93407497430718	330.0647325332684
206.71954555029097	84.93778669486404
382.1378469976978	50.38242281931189
189.19207921581557	172.36620607576583
137.13998081206145	14.854437519140697
101.70036495230319	189.75691926230266
14.302922767514488	207.64239751853967
259.2580115852465	242.5128753816035
329.43042136142856	312.662064803258
399.6244045388679	382.94485929638125
312.14129700262754	400.20750695610786
49.73746582240808	32.55088670713264
294.56334616516335	67.66771577316968
154.40045275723006	347.366882245981
416.87128597939653	295.10836950378103
224.66456920419557	417.55991873480707
364.1732481381697	137.7414516519181
119.1811469912955	102.23428994482384
276.6813450937235	155.05899691950665
84.31677444256565	277.4458643631825
66.96705980670933	364.9544709599232
31.569139636137308	119.96871621246808
171.72990769554457	259.8483917872258
