347.07802243349573	225.73398910984216
241.9675204355252	330.3371630437681
207.27453456424107	84.90311612989082
382.3009181102287	51.280787378614114
189.3584834973949	172.50139974496412
137.10729585122652	14.45367466813038
101.55701158733694	188.92587082012892
14.35250642926761	207.70605945375863
259.57173433842763	243.183672101286
329.8989735846346	312.9868271229323
399.58404437466834	382.8788131031941
312.0781142869766	400.467949750145
49.62143176302189	32.046634468076526
294.8174552593856	68.11731925913304
153.96364983916038	347.0755189746838
417.2853108389181	295.701115372299
224.81072224157057	417.66098176371156
363.98830699863595	138.32951417634928
118.63502588356373	101.5511588736909
276.7191818649295	155.45013790302178
84.17009031166842	276.3088585867346
66.45648646996894	363.65182687116817
31.026199564466257	120.16469374233083
171.59309702177788	259.6199206990394
