348.1937746900506	225.4760110550092
238.93916074682124	328.6752276843131
207.3308480744724	83.73458950931291
381.8573388674379	50.78073275444258
190.4245576214393	171.00171535422183
136.71452560202394	15.508514156538205
103.26050040292519	190.21454816323924
16.350285314723692	209.3641585710416
260.64664999990237	242.13044005686928
327.66120853990077	312.42804162676435
398.26244802731946	383.14823880145093
310.8992973873549	399.9386999053814
49.146991367233845	33.6569285323129
294.5469316929999	67.38115899765062
151.91159285221056	346.4767623491357
416.69263742704265	295.9115522349018
223.40765972415096	416.39097597962433
366.00941373484176	138.12537008756956
120.29801988078323	102.80960717627589
278.84115169897484	154.8634636161015
83.60425055344187	276.7654154984784
65.22129523797926	365.47638541426136
33.62262327245959	122.20725239829771
171.3393886948913	258.5963251417254
