340.86369629584357	231.77672845090657
232.31680998296127	329.737066242847
227.56766178523387	88.02867457866002
399.6911183669531	69.55002624397788
192.27490942420013	165.7165060175228
120.83562875947256	407.0362605616569
108.20927484122954	191.39672681311066
21.785510149216577	207.24782812158625
258.0374659882049	246.20921360799352
313.2883047777407	309.73678846800016
378.20268288614733	407.7939394534309
289.80342478823945	396.15107533512565
60.768378907085626	44.87417609029501
313.15564797370064	73.56924882133386
140.7997077020646	325.2178464011081
406.90849459384583	307.72505460806696
208.81702652674318	412.13804285191173
365.9879539415389	146.35784687235514
145.11145276767982	84.49981676266175
284.1024362227634	161.63472634058925
71.46841628421018	276.6432196190876
46.70845936702526	366.9871844728946
49.32365593267667	128.59888594406897
175.3510854167521	250.24331061332592
