343.2378975196786	227.5254538642099
234.99223457025047	333.1601531510316
216.79621683131012	79.66528151410915
389.8438443301584	59.56829826072575
203.89821735809159	167.32686699687588
123.9410979951337	412.02775629474604
104.82293479148996	197.39911898480386
13.121632261196709	213.7772021981309
258.2970429748571	244.54943178264193
320.0693002731092	310.9549469061921
388.2917034782864	394.39366593789265
304.4671444281913	394.71557342935654
60.01827345380357	46.153027498691934
306.0374742988596	68.03422853842889
146.59507521914009	331.1347443991274
407.12345091255384	294.3162288141789
214.50216648828206	414.74634767509997
370.98558520464553	148.6893545032253
131.42901620288006	101.86921994321433
286.52432455748095	151.53881767152282
72.32831222681834	283.0442587566038
49.5851986114691	367.23122425938215
42.7751288512423	132.6740322358613
173.1927541030723	245.7738028007624
