346.834794867732	225.11104186626596
241.90302549840385	330.0281558972152
206.77384207337298	84.89452938296803
382.0618488260739	50.20571679094808
189.2449779666225	172.3606215178883
137.11390283282557	14.918894235741396
101.78498019613642	189.94841404225986
14.271609422407824	207.5587034741812
259.31549033842	242.56479781167573
329.39908036440943	312.63651220908014
399.5277417210686	382.72423229950715
312.06741657618545	400.1469870501645
49.62704129460995	32.60941266591219
294.544059161257	67.61143783906056
154.40906072896797	347.36022462755403
416.8747396275827	295.0974111061288
224.59009899761463	417.5102540388973
364.19464351196643	137.61520362414936
119.14159625041414	102.36614073483244
276.74437381257724	155.0921249977541
84.35422578007508	277.6476394053092
67.00570817537711	365.1299258338835
31.68542197546173	120.0186016140054
171.74825784932315	259.87865822558086
