348.3219126474277	226.27752223461496
238.45519135921222	328.1275653221674
207.23978444515387	82.93739673584716
381.76253285292773	50.242570249463455
191.09629136167013	170.7272181528315
136.48759582022507	15.39753163167073
103.88348964681944	191.03131197941565
17.11496351003582	209.546423196231
260.79524384172873	241.85570920564732
326.6248853632402	312.2745292104009
397.88090367492146	382.93885571857584
310.4959483447246	399.51106978516054
49.58246715875421	34.11285070981095
294.58134188018636	67.04123348196013
151.46805101434452	346.1439744463875
416.06128505191487	295.9776665541538
223.21780283171756	415.6083007857486
366.6269868870687	139.3699274358637
120.83562170379547	103.32818375463243
279.0672350310994	154.47785797821032
83.11814909990053	277.2745076679723
65.08254926120351	366.2287946981735
33.99465962938825	122.15456638529484
171.3749880980219	258.4860272644551
