346.83135651195056	225.6341609698472
242.03531258130897	330.20350078296946
207.1716882373009	84.99988163545389
382.41478401570106	50.79636019659255
189.0503158049772	172.2541345177817
137.01757058689984	14.647308667943928
101.57104998035459	189.3326711559796
14.271504485843803	207.6590281621785
259.32666225545427	242.68597879843733
329.5894743687049	313.09586491767385
399.56925436487563	383.04863919459643
312.1175226412801	400.48973253821237
49.571173316821266	31.909062201793468
294.961185149166	67.99248258913022
154.28522167500188	347.19321001044966
417.1734026890309	295.556347039284
224.54699992046466	417.5840966502653
364.0452210353437	138.14542008902544
118.77060475630094	101.8827983254797
276.52889170803843	155.21096874291592
84.3323577561652	276.7639542944983
66.73173181113387	364.1344218275296
31.44273965736572	120.01178487072664
171.86146779592053	259.8041658396265
