340.7361800019911	242.0477572104718
219.65586369329384	342.6854442400468
232.908399925481	86.60510518409757
403.6591549655847	66.1641515264676
199.64253104216672	165.9476505304019
128.80305150514027	401.54167498282044
111.21434363453407	187.73885894487287
16.672646080844476	189.1032332448557
255.15060777172508	251.18702333747115
301.1841775184383	321.8860614044297
396.7293487544353	403.1663018067803
288.5445184644989	412.57552682924745
57.70498326820519	33.98858171211685
313.98124568590896	75.94047398205102
139.6420644228073	319.9133093210741
393.1264947425198	304.07015760201443
205.50248824580632	7.693459779155893
362.63253560872016	153.4814954697082
149.87586973448575	86.64211292688911
281.5868798061445	170.43923616263996
60.866266704220095	274.2635285845776
48.27718987830475	365.47112434526247
54.21441732693499	116.58246403077658
169.2955021882537	244.52788389525585
