333.54376329148107	211.6903683966933
213.1081466859721	344.8292593919184
233.09968009209524	31.23192484658206
413.6182393085831	54.96515050546462
117.41713034723385	129.4363221982981
101.44761598594407	8.368463435557267
17.176975675930002	303.2677920527656
398.0254726494128	238.2080036511098
231.89053557520137	285.6037436058613
311.74114279074263	370.60391896418145
327.4281477818832	18.908024548006804
287.9408956822095	9.528384982243034
412.08786974617993	415.09414151121643
323.21533750691395	59.19597659413049
128.2547825237716	371.8860454977232
390.6294638413328	286.5355179015278
190.89321261891266	23.429983028492554
416.6099953497956	128.46778629759018
189.5323461867856	81.3873677478864
322.50314825623906	100.66329741272017
4.651825423191273	346.41856471894397
369.3063383523817	3.1943819603385712
40.808899171046384	163.6846526776199
174.11606409514388	308.1572390832407
