346.82079162412185	225.11615666896031
241.92554470111577	330.0248973538063
206.79423210322634	84.90777235539946
382.0493504170149	50.145531560758535
189.26587831570967	172.37426578509627
137.10252160786342	14.934160551738026
101.77699614515161	189.9961351388086
14.318634146538265	207.52340101926694
259.35560798408113	242.55788464479514
329.40943496425785	312.6268769632278
399.52930882092716	382.6697029111122
312.0479774662863	400.1031694677493
49.57416797618053	32.64692830702876
294.54471703912014	67.5754100198028
154.37505296740946	347.3872233080501
416.8683792123827	295.1710188450365
224.57179439558757	417.51521175086
364.2133315198917	137.58650524419497
119.20412354220561	102.3808664683268
276.75619930528063	155.0680449652494
84.3255830142649	277.6367622955883
66.98085753570658	365.1807454521104
31.650464287687925	120.0123957841033
171.75700674037952	259.8945609758324
