346.87225478665226	225.31275774995837
241.9611680808633	330.0588114332759
206.89469107261277	84.97495953015304
382.2209935990443	50.49707591997368
189.08925803990473	172.40140389999806
137.16183720450994	14.856723012651715
101.58378591922724	189.63568163848726
14.262818224853145	207.65160608129295
259.2708694197596	242.5242283450271
329.43344153278105	312.7622843409422
399.60584644892697	383.02170821142704
312.1237012359895	400.22139921984626
49.69929808746059	32.322722693951384
294.5981073253353	67.64245452681816
154.45784514660832	347.34481239389055
416.9301610282858	295.3358351327726
224.6360101029994	417.56354421460486
364.1673595064279	137.8427045976165
119.0187984953417	102.1546518660641
276.6177155413241	155.0557272072379
84.25971255519376	277.2529576210812
67.01635405397867	364.7603761061986
31.559536557420667	119.97432318964857
171.7762161531701	259.8670103612777
