348.4151457783379	225.37909452881834
239.56795283512804	329.3220191808443
207.11295722662254	84.09625717066147
382.21304237702776	50.79253960904843
189.95254821059615	171.37774516522816
136.2295555493709	15.18774477184367
102.85409326851355	189.83406947844406
15.89717386013571	209.08083876410552
260.1781709672918	242.33497957122705
328.3317348410873	312.5273678939449
398.50814991662895	383.1864360791435
311.0672170718299	399.9479596927856
49.377777916977244	33.57922766258875
295.0482173707835	67.74543020526635
152.410283427353	346.63850931264756
417.06289607940414	295.9727085389278
223.73966086301598	416.87473457210433
365.53526069681965	137.97771956209138
119.96215132711119	102.61089925276671
277.873183821937	154.93598937539906
83.86131474042635	276.694426703207
65.42003043152063	364.66581383420805
33.25587619609427	121.62578010873129
171.31635501520228	258.66769055103055
