-1818.7829308878024
-1946.2091549072948
-1818.7829307750726
-1818.7829539227653
-1946.2014126161296
-1818.7829590516508
-1818.7829275678102
-1946.2201847703843
-1818.7829277259457
-1818.7829321172042
-1818.7829427165746
-1946.2284687739605
-1818.7829637308146
-1818.7829429298897
-1818.7829482691209
-1818.7829333494162
-1818.7829211894864
-1818.7829133988616
-1946.2292580866783
-1818.7829271818603
-1946.2061616122978
-1818.9007021056027
-1818.7829390001862
-1818.7829404768258
-1818.7828969877994
-1818.7829216677424
-1946.213403659914
-1818.7829088143271
-1946.2357646306011
-1946.210568342468
-1818.7829534595485
-1818.7828757631746
-1818.898146262907
-1818.7829576844242
-1946.2607707903107
-1818.782964587172
-1818.9008879234543
-1818.7829301514635
-1818.7829187842017
-1818.78294049222
-1818.7827893190495
-1818.7829590244414
-1818.78291752294
-1818.9041750397998
-1818.7829601281053
-1818.7829504865736
-1822.1162968825313
-1818.7829356573689
-1946.3625586038966
-1818.7829135368215
-1818.9029572814804
-1818.7829426606859
-1818.7829329146634
-1818.782910721689
-1818.7829637045254
-1818.7829464531392
-1818.7829545212728
-1818.7829556237443
-1818.7829174421788
-1818.899146139776
-1818.7829649344028
-1818.7829505391298
-1946.2256840294444
-1818.7829639042664
-1946.223859704362
-1946.2454194892966
-1946.22331221609
-1818.7829560779194
-1946.2216491731137
-1818.7829365231357
-1818.7829618385224
-1818.7829526604482
-1818.9001180141904
-1818.782923589612
-1818.7829449283734
-1818.894641041732
-1818.8989029999739
-1818.7829193350283
-1818.7829511651105
-1946.2401791264497
-1818.8994499460737
-1818.7829152942527
-1818.8935237300104
-1818.782937622518
-1818.782945558903
-1946.3353978880768
-1818.903628989758
-1818.7829581661613
-1818.7829055465486
-1818.8992962322116
-1946.2278224242823
-1818.7829516028655
-1818.7829294547657
-1946.2314169020701
-1818.9000790633472
-1946.229944237366
-1818.7829728882675
-1946.2549473481918
-1818.7829320855747
-1946.229215080852
