7.960041002127135
8.103728951653995
7.9677946798320685
8.072436441137183
7.918532235380926
7.921247635602552
7.920634853094554
7.9233502533132265
7.95735300627603
7.971342541517131
7.9301520020285965
7.950415567228788
7.922150337431492
7.923350253315226
7.929249300197295
7.963483875159795
7.9197774266415735
7.920634853094778
7.93393918441765
7.994559402264604
7.922105062056929
7.960446361305966
7.919732151265377
7.9206348530940085
7.928853852722741
7.998168151491575
7.996993637728986
7.960446361307809
8.033552647184635
7.922105062057084
