7.559624314529598
7.836640217027237
7.567141335485973
7.637246510318848
7.623089144501678
7.6989230936138835
7.730596479989032
7.613509895397614
7.621290934001928
7.699599717193566
7.622669048173112
7.6995997171931805
7.5777515981414245
7.56712522072784
7.707785884416216
7.572190983590437
7.5862373745092615
7.549443849372523
7.767949381022296
7.56467396263376
7.659468499131094
7.5518951074670895
7.717964367102919
7.5852287445004585
7.6943031700957185
7.699599717193893
7.570753546878263
7.574832775233348
7.57320480497096
7.572381517139592
