0.3741990046362933	0.28501795177076406
0.39683755192265324	0.28519874798722933
0.44302212980041866	0.27935764783150163
0.48536794774247904	0.2116118174642354
0.5659957191602247	0.33744653578439077
0.4502033786189612	0.3592051900257154
0.45594037140913324	0.41017615512661654
0.3532572496919886	0.40609711873631427
0.3269561504575498	0.4509685196032205
0.3777136081265653	0.46141391412272825
0.42678471175517485	0.525051691809906
0.4462441462725215	0.555190511066038
0.4158713602041961	0.6250953037514058
0.42523822796304955	0.65876380385348
0.40480918980889014	0.6539998613033291
0.382365262052897	0.6320807106313324
0.3234959575213996	0.6063393747718138
0.30791478912613757	0.5959333994138243
0.22327087560776016	0.5357596908335056
0.23540976410633685	0.4799045637957293
0.14221172098423818	0.4685298612785769
0.15437232755437558	0.4438768796835715
0.10581079911252744	0.3602279791068652
0.09969608178865252	0.3535765096356891
0.09147143091799204	0.4047296933956077
0.05885549921016864	0.45595243795468643
0.07346313250194303	0.5000727694677671
0.1278222765925956	0.5740266960900018
0.11832257709240812	0.6596029336781872
0.010319872214229031	0.6561205499647147
0.11251905564538855	0.8513747045119686
0.05961595932005892	0.9660802730989912
0.09336416421643001	0.9694063020249906
0.11726024729362039	0.9212102847991339
0.16930362299721646	0.890173901897455
0.22196107077707405	0.8503726340551809
0.27279748938464343	0.9313714100756816
0.26722086459448713	0.8516874951367308
0.2758376571759209	0.7712569002606044
0.245004965023931	0.7062721520129824
0.28866535685789074	0.761544828488959
0.30233536663328264	0.7840093026028467
0.3869555626595065	0.7684773338975615
0.47892501005665356	0.7618406448788333
0.512207432961264	0.8019791997450523
0.5368134718618038	0.7613081606029792
0.5476080001479435	0.7700045415174386
0.617498860811682	0.7901624994273901
0.599213287389877	0.76370648294143
0.587961246311296	0.6806927611269513
0.6366417108267866	0.6911133748488805
0.7282486084869693	0.658284687677201
0.8165864554200868	0.7198342269762714
0.7009919204639448	0.7597500423515133
0.7103887685800572	0.8651128398568417
0.7036384726303213	0.9030577675863134
0.8620366199849281	0.9406573513463827
0.9176260195243162	0.958924359926383
0.952930643373755	0.7373068886240182
0.9549733005442174	0.660743698791888
0.9612670949147994	0.6234272595012706
0.9582673669042994	0.5071659650322404
0.8345032822097083	0.4457112078925656
0.7192032681356877	0.4388043023375452
0.7051146260829597	0.4790575955027898
0.6814088674059922	0.504367579176479
0.6709596570017982	0.3824544529681866
0.729350739730811	0.32429385075156425
0.7987742660548274	0.33313128658739166
0.8450851152396255	0.3226606643005403
0.8888645334370253	0.353728775585765
0.9651534956073469	0.3836303721536922
0.9408205493608122	0.3137012972976041
0.9746323060774458	0.278478620680106
0.9250137208310085	0.06723337284065045
0.879984511346495	0.00442014265772861
0.8719589473300855	0.07973225867986788
0.8547867938880325	0.1800159762500777
0.8180905487638999	0.23806472724055516
0.7330430781707906	0.23143203216189345
0.728708390792334	0.16998895255522228
0.6239400923347922	0.20454242305020065
0.6086394679973339	0.19211261342428898
0.6068607727857995	0.1766738638083536
0.5564030581253512	0.09146022124617414
0.4687535501792419	0.1301592694865863
0.4266197138938488	0.08425725557932306
0.3615006676663135	0.05089936940017292
0.23629886045100346	0.10214043860919464
0.25111653691127156	0.07753951498916978
0.24462123478941789	0.032445486754218544
0.16382999825978528	0.01683268372323643
0.02644570307578409	0.10008278834646323
0.05776821528770282	0.22823378182156517
0.09071395617396205	0.2276888030636779
0.23691262265986368	0.1996628712829518
0.23587848253546517	0.15085364677767665
0.2892696349350623	0.16537816977442832
0.3288641091480897	0.18228924366181665
0.3047825132396733	0.27087639373158034
