7.7626033477965475
7.83808454136315
7.845942764485844
7.762852261584884
7.738193932473099
7.6854837658941335
7.8268959972160586
7.692052732294384
7.8045166553060135
7.799325674830845
7.77276760672933
7.8187642822631345
7.783920163209915
7.685483765894071
7.812669761449222
7.769678261121256
7.6854837658950155
7.805072012522711
7.742283726370582
7.685483765895188
7.7931858873337445
7.762603347797685
7.740648034194116
7.875019364887721
7.7564576283634645
7.748886871210423
7.7282309454091145
7.7626033477976755
7.827917916536419
7.736810214575672
