0.8511916516092917	0.30084564436758887
0.8251241349120586	0.4739108409325212
0.8862188232411852	0.4922346818219303
0.9859608943369633	0.46313470616847563
0.9593566514870193	0.5234922071610706
0.9235263403495702	0.5521650787955976
0.9000598636163657	0.5597285447466775
0.8724056361959687	0.5561425021264395
0.9022515668703301	0.5971078162467147
0.8801308278915749	0.6141659143143114
0.8173982845167973	0.5789891462682903
0.820984003870282	0.5430727527341046
0.7923891482232974	0.549741210323015
0.7532369792866191	0.515921732537074
0.7499727207706934	0.5843450898306093
0.7337628690313698	0.6616696180404962
0.816133809088589	0.7387768716275664
0.9275140849166918	0.7375458391789271
0.8571003277249063	0.8200410323489788
0.6156797568126742	0.9400881239077927
0.5658661102916616	0.9387954392587712
0.5260770257639429	0.8301722908567197
0.5141671976831166	0.802346644964065
0.4428866843663193	0.8302400982172791
0.38926262462285366	0.8357124324277758
0.3631339871435293	0.8629420911675338
0.37713620561118466	0.8877250704741049
0.4184243041444329	0.9973089444311203
0.29173046093812327	0.9937867795354036
0.2774143068491375	0.9846177189768643
0.2477527411058864	0.9450613867568849
0.13403228745557683	0.9692965791237431
0.07153233438101103	0.8982634801794338
0.0073580407559177274	0.8792108822437827
0.0010100705689868317	0.7927641071493576
0.05716582708782081	0.7718550287898696
0.09964648789368558	0.783649860352502
0.13606259584511515	0.7973339242943511
0.151107334708257	0.7801036416273712
0.15535751080343752	0.7154018455449294
0.161517832770943	0.7036362626271304
0.03814795632922974	0.6549525259069897
0.012815248900417853	0.5056065339213638
0.09989303810747141	0.5012199797458248
0.14597088429036376	0.497690046325018
0.12418717839344762	0.3709594512250378
0.21392717593877775	0.29564280461296666
0.29232283468878784	0.2806940130349427
0.3516658136211994	0.3627446509418162
0.30776939502253886	0.3518643379899551
0.2801098836758118	0.3641307264559215
0.2543900040613676	0.36420045222559194
0.2309758411667584	0.39104429556787346
0.2706388089447789	0.43002497311892296
0.29142445178291543	0.5106209345317934
0.2968853090997263	0.5120264362205973
0.23291789482679004	0.6060441975591802
0.3058477433836093	0.6459418829105137
0.3452302881352014	0.6375835241733903
0.4278509789833187	0.6667790161569309
0.478644129738411	0.6707539257143349
0.49649300954439135	0.615157237048479
0.5394159461745711	0.582682979421596
0.5400075101107249	0.5800994401347144
0.5696141415660168	0.5329191275528478
0.6390583706816049	0.5122548936277669
0.711688004747477	0.4139830368554722
0.655308734563945	0.2841261279262566
0.564305626866429	0.2904309328798589
0.5764442257896825	0.3913410187034252
0.4990138489784137	0.34998209909886824
0.46414736303199167	0.23398758607912296
0.4053424144143525	0.23378351362737404
0.41529653647838316	0.1655816612453891
0.33052197790362126	0.15650677663773216
0.27108498977342377	0.18038513010443857
0.2600152794067261	0.21172127930121776
0.21612512275021434	0.18052192623174457
0.13244761856435505	0.07113896271699827
0.02870007785680362	0.05470954240527948
0.15790069382017435	0.035533831143807815
0.20930017138902435	0.09519407423338166
0.3516124384757189	0.07797819371043113
0.4141041038522053	0.09091163413815817
0.46883907437073646	0.05796424973801839
0.5222474207568917	0.04460194868666556
0.6212180759497867	0.06266252913795589
0.6315200765042395	0.08904001275772888
0.5898340660204631	0.1733150008964226
0.6287835760308651	0.1499544032372564
0.6569575030903165	0.14025627375790384
0.7102835957709575	0.13323003849552295
0.7438820527366556	0.16087353055157316
0.7513324450587775	0.223224341111953
0.8054966841387341	0.1576312817228782
0.928541508341926	0.024121734533539607
0.9973860332944262	0.00906038154153177
0.9651862034397847	0.08926997688916227
0.880285153135629	0.17703966460139586
0.8538740461341325	0.17051463542724798
