382.9964206927796	38.5281390174951
392.95105796051877	197.91991478414582
55.675246273592116	34.98721477667179
190.59299115709672	416.20793792332375
269.9536265137504	215.7659224714176
346.5363740509282	203.70444789998922
292.8901130302819	229.30090388726424
120.76311606000596	183.3970143333978
48.739817552905954	243.88213299226769
61.520190497303695	182.85514037187593
401.47006163359043	391.9536067087994
260.20812491329656	128.81522924648337
329.91757965354134	275.89473092866467
55.37645126924048	308.83029044400365
218.34537110115946	271.6560416312993
189.63973017312216	111.5748290881156
103.48411039578642	173.01759401354738
9.606555612499818	180.752981571125
141.90060676546835	259.36938406222424
228.41377467261114	34.47410836237927
335.2854420647183	225.39208799461562
382.2425845713494	246.2500416364671
1.8909786151579489	15.229918696839139
32.86364531357882	221.41411376284574
209.03097082632155	291.22676958959255
402.49744900321764	215.54589123147167
234.91786345351449	53.53838154797574
346.4838308072525	156.27649382395848
293.76615298192144	364.35765995768
226.6337205153268	252.09602345864087
20.335260667735565	375.200001839987
208.48537713456602	327.01569571464887
146.05626155535742	186.42934011095898
90.4282308181127	100.70336742924545
255.11842563603392	157.90029440855392
218.96866199938208	309.9445957970561
335.0583359059856	87.32538241675334
209.25656095973622	107.08285245963707
1.1031317738835016	121.16611942173877
278.5252974673036	316.977501737901
304.4854125718926	276.6000843172168
131.2182917256623	314.375492755822
41.32937833485564	406.5581517904925
53.80552834412928	121.78168298071621
109.20662889775717	325.68301197020776
303.7731142337925	73.66130671192296
403.6366235181152	274.22890653415516
239.11539988590567	309.6577978837616
379.5512860516949	363.47317627677364
162.37719030638908	260.6233587742844
273.47537344016797	256.93876183463755
325.1825572963855	168.25436642016962
282.36537226804097	87.34755279430148
254.03410210259582	63.16067876219187
192.42318721088267	194.52460010766958
88.49558841395381	327.4421588548665
331.3504149916307	302.66097494480675
47.35791859925751	201.70699588375695
359.7996863955477	356.733458944182
75.84318500569731	305.55197237864047
338.9258808014742	114.0381090170668
227.52043198915513	205.6903854256755
116.11272286922505	396.8429779542129
174.3266215821146	36.38226912494436
327.4006810546062	148.33099872057934
55.917250022222085	220.8784446258158
318.4740386451378	392.08990428726923
327.9800553153474	347.6852922068209
354.35864041598876	54.93120376909337
208.21188788292355	29.841661824528405
290.3997142709271	188.94425067337082
235.1295410706617	226.06376972738667
273.32894648441265	390.5822752489545
259.34356563517565	271.19666614500414
273.9536426257594	236.82823215788193
375.42368637249984	74.32260120675241
95.67634714546891	364.9440547189684
172.58665057920587	356.32978701434905
283.0766058974771	9.31267651959281
278.90614708760177	346.94435504947694
239.0048409138115	271.86482092949274
136.1999417655066	239.5795988008458
71.622883512809	374.7608262966439
47.7134597559524	168.01172673377764
215.05517760128635	189.99911247965906
152.02248278719583	320.89109230985275
387.6932899942815	345.00786791766683
419.3629580928195	378.5444901473214
39.6930590437566	49.38667399181576
254.72083650785504	230.8735337950453
248.95164008305656	37.0353076720714
172.41365170061601	56.74318118883883
402.4931527924295	106.14697078927625
343.0820329722125	30.69529882843592
97.12154008102041	29.71910132450372
175.67380816556482	146.87725733244199
111.64899782509144	377.28290531593814
250.44959652615316	190.21512930865384
12.558893113827793	254.30754161789235
34.12969524502865	84.22552558246923
407.7325646109611	354.2117053046002
38.32378608055666	319.4969380538982
410.42734687146725	316.85672074565497
279.78319343413057	133.01267567605265
6.664524337348529	213.91617289151304
57.83913567101145	150.50829249450416
354.42772172517374	78.58001392812469
75.26869406311025	39.78191171546826
249.42132147072567	291.1896225042867
126.36650350072809	94.8968214969175
377.5431501660286	144.89079033191913
373.81328289356014	329.7078589807438
308.9544429960621	52.91078307168228
210.67040091325063	382.1838412315511
193.77524280966844	156.211709766806
287.44010257501316	298.41006529119596
58.88230695992407	55.03305641312428
27.321112279734606	198.5162376059413
114.98165799253698	19.82021084160491
258.52546227615	314.5205477349164
270.8596069579748	194.03178249202688
225.6135207057183	14.415159599899464
79.24174033967385	353.10467708898113
210.90775735931138	347.9990117342162
266.299174808601	409.48911212834275
77.97346930762154	274.4626622300392
36.70926320923377	387.08734182559454
243.0848336433947	4.4821440360935885
314.94133442738786	328.5707126286052
143.34029634376154	339.00506352543874
222.441198365489	70.70948900644039
362.86071355763335	270.49195604004626
198.9091929408174	131.29228319977454
355.9794754582789	184.9013376761677
162.45990567181246	20.063082479019712
176.51377471113472	400.5749920732587
51.47095307983197	74.14864052093715
131.5188884503127	135.9676981597607
197.67264606404268	308.18145261892283
228.84532378468242	327.880536593481
115.37265795616577	418.84762646169344
301.97427802841264	312.81610251126966
319.34178526445123	104.765695495993
165.06559198755707	376.40522571844804
135.5039129460937	168.99451360764644
286.6017668737544	407.7269841735344
246.46397567964064	249.11311380129604
155.2983291942302	279.47359720359304
296.1125824886454	169.51797408013744
177.55034804303745	277.2796613613353
222.01593726376885	90.82444741526336
383.28436525536773	17.796608338773044
306.6661770561296	346.86577083988266
267.42411279144596	29.196333580139544
151.75636482797927	117.43083750284178
248.48788269060364	332.37458616679265
147.0585873418624	301.17901391759716
98.65673855193252	407.6336285334947
170.21630482316831	77.72354074966545
29.944982832239656	177.68409676400495
187.04792301282748	20.036861388449196
95.17444488090456	120.48700576674256
171.94316952615085	121.41543639649076
401.6056934872877	126.20865138610446
94.38127927104587	223.30561967858708
186.97581696950363	382.37393078692617
239.75479680335468	130.04585618789977
249.86158969110423	210.45885606803685
61.117264070087465	412.0331324612998
331.18647864766604	187.4419101207367
1.3233715174486544	35.288168681850124
235.59648982682648	150.25770448472818
403.44154632285137	44.59196257839553
368.81121916018185	306.64414759547606
176.69931383913695	240.65392013257951
204.88705706082047	401.5810718237678
249.22908189271774	111.89409776315799
68.92531810381986	335.83404361545905
337.81839712106546	368.3597270331758
309.32956667926305	195.8570584701547
75.80238601476815	231.1361442050152
230.01774678933077	391.66119456929005
302.8148808217404	419.83577095686707
353.3666439976785	234.9306090024071
307.29945619702477	152.85688626594782
205.9963768358614	9.637405671756143
214.26812290209324	51.165220459770744
219.4401235546034	169.95064965924414
326.5382282630787	207.03037854446458
60.42845363307911	13.518229609808856
419.05234316367597	141.94637314252952
71.46836525812745	87.13813024827243
70.14079585934792	202.546881619882
98.44514196770083	344.85220411443015
354.2964100329527	101.11254604881891
168.31241710945565	295.2127910348796
416.41500925690855	163.28997339073013
144.98616753130264	151.37467700640062
193.25746942047425	43.25633566523615
154.14075721223884	64.95651001571525
26.312579788335878	123.06727220627309
89.83214019882287	78.91324901083938
77.14781583470214	63.226486654343944
34.44934386360638	104.36899945795132
112.33108473967668	261.3335369516222
41.34987332561159	138.48437398421572
189.96052640070255	346.1809138364656
378.67567975357616	180.3612274299794
311.8473031792144	295.2911537826239
168.10962775935894	222.57693640852955
110.41924162529025	293.03644526033224
322.3925443189924	412.34873178937346
22.631151682521473	414.2722880503626
131.78936423620434	115.0198691111414
20.01780964414805	44.82095049486568
219.46681046275154	131.2473697061038
349.05090180473275	313.81211807720206
196.64543982857435	236.76821657020122
170.22253740039625	335.612969793795
283.4067003064883	152.7838995514685
166.79983301706966	99.0454287932398
317.7054986971423	237.85407133305603
148.42350935838	394.56624673492394
197.6674582895168	365.0813486524011
401.45942624367257	253.5149827378349
163.4371297600308	164.1433309417098
189.60769685201407	67.90872792465593
19.39828107283779	141.87105856055737
343.6245746233778	134.6376601724639
203.98908707386286	82.07230109026963
216.67524781318235	234.33686074250667
72.86864813987434	165.87307012397795
293.1831578843769	249.96288438024908
67.4823290085597	251.70660370801582
388.94935210079296	315.64127689617493
132.60601735439727	408.4385927328029
14.608353418963391	100.06091171408329
246.64816941805717	404.4162208267163
389.9527838217682	289.1911935736718
200.02275364857928	175.71567477732927
158.46241593290713	136.4443392524949
7.945153534444659	74.06318744514095
405.09539342649293	4.019503069150277
67.81301400082062	107.48454859400574
110.52293434577834	134.49683978932524
268.90655671712994	49.232721485262616
205.5798423025352	209.84503579994902
260.1060809029113	82.40383935520873
381.2002478283274	383.63750209834325
198.0288246323408	274.4504739581707
156.49856896985193	240.79121003869417
340.70764173136723	2.615290370242779
383.51268100270227	268.9474731316013
141.64447121317633	374.8642730679568
16.786189571785886	395.0234781124411
318.68058236714086	125.81783026081737
57.16332229530001	392.1866402624508
335.6512983425064	328.71580045946956
392.3996561123366	85.76361443963226
416.8917163986671	404.87689499191464
364.2580697589252	166.19515715528576
398.1601349590508	372.09788641021606
173.9021254949122	203.42928057622856
94.1818102538648	387.6391211097191
185.82230450453963	258.4924590996432
118.49062413925888	343.6643431003129
391.05371299515787	409.66741464527234
322.5550177055127	31.979771445638434
120.20570436794397	152.5817866658016
97.6553898309957	8.425551356836467
125.25204416484945	64.57252846538213
283.8306711002127	112.8616625718941
371.79247281720484	401.47229758956024
239.9633679713118	172.85398795412416
288.92245283814316	49.89049837143346
80.23128515274631	147.23962496760416
355.00699751739467	337.25543660490786
99.57676542742595	152.48200695957397
171.14524536168992	1.568253362362126
79.69456471022623	19.659791100796962
269.4138156115563	288.8047078477339
367.6233762237584	126.57658477682726
92.91240509192853	49.4477870499537
409.60644001967864	293.75001824626486
287.697366061241	29.748772684835938
273.19541485025024	170.60853442839777
262.4455921878688	9.709940830362378
0.8496217271609375	55.32986045012786
276.05763227880334	68.12427959378695
75.70824824695032	126.7299553152511
311.64469654167345	257.85135972880215
338.79878952743417	388.5857692178901
293.1980784108421	331.32662219386594
131.143224973999	200.9427159197871
416.311973913113	91.17558588635895
154.02613062780878	44.9346499816147
245.78380080441556	374.7848552476578
226.61218012922177	413.01202662435793
32.298154995551535	262.67187802466657
90.41367461767307	245.06788859989442
139.26576554279535	79.13987425970365
53.834874963100184	266.43425007766365
18.014489362215954	341.7018052994326
142.96923742765247	26.97960642332195
369.3426844724053	1.8007473984999232
396.9056116363025	157.50487142418504
351.908117680768	403.9902901365971
383.6578397569396	114.40205994489455
417.0618866952858	239.9790180955676
403.567530291272	24.17784308581071
35.351842034950074	360.1536485679955
185.5890748353762	91.26078417841283
147.9486075299986	221.18277632977166
105.25490223517575	65.358122083168
242.64865735421247	92.34325117322125
229.32149234160474	292.0428681475963
213.01752507710336	150.23949912325
259.03257303138867	349.58442453058336
111.29872766928388	108.42970464963108
36.28376051409123	29.538321273989187
17.193573527406652	162.04149965189436
152.26967499955887	356.90898317168916
374.0380600687814	96.72859173870717
3.570661806430432	272.57689194587766
291.24600275087874	209.0906748887939
52.29541734852776	94.23277891826177
110.07940335315584	210.82791164968066
146.70328818136215	97.91287986153641
96.15231092246793	307.2268142670454
77.65314768766605	398.92131846467464
346.2355798855325	254.77322851067967
132.3586354300764	9.806010796493121
37.953384966333175	339.5483563723282
41.13506525301068	6.818429370434677
133.49941170006213	45.29359559856297
309.9260674890958	218.70075993753912
284.5592063857296	274.0385897043325
46.56635588631349	286.34137971171793
21.248988814918746	308.9907715922255
25.825441119879724	64.49172329715194
171.19007696030087	315.00480606650706
108.8606448419461	85.17142982597862
98.65521319653281	276.58070275755233
417.59993770873996	336.44058081906644
135.27318303569766	279.7973308511185
228.8340467048339	112.53588009972736
353.25388875900325	288.32232429506035
112.68473711805314	45.200836606842984
267.28143060127945	101.16399309907246
397.4283778790462	65.04577556108661
85.37744440615138	182.28945495929483
79.84948570299802	419.294777365012
114.97974286293426	237.99602401763963
366.83437811590306	206.2620002400703
411.2156072424356	189.50527756788225
150.6012838212592	1.399231694491294
325.5432968829457	67.79399666529947
22.592831839691783	14.342575541488108
125.35510506658592	362.6342825745468
206.5835061024348	254.98505053383036
228.423255451369	358.17662858563057
298.30852309513864	389.454331707566
11.550735450838866	291.23678869313414
299.20886084545936	98.14203201556933
300.07648854065235	133.36584731443688
188.07247387968118	326.00145930272413
50.891046582644044	372.91102085250856
360.2461207868464	20.336276323840963
306.06491622080455	20.174133893751687
179.07645009328155	177.04350145496014
28.301923925239233	241.41036103872543
7.45778835710088	358.9660903316682
56.88698702574119	352.95986912445534
127.43425230010853	221.1341012181453
359.0799234483271	381.2459405291497
90.58316177729887	203.34253143568134
