375.8550646999439	60.411605821683175
399.9183742060759	195.233017368147
56.804394972219484	33.31449500826058
183.04748865067236	11.982186151019999
268.0698728866233	227.26389101208525
340.02548039970617	204.98571189764644
287.75500557042125	224.78593386025184
126.00777612531537	193.26974013863492
53.7007117764624	242.4355351125452
58.10551447899455	180.2793734176016
407.68437947683867	395.81620177639815
265.09871058993747	112.0491268351089
321.42968470270057	293.5759167355196
44.98812623378261	307.35137020936406
225.73381391593898	279.0255000775454
190.954285969356	106.09835484257489
91.33128058822238	179.18761715707376
9.86446651217562	175.49962063710248
140.7317028271626	262.0793028720318
233.47118586337885	32.70695593409077
330.3470513028894	218.14575486632384
367.86518144145816	242.51231194549376
2.480496054302101	1.9472219149984802
30.541170802922796	221.22945732731952
202.27154837814308	298.7653754537031
403.4573950113715	211.80628632059685
239.24276500320357	62.71139200494152
341.277800092566	148.2536814913241
297.8412396047474	369.81861046874155
221.5564722153719	247.2750682900889
18.17883597529658	381.8651112335938
209.50542968703067	322.71087059076586
137.61715798902506	175.76130446721626
90.46295612681293	101.92766205589295
273.63933361729397	137.56069368535927
217.90050477649316	305.8749744999313
334.44840152267494	83.64424379354857
207.85377883192012	98.18991688441965
14.461665785996846	116.54177911941235
285.3640551474217	309.3409602397901
306.68856560733843	271.60642528419925
142.6412105455333	311.2478951754775
41.685537265136986	410.57547637023447
59.9128376676139	129.74255738455992
105.92130516662965	331.0240067064057
297.8642854877588	86.08594801370097
402.57986082310333	285.02749422044946
233.29462000228435	304.5439131281024
395.11446578919134	371.3739417499123
160.16097322301567	263.78178542836224
268.3243456790514	256.23631258187424
321.72102301155644	170.10138863208465
280.86213252801815	90.15736883939539
258.51841627608	63.21167406379035
200.38766074074297	195.6827008661998
89.9077091038172	331.83772294274183
330.99716365133213	306.25145081391344
53.48834482913463	195.8344802197102
365.3520052372473	357.92366471614133
76.80489332966259	305.1890405858616
332.0889750507516	115.25899613258728
227.74936917161705	218.50971510536135
113.72894336394599	402.748563981257
172.43882624179588	42.51664942232647
321.99321458603845	150.0566364304747
59.55923928166275	209.5670495886363
318.3227453307576	396.3483534246759
328.89581629041294	345.85209288710047
356.8007024425764	54.65481268836935
213.96907285481188	23.39808596471433
285.48223250788055	192.93278029727932
243.03095695928153	219.92919676696994
258.60583457353965	400.21075969156004
264.6251387878362	269.6637542985648
273.4638564910216	241.65675493573184
372.543674090665	77.07316044937042
94.88149245547125	376.2482915534591
170.9452474217446	356.45346044017566
280.38515130247663	11.076500409535523
274.97593478016813	336.7272507844025
247.43085256847345	268.26180489974274
137.24518732226127	238.09688609054686
75.88385818247991	386.30327770568675
47.51059582027388	168.71897205333926
216.41363357065816	191.34207661760246
166.07194459377052	313.4743059811653
388.42423349342874	349.26190474402983
2.4872924857806904	389.9202879283799
45.336206652494695	41.92168711823761
257.5901584583411	237.82040745907418
248.08778326558593	45.28232529619678
175.44075507290532	64.9780840888448
397.1063171613257	107.86864988603243
344.01954726803297	19.48196665314132
86.26128493656157	30.695510230350255
173.9972731945069	134.3349800507517
111.39609368017622	382.2968181198499
256.28805599004977	195.528774210181
6.698123047139006	258.23609075990953
45.632137489108864	69.45181921565693
408.7027708192376	349.6097918833399
37.607183369172006	319.3607557004432
410.96438577747017	318.23700769355486
276.3189222245696	122.72365488005855
6.351942827333715	214.69457947770687
55.48430188870613	150.45349958140022
357.05185899176774	77.30607856399342
68.20517080951822	49.386602581356975
252.07858585095218	281.92301504363974
122.13514176239038	88.57035195765057
353.1996049245319	133.76612938803783
380.24305236695335	336.5118892416233
307.3341165378204	67.05866111698293
217.61683587213219	379.38692952678116
189.73829527712599	145.92212930170473
285.8241680607926	294.6704965350687
59.4864771205668	60.141038107204025
37.18927875303138	184.47542282533283
110.131790398869	18.33846996649419
256.8022025587689	303.3066546904495
274.806786505048	204.41427869214857
229.21939177711465	14.1803669967924
78.22002047790403	370.9095589327149
202.10086525025443	340.68118823396566
250.93415692282932	413.59201152495496
80.77167683822441	272.81554187016775
29.792337568728268	403.29957891336045
250.01762365660895	12.218614025165035
317.23799981220725	314.6392222958804
152.13321758907085	324.4192697346406
223.42466980227755	75.73695430031975
366.5143362460745	269.2927685223574
205.77055256233587	114.70798005328582
351.1491970727919	188.3522946348389
161.6232697584782	30.59409345731101
169.200246181457	407.77540886326716
59.37985132274102	74.10546191675536
132.02390470479276	129.5246440552479
189.13123789710386	305.4460080864991
228.24848589596184	324.1739225665806
118.37329358128348	415.9738749928825
303.4731593048159	311.75223679917355
318.3445711133072	108.957051980252
162.08109693852288	368.6037431795735
139.8388337773666	161.96935678333526
286.68821359343616	415.61316710602887
253.23498212541205	254.56127508074852
158.66407991094516	283.0571629230208
303.54142941166856	177.45969845869877
173.34801237916415	287.3448751579953
222.4805145180629	89.99837698787293
386.6032224582586	10.93607863902512
312.38766877432676	339.7369178015291
258.7745298743305	29.262170413838255
148.52502427127152	117.17183010721855
242.43108773871685	325.7235176802671
153.11140983594896	296.2794216079401
97.16542498819075	408.3474324441193
165.37488960129323	77.88241268886416
31.632309760902437	171.05263581414923
173.0306655331552	22.322327988773463
98.92290406028988	121.99726610272788
170.6332160772827	118.99420498585287
411.1086287147009	121.98879506099732
88.05849637361837	215.50572384328296
183.31137684657355	362.888612349084
236.52058552051207	127.25347579937853
258.7150324790717	211.30672545354886
54.487709256650625	416.97081910263955
331.9565722870254	187.95793888848638
10.663456254062723	14.5573637719296
243.96869265156076	144.79340929439937
403.8043727714153	43.730001052725804
380.3338559742842	302.2937536194397
175.60256615060425	243.79439233457265
212.331844484158	1.3546668661465413
250.662694449121	106.42438263262373
72.92187956870816	340.6679865718988
336.2479302369814	359.5401244647933
309.19063563712615	192.7569111299232
75.68164849653384	223.19983058588653
227.9471207840693	391.5176756895325
299.2150468634928	5.435278847850569
344.40873679392695	229.14307789358244
308.0381799510294	148.40770068742225
199.3720470449176	11.408789492758105
216.85066003086973	43.546081256833695
215.70728713139908	166.9604177290157
317.2352852521289	204.95932987951838
58.54689824743589	13.597734810622567
10.194186529421614	152.15275543131094
79.14420902911783	92.85513307736966
69.74442688713361	198.26691426523723
90.06542490585791	357.66104854997445
345.77251954213176	110.28245023749334
174.28100331073034	301.7252231187662
418.6137624823346	161.65371375279804
141.74180253131976	144.65835792674122
196.04647679629497	53.600114183351664
155.4435715109445	63.53327848148809
33.18785569023925	113.75113035462353
84.83776118052235	77.63655931709287
72.79164905744351	69.6292161352609
46.64303920541603	102.3025724568443
125.83344291448819	252.46492509664122
43.82984676590976	137.6771893709474
187.2028591027893	346.62133818243115
374.9428314912138	176.29743939015336
299.67147712001736	298.14166430829715
161.8054185044029	227.35080062927156
125.24825731883702	297.5285947070679
321.6940752620872	414.91182140812634
30.16956586220675	1.7896871316990886
128.67099978878116	102.38485553639856
23.531563381001373	30.89153188421561
220.82508668990602	118.48613509001682
348.8885512390246	320.0123625956094
204.67108674950353	240.2519573324503
168.51643752401802	333.2206422949223
295.4384195689453	157.09124015694854
160.84246425865564	106.29625841115562
317.5505938643304	228.08592943547578
147.4211887118932	407.619860972508
197.5996370313365	364.54489660911696
399.3049099230279	261.35060118602445
154.55864723594848	153.5630646650421
189.80647678253158	73.0698983181342
27.04637262860353	145.5335819998237
332.6152401975254	129.4146569858214
204.55660796553582	83.08405408408552
222.78217911804578	231.80543708596943
78.37991708916725	162.16790245765515
290.96664543605465	251.30155990288145
67.299204566564	246.85580508691376
388.6514509198133	322.02491397433226
131.01961572443938	405.1133621454257
27.77551748745861	84.8807122316276
236.9744031914471	403.8178974922902
387.8106644901044	289.35083516133574
201.60694380932378	180.74215585883482
159.01950870053037	129.0648653014463
21.27341495370722	65.071324948674
410.2966464301833	414.62717606753085
66.08465764089956	109.76081762484166
118.738844228436	123.85499688091832
263.81017748083235	45.921665843768004
211.72852571841767	208.63578083564246
257.15985327134797	84.16760833074616
387.30546238318664	385.2921247601579
202.00804499464144	275.90640026732757
151.49131376105015	237.27765180101457
344.4918519750935	416.9552108473137
390.1134716094828	274.4323843698317
143.109825426725	369.8141028124042
14.22308084930204	397.7688088607565
312.25531843240867	129.50985155909956
65.82286724059318	396.72768262221825
327.4044608227996	327.1540265539754
392.9219364365793	94.62809996339556
1.0424989688004136	404.8562130743424
357.66189657957653	176.1079137956689
410.6747398283769	380.8839755140025
177.24837690236524	201.04069169395962
101.7437365550829	392.24903574854187
185.95470567334215	268.0513934031438
134.8730070619083	349.81901243508105
391.56035912851934	416.391523910172
315.2478860017711	27.579265737717876
120.80193845882665	149.27187653673946
94.97937590905003	19.370898926179457
127.29935371456881	69.28103884594545
282.4168589103253	109.10101627807249
378.3658991044076	400.3900196232465
234.2135372666602	177.7657517672809
292.9514504449936	65.09116952935834
70.12568211135078	144.14630502358602
361.0234727925748	327.7338563533026
93.20074500020492	141.3579425497728
159.34515791882401	9.061366588387354
70.35980955789113	23.944680932416645
276.2977347457637	282.35482513758734
359.96093396219777	121.41072542752046
82.93693224502114	44.32925378580278
406.2215980433019	304.757956315224
273.44991922808293	35.51336023524267
289.14212068088085	172.12987627931565
264.7936193301395	14.9115210283555
17.698619982388955	43.875029608809996
274.12441655335476	74.39312919547011
77.79610043534566	127.94449179617716
304.9462453025106	247.8560474433348
338.5428769985569	388.180666897879
291.50053543807076	328.5637425778951
133.69238477120948	205.67015767310218
416.38581132490566	96.62855649318104
154.5198676515922	49.07845989973617
246.17209153664928	387.87547520406235
227.26730761805635	419.9212189381059
28.725504179060795	261.8848099040822
99.03211997190122	238.68447775316656
141.73168068601404	74.65700893104625
49.37904574087123	275.8499268428195
6.119837265095439	346.35444244458114
141.03632446630627	31.18503803358001
376.4645190099996	415.92861989608815
388.07279311334213	171.74069390783094
362.79103522418933	409.10008096043646
368.71736726878197	106.27249183894321
414.25673693116465	249.79986433395746
398.6321903037675	22.469548999863886
30.201192358745416	354.7863040413063
189.61533751655284	92.16195678813838
141.53506131834803	219.16474385145364
97.46601598830335	50.64288289500591
240.427596897591	82.2577549242608
240.8313195181569	292.8121322208477
206.66161765688588	151.18368669476678
260.86081707627227	335.3581928438729
111.7091737736275	111.74075342953493
43.82578276756133	27.970939712476028
21.59457446194919	160.5452190676212
153.73070571991968	353.80663952449
371.99371959065473	92.03956444745127
417.0735867254623	270.3518039194716
291.5084620959728	206.00333098417056
61.35377201020525	90.46877377421794
115.54213965162813	203.39405711594785
137.75208583376505	88.29196494579217
98.90381544741972	305.58684285307606
87.43457832275266	398.11906860714913
352.5837314493909	259.1896324328006
122.51288802441549	11.112666883599994
35.755820477335156	334.8418050922715
40.84723335562736	11.246475565943577
129.48559810180168	51.56876612538836
303.67846244036133	221.61885853602922
279.89870643826816	266.55733433316954
46.57397940900612	292.16073793137076
10.664031879219287	314.5361215399104
42.36974781455377	55.6128434672369
179.42533983244422	318.09209656740995
99.53537136488335	80.8200364964453
110.51791838469107	279.4894446996727
414.46006507878155	332.3750544701647
131.32827187452955	282.88934597094703
229.15346839745652	103.05028268230755
346.4912350593605	297.66238360314736
116.23845700809879	36.96534157032568
268.70032479003163	97.12125055127146
389.97014159639764	69.7260951140569
77.05354028905269	184.69872727497514
76.33143883339262	410.8634853003136
113.08109328021189	233.19654807600077
359.8661207363338	202.25694308585622
411.4285402134405	181.19770542619906
137.124959912855	10.69876607223518
317.8865795187533	83.50571356035996
24.66468508616537	15.22488085269047
125.73467891752077	372.9804732953144
210.38403509241866	256.5585246230645
211.64926363508172	366.61519413094203
304.01361790239883	387.6102493119339
12.179170735047638	291.31542882850874
304.6784563474938	102.14787062057589
289.3962694614505	133.31719561286093
192.94512522235132	325.5191862940225
44.43885130257356	380.2733061059972
368.44387790238136	8.967554530854342
299.2220600815393	20.75730620240541
185.22021224817365	181.11375801355234
25.81402508744695	246.150542159626
419.8814997575826	359.35305533815375
63.626097260218195	367.26847312649556
123.25505461629997	218.85323110371982
363.42184044393383	393.24875652285874
88.73220218385255	195.68887399021773
