378.3084812044692	52.6558076349554
397.8117673427207	196.02213328991323
58.91044148722722	32.694510611755724
183.35857806190995	5.30297872195511
268.442680830949	223.40480084711464
341.6412622733202	203.32681868429103
286.0443391059626	227.32182564709055
124.08192059169933	188.92307140499204
52.38085829366924	243.05658423498213
61.594914462256	179.07055400342605
405.1513972623786	395.4801374094706
262.32093824614384	118.3694524381334
321.5223609948259	293.1911771582108
46.932752969279555	308.7742248213364
223.19646736207557	278.44258734463216
190.9975314325259	105.74480729717543
94.08785117437671	179.79483883841857
14.841829240394476	173.8215461104258
143.29012969201474	263.6999688037964
230.1160170897566	37.736704673698284
330.45372956788475	222.31151424771033
368.8436697617021	242.12708164029462
4.549409434557425	3.6219656218565683
31.142808871892846	222.00812101248383
205.688462207602	295.1508730641461
403.1282055824675	213.08869011672863
237.87077362366722	60.678095062075144
341.2011615219286	147.80756776040198
296.44379076209543	367.94591433297967
222.09873161732932	249.54614934575898
22.40329688819313	379.96920297367404
210.42309460859985	323.4294914635889
138.97755665784078	178.28670385751042
91.66540630223491	102.63472188797166
271.84526769152046	144.8477035169277
218.0753694672348	307.15213075887647
337.9536822273114	82.42074487671778
209.3342315330902	100.29526557119624
13.100030867204254	117.23082166189111
280.0773191816082	311.3943650374866
307.3109437004052	274.1015580126565
140.1080755501196	313.17362521844734
43.35925972933804	408.1573046364157
59.39164085488528	131.83106416144486
106.7658434060778	330.26267059206435
297.38977270065783	82.64319002190331
403.66054375824734	282.1057235125863
234.66942560091724	307.6736856154415
391.39022813193407	370.7184907707521
161.1972625316449	264.4879436750093
269.1205956840429	256.4848584461481
318.6760469227387	168.57801701509754
282.46654867541696	88.08285581950433
255.86751231117654	64.44060849522039
198.56964411144224	195.89388090822249
88.00706712563873	331.9560505874066
331.5917349038342	305.7988349025071
51.56010753437231	197.69841735112672
367.8563431728081	356.7982809805449
76.59977353796334	305.3805555597097
333.26507993351146	117.00343900930886
228.48221644792753	215.45222594184125
114.92155434263947	399.20790659207614
172.20405489251073	42.29143751270878
325.94112973239226	151.83508809432524
58.0880894782411	212.95896064854665
319.28242530711975	395.94255325107173
328.1714712669893	343.3690338531602
354.63014699665723	52.056949285084585
212.43234910131508	23.304620252027078
286.31990200577036	192.79756206721365
242.6959743070284	222.4956420342
264.4472831421254	398.44605143809196
263.41030328295255	271.12094644218746
275.0261698640322	241.19737591566118
371.9584738181365	76.21018332515831
94.2078883859646	374.0959791229212
168.4316842168734	354.4384319655881
285.63004966530076	10.095636960422759
277.939744635994	337.25668137847407
243.144760129599	271.4969736628607
136.23419744828914	237.54342176286798
72.2000210316447	384.2311899462994
46.74335105343494	164.34929830273958
215.49048028113228	191.21743257516533
160.74814629327113	317.1884858856931
387.4254545928762	355.61005118265695
419.33789435992975	388.7509036015072
43.61029556400102	41.3015753036986
256.3971276310011	235.0016693076387
245.9889229026018	44.32227878515777
176.44150541067341	62.220625916372185
398.04812948785246	107.59222427724865
343.34449446559637	23.89313705376958
87.71402996677506	31.345199110210125
175.69678901095645	138.16254109399702
112.53925035595964	380.68159459924857
252.93048231105803	193.881306908228
8.426778208431685	258.33337206718477
45.57590951008283	73.7889269800347
409.96660929740744	352.3093653464051
35.55847797525076	320.6770960851966
409.1153718161923	318.27627332798505
275.792411896036	125.87227298899037
6.459134823439475	214.42764444449878
53.2335288588627	150.07854758279572
356.03611161489147	79.77153690716057
69.19644488453521	48.77840972274723
255.18180028548244	285.0027404161312
119.72794728856037	92.61582586129704
356.54607817254896	138.029426772909
375.2989088374308	333.94790519155214
309.19057357685216	63.52091343353062
213.26559345837444	378.7427757597078
190.37522414865387	145.87926472046297
285.51523252505	294.37570532725744
54.44196930993058	59.02262801606966
35.227137589019094	187.32817789691677
110.6049105584346	20.906146093050495
255.76031634201854	302.76017935873983
273.2967651352751	203.36973322922304
226.91382195947378	13.320056331264983
78.1700533161717	367.90291217481183
203.22996627911198	339.76262006310895
255.814765600722	413.7608186231818
80.66188002146981	273.4916063788727
31.752913102810993	397.092121687694
245.8203166834909	9.85489504621878
317.76074204744526	318.05120079922784
148.92360359832915	327.545373094886
222.88944432555076	72.41165485705605
363.7642716136802	268.9671098466181
205.43595769351282	115.68888714167794
352.7094402494814	188.28934777325588
158.02817484941693	31.818245499093393
170.12599552353007	407.7791282704366
60.6903959304821	77.2151902845893
134.39547880973842	128.12228832691605
192.29250397544516	306.0839148149303
226.91161624868306	324.6987627245386
121.12700394584022	417.7804560129695
302.30598212905414	312.91107618962513
318.11641040353146	109.38573670753036
163.1698635861633	370.13068912329175
139.5478389885714	160.1095191863633
285.9432077821516	414.2762023857447
251.4816211097262	251.38774818215037
156.9665352584931	279.4990895479075
305.11164604028113	176.03563707533155
174.83878048245333	285.81886082179153
221.22784650154708	88.4611345699154
387.9895403083016	11.627342712550602
311.47211034761125	341.03489250570607
262.79596060148987	31.715006454759415
147.07504428712343	118.16263936994419
243.9796453835411	325.8144495644073
152.7169977917477	295.3321776748457
97.6976800411742	410.73485772572707
167.80561572131467	81.1329309691423
31.30135434279631	171.81455119655743
175.9725973418949	25.536309117696412
99.85784234504462	122.41825858326271
169.5692098592441	117.5515691066439
409.4257361982541	125.32453494744725
89.67645122040372	215.5787792966341
182.08219760426664	368.3904995595748
239.01235288817495	128.42607236525447
259.430337725577	210.3381436114708
59.43729454491004	417.45902791106045
329.26010401136034	188.22412253783043
9.43465352062191	19.98264017027516
243.75507896135676	144.35859922472744
403.988125597536	44.203343476891405
374.3275713581146	303.03362266462904
174.70887605035603	244.15509925692137
208.95055269206821	416.9530452052128
248.23967391350777	106.24878479470046
71.88825065015105	341.0279984433326
335.78804433763463	360.63713090585026
305.7857242977794	192.38470437911653
76.57409479353807	226.00205505477558
227.86231951694717	390.705620184402
300.30693058450726	3.500789444268122
345.264004646154	230.31091266157836
307.5903749725336	149.97460178666577
202.0249515445322	11.551676935562108
217.0542055070983	49.669931898254575
216.01113524966988	168.2305382259481
319.54679016796115	209.38825256920344
59.26609576553977	14.645906827083174
5.4858957459936235	148.102153425671
78.03217736194391	91.98860684292788
68.07912472677987	199.58023135341742
89.71644991989614	356.6683775035089
348.66232107562587	106.41837041649389
173.4107885881706	301.40827112826344
418.1390041213448	162.10002908528912
143.94083934206225	141.5746760105974
196.73576763988163	54.311698203143635
154.5753813224295	65.75813153646938
35.2758729810206	114.65363701039183
84.2093047580969	77.70883426173422
73.32250644099916	66.623590406434
46.92406807337175	102.9255753023222
121.20314752425688	255.50619330018222
43.72817581269035	137.613138042628
186.5878161872235	344.3309385183764
374.4648108183499	178.12725414711352
304.83004675782354	296.8566448195809
166.04007988287898	228.3192477423051
119.48100102505629	296.4198274282546
321.3023923584426	414.4240874127042
29.002661621491853	417.5432304894173
126.40424497420636	109.20840000918471
19.98207159919232	33.09400020005747
219.01592900388792	123.01867784130852
345.21727153581975	318.22114401205454
204.89265836099014	239.46122730684627
172.09460842337893	337.1952322580369
290.0370101063665	154.9533594069298
161.42747595057443	102.52339599592189
316.75215107428454	232.8130569315259
146.20402495705792	403.7037627484011
198.71802918950053	363.9480172809659
400.48322293471807	258.7391899332671
154.73182819306854	154.17691119938698
191.7798409947013	75.25643176257661
28.002864457582422	144.61130473970283
335.2000231089401	132.38756362048943
205.26493681841075	83.72629085607892
221.80580272388335	232.75342599739633
77.77365825073687	161.77343874301184
289.5488228500649	250.08035063897356
68.71388361974832	247.2551336755186
388.65877966808995	321.15116643629545
129.8693014930263	404.68741017573166
23.599155431296744	86.35977768871658
239.83690094448923	405.9805554408378
389.0123990001701	288.86937924640375
202.41147901471527	178.52975759628293
158.7057510209466	131.39327199052846
21.28414511663374	65.94397023516805
408.79554899225525	413.5573943554692
66.56753969019701	108.43384134987404
115.57339758257801	124.86124354135528
263.74057748866466	48.08440614065866
209.62879907930738	206.92653571650845
255.25717511215157	84.24879661225829
387.92043524378414	385.7838656143577
202.57689288955913	276.0862140367959
154.24475708952542	238.41480372957878
342.4215861335676	414.5427212712894
390.1947144158469	272.6387815457857
145.08396820434137	369.66014344874793
16.212483214621308	398.3234812789078
310.9202370081106	128.5175338093357
63.48848233517456	398.4153453592195
331.2070718093473	328.0682228981584
390.6336788956818	93.62557353640564
2.2335633225000446	405.5877472884551
357.10047088969515	168.242318656477
406.8254242299619	375.74155599485334
177.24290864390753	202.7759013288681
100.30866178172144	393.3816168133667
187.57553777407162	266.7405699995699
135.22652175555825	350.36017328606965
392.05325765094574	415.09369920573727
318.45042417010126	28.116690260404543
121.11132620618697	148.82473653648526
90.1834100752432	13.331043347116044
126.3754965066605	68.88988550501992
278.924114622219	106.1972383651535
380.0429908123279	401.121172823414
234.3746911821373	177.19002199853952
288.20300469788475	61.09625457083381
71.16421098518519	142.2850583514565
360.053376059951	328.1912319929642
95.27528039799952	140.01169416573956
158.58647409328856	9.53309174250106
73.93794670787021	19.857209453792308
272.58448933819733	283.7646282168248
363.80345480551745	124.00214659362975
84.86277751423629	46.95661329500984
407.18148043159937	299.6865918282262
280.34872389633784	32.34555997696452
285.233851663718	172.8772572773901
269.28329739946736	15.419048022161702
14.322195397372044	50.74141736377611
274.4583184780214	71.70547526148763
78.24970831386071	127.36621467876631
306.19392365060895	246.37188148505396
337.8255003841509	390.5816167359496
292.34658028998314	327.933679123041
132.65870314556966	203.87889653827622
417.3859496050367	94.13059763476343
154.21208258584255	46.93702264231097
246.03893695992605	383.38637511838346
226.66270631874482	417.84394062407216
29.710360934681955	261.25866799262263
94.739442584573	241.1358356878905
140.9390994591145	74.52407927421301
50.64895326897807	273.51209618373167
9.5521939123027	347.4419647753696
141.63988603943437	28.299171284580662
376.5112220712325	417.9710168033792
394.9278110677264	170.0522476314508
358.4705555324314	407.42614287954603
372.44132546218003	111.08923018323709
413.6304227744939	248.2246811118672
400.36159394538737	23.287060669880475
30.71066694514515	354.8343541553168
188.03069040691582	90.54958970713746
142.2928441350622	220.74111859290082
101.94697225195266	51.765546593669114
239.29992674237042	86.2071783223537
239.857105841217	291.6596869214811
206.03899381861768	149.21063796141857
258.486658913049	336.0577283812904
110.8770835230096	107.88652560244405
44.60997490724998	23.441808712342013
21.597547525911537	158.87773370400032
152.0067513234518	354.3243780812132
373.0295211199846	94.92982954451396
419.1575209638841	272.9217889822371
293.7370294664687	206.51854490348452
61.29446385997287	93.46570875519839
112.28906702865386	205.37348743366192
139.31408196004804	91.09314500706068
98.22627637243755	305.62818240832365
83.65960472985677	400.1498321642661
352.15584352405017	258.750439784384
126.69998637658483	12.699043047548145
34.51409225123989	338.16462900509754
41.81398100555691	6.731666544259176
128.20377180645323	46.89283404190053
305.10398838988647	218.80211828846458
282.3695042294572	265.8708406884731
46.75614888083543	290.2066165840529
16.300511386501466	312.2698031578793
36.693012138361354	59.947550427495415
178.9334641227947	318.37580610791196
107.42823649510706	82.01015999738371
105.64563888326065	278.44438396505404
417.42105779398446	337.05231240463354
134.1696257303257	281.82086809772636
231.23992438701617	102.18502374461981
349.5771688216797	296.3395090565581
114.64523182672053	38.15098933027502
263.9303843287391	98.95035423350211
389.6693980325391	68.74486383523241
78.83026554907472	182.6118927584769
75.79512509989422	416.0053775282187
115.45507682215863	234.88719893578406
362.10085775111173	203.60848957029125
408.6787869139216	180.78946260061508
142.67466469530862	11.73008000973387
322.7817092283061	78.50651347705976
25.886190167108076	13.857611036612816
128.2569839517638	368.2756413687386
208.3458663011767	258.17061648142163
214.05788975805925	360.11593705688216
304.62882320061124	389.91532644488746
12.38472006151673	291.74145650454636
301.1906225595675	101.38827591006964
290.4099159217483	133.32596353480776
194.84794128058996	326.00658363030715
41.46681507626697	380.0078699838936
365.8288667156633	10.749165164445762
297.7248166753738	20.50379599799466
186.0571584688647	179.7223192257651
25.862509306274067	245.85307080631867
1.2058038523403862	362.94332663767824
63.212649564051084	362.9714036560835
125.60581734957623	218.18792591970458
361.7324548497734	390.1262616429434
90.33293745162673	197.238207996917
