382.9453026824443	37.99777808932811
393.83039690209745	197.5135187305464
55.42760159650526	36.974028671419866
190.0967439976694	417.7026339921772
269.31717924923504	217.7057329021394
345.1339038689737	203.1193088441789
291.36649698476344	227.32471539350354
122.67906135597839	179.2895672201089
49.06929442244589	243.98004494670073
63.42904200752304	180.2959617371333
400.3486161545459	392.55404520851164
260.85533508883145	129.47872428756628
329.713127723585	276.1582855995582
55.06685963684484	309.28417928063203
220.10768397699027	270.94251386087785
189.43346282059008	112.55667136972912
103.66925365716176	173.97395683240848
9.399125722282292	178.03548724577797
142.06525352012233	257.47208651533856
227.71176531019114	34.03130251865179
334.73714616364185	224.47592235411244
382.39640634300264	246.30914131734895
3.758067228750521	12.301083602836716
32.62261231704406	222.25865364185907
210.2599075987576	290.42499212923593
402.5060557716021	215.51236235272006
236.6154800006802	55.90595113268809
346.8399215530383	156.46460482678677
293.8026897521247	364.40662222827206
225.8901907467469	252.03606678005283
22.596848737409378	375.10301980398253
207.34686980284124	327.0271849662763
143.06757710453184	183.88819665294088
90.87032306561798	102.26066142594193
255.36942211043643	157.80942788684467
218.39214265787797	310.2382971684158
335.9819532815795	85.7898422214369
208.10147482846327	107.53418224342705
0.9878706198632892	120.83155672149316
277.66543320535345	316.60112834194246
303.85977089823774	277.59216534320313
131.49737184075454	314.2249642950611
41.56428021058451	406.6084593880572
54.086475775952174	121.9793659695232
109.40841956131402	327.14077261843136
303.6860125785758	73.78386586048168
403.43589365651843	274.51466225418034
240.20301905414252	307.8297391101244
379.5758813619415	364.2873942079727
161.51978005504347	261.5471058405399
273.0431261129988	256.84176476257915
325.45112986405735	169.13460820262424
282.24961904130066	85.73340836254974
254.62544111533597	63.62325337744384
191.7897255506266	193.0708235244595
88.93899697730794	328.0699674981579
329.85386647856666	302.6379611666038
47.45385523218168	202.27473793781596
361.2989759578124	355.85738130292503
76.06152127483004	305.73206233824834
338.8501638977516	114.09299994581235
227.54577577719962	205.98258424239606
115.2191120348293	395.9125841332548
171.30391465451646	38.703603809338894
325.48346351329155	149.1277321742482
55.629595372242086	220.07795839214967
317.89752409646763	392.07332605222143
327.32590394061555	346.7283526049339
354.15850438533994	54.4802625147363
209.27333564614443	28.75895882800753
291.22507848749643	188.7208568219589
236.52946711396856	226.57720626027407
272.7677377897112	392.3752738364759
259.8893520692989	270.873362265377
275.0344404175985	237.48919954660025
373.9158526726005	74.67502287564362
95.02126510895519	364.6536697489817
172.9726895335445	355.3038920681382
284.9242611705314	8.232796372987403
278.8382652686592	346.6693691993916
239.4574828573726	274.0489439582936
137.93133803487154	238.70607415510185
69.82602460526795	375.292717244139
46.48947132588696	168.46718273283702
214.70367404243737	190.69475079784394
154.05483092752638	320.9553956285213
386.8301985153377	345.38750881907754
419.51394555111693	378.7068088703875
39.71034615226331	48.637715966524986
255.8464781846439	232.3121822868226
247.65812829711984	36.656781403290445
169.88708668413346	58.615796077908776
403.1343734811634	105.37229588000496
342.7377521220618	30.552718714934542
97.0829992713224	30.360583536852197
174.1448150257618	145.03317045200612
110.26109776351335	377.17978067966214
250.7527988221536	189.64903399072097
11.841481282076568	254.0767526696064
33.369300238530315	81.75496618733996
409.1562329189262	355.5010428915092
38.1788905948672	319.81711597546985
410.33952063656466	316.87864026933204
279.69132588885043	133.24534256384476
6.661721766542499	213.92315199777406
57.305796756124096	150.3366043610817
354.58330461004834	78.89410273983505
74.59214600070769	39.39116416045765
249.5546760746042	291.0415615239243
126.02482521993161	94.9903760090738
377.1834550234769	144.92152118290792
373.42809689019566	330.8070253466145
308.75115287215954	53.07959256848106
210.40472367992314	382.27675908167816
193.54177997673412	154.97808373602606
285.6282916765865	298.5897850718522
57.614402755101445	56.266904255798465
27.77638482895171	198.41891397653353
113.54862832317174	19.9829701402158
258.57063885861317	314.4751000165195
270.05729453598246	193.14260567271856
225.9194449442982	13.228032725236739
77.9654728513675	354.2941829292565
210.2673199152438	348.38310082440756
266.50906260690306	411.68585518955575
78.14538768892206	274.46711262576974
36.894207255401945	387.89526598720414
243.60721751685773	5.00897800434666
316.57222849080597	328.73727419634014
144.45317621656068	338.29541880970237
222.70153849241245	71.89397903204656
363.74965257428954	270.87328758003923
199.18380942689873	130.87899615394986
355.8200634176067	184.99310480614253
160.7355523534164	21.201983103933987
177.5818169230957	402.19697582313825
55.801515138256775	75.43669696463776
130.57381806498364	133.81123209627734
199.04417518274224	309.0480402761997
228.32615771460613	326.648909735023
115.40911964845857	418.2859992406088
300.6159309482889	310.6536351478036
316.4909929468873	105.80651070509325
164.96201649243375	376.76668954947417
136.21998612697712	165.01547268918748
286.770669924095	407.27243540487564
245.39858669916305	248.44392911353665
155.9788315023037	280.3286479180511
294.55190322302127	169.4311286984403
177.76739260875664	277.52747507378007
219.90535259766048	92.07810607694492
383.3357184475751	18.4355628726274
307.94458539062094	346.39311369758536
267.14462592467817	29.630461547749427
151.7195541027154	115.51969526093788
246.94323012755925	332.17338765007787
147.17481479687874	301.4764773843024
99.38869535059109	407.66244569925425
170.42499972817524	77.7887850345543
28.987163641671902	176.9339356017997
183.82063044849184	24.015550808307687
97.21438409218581	120.99540927322738
171.78500968075443	120.4668770842657
401.13097985591986	125.54815911975054
93.47356812854986	223.56663873313428
188.1124043683592	380.2413091911357
241.53362690239524	129.2857911902894
251.07863239739507	208.90813298285
61.05587031788673	412.2228563109223
328.8904192698555	188.33620710662873
3.6437888605643196	35.98263013229447
236.18503230900197	149.27644336028536
404.33894519031264	45.43284002763013
369.63959118022893	307.0972764183541
177.24250351301683	242.2176865331076
203.9285508774826	402.64661150473444
247.13780055433497	110.79101575869203
69.37313034050483	336.8869921277443
337.8749455176099	369.41540453775895
310.15767143005763	195.37906809505992
76.14902958289639	231.8912929207501
230.73663554538572	392.22572988630145
302.69357000004305	418.9893700241832
353.0999165236015	235.75190576027367
306.7907839916785	154.41469704271293
205.14956115800186	9.86816198490304
214.31341592276823	51.249023675067775
219.32147331925694	168.48005369007015
325.58225958089963	207.59516317765537
57.96843500818701	17.401453626473835
419.41808131230965	143.43541699561183
73.00942435888636	86.15325271074136
70.49098523227966	202.5133915470062
98.49652740196109	345.1482437910813
355.2420710689568	100.85864084978873
169.16976802340133	294.8665715126911
416.8932494609919	163.15092814219142
144.36827170321948	147.54024961048262
192.01812755702798	41.9329199527421
152.05865408802782	65.72821227724499
28.155233711485863	121.36442931316303
90.75906187035527	77.8602813879482
76.24920993949365	61.81287489456553
37.34135635049862	104.30952629235686
112.45214537065046	261.25402197111885
41.767316323998905	138.68811357559693
189.9192828396905	345.26230612641604
378.3248003171144	180.22660091807273
312.0374312853913	295.1081515098307
170.10117380817812	223.63900237771165
110.33649285586473	292.9582898519659
321.31927407776175	413.65780562628834
24.11463883819574	415.5324093984744
131.63328375179975	113.78337992463317
20.779729629819823	45.01764887880565
221.6647372386223	132.12091379585172
346.09072018362934	312.958070116102
196.73763368160326	237.23173639076546
170.35500309659724	336.16110475701066
284.65314514307505	151.78118794388004
166.31662098651563	97.26687806931058
315.9572466279546	237.55302555085
147.0740598645316	394.9185644603887
197.14467143983808	363.1681662568421
401.543308829018	252.97121132476013
163.31834461095093	164.00733764546638
188.77437791121906	68.63584754572601
21.142258740038738	139.3096181786031
341.0543711238591	136.55332331093885
202.37936198495	82.19098083791133
215.89568190032418	235.58155684509396
75.58516565267381	164.88979560974343
292.954498847646	246.79484721261443
67.97600902418199	250.19077556156213
387.3692055838074	315.9084139324438
132.43415599192332	407.9042825587031
18.399852556331435	100.08819258694919
247.4592065256282	406.1440667496383
390.38757704035737	288.71429186776044
201.11524152006348	176.1795882833963
157.89160214594662	133.90526681634037
8.549006672460523	73.51114410802322
406.58049528606705	2.835902125808769
68.42993654957243	107.07917028380378
111.39922222875062	134.3905359104859
267.6442884274132	48.81779757076785
205.34980704323604	208.31323729453362
259.4944317055327	82.40549358194971
380.5938111711503	383.91513117637004
198.80122331595314	274.3371463456826
157.79676585591224	240.72830828425936
340.38673552345375	419.5194617667389
383.28544952705295	269.285210139708
141.75059400693968	373.83251898758897
17.108957642486608	393.87605518241105
316.21935102217446	125.32108057922106
58.556867623849996	390.874384080823
336.5592476438113	329.78715493132626
391.23956860689634	86.999516268315
416.8371216813706	404.7068825180795
363.3652550980047	166.99471590153152
398.60410903257866	371.5271228198499
175.8734279475718	204.5173819499179
94.56918223554402	388.24574019846483
186.2769417922973	259.26374517124714
118.1583310623368	344.3539919050502
391.69524525672915	409.71237033960836
323.4226990383628	31.771659196382867
121.34101528271063	152.38001084311196
97.62873234689832	6.757358026419427
124.92532818884446	65.04837319389966
282.71726290002204	113.27499884152026
373.168711786827	402.0950509472576
237.82378471376958	174.79139362844285
288.9899591450977	49.67926557639021
78.99830849705191	145.45723080394873
354.75168766786004	336.91883017250956
99.98884070811413	150.16237750036666
170.22494854327329	3.9007194159277163
79.24309191492229	20.713323229767035
269.68138882458044	287.8904225403685
368.39958112300224	125.96505515329633
91.65687353471401	49.1325655310487
409.56760134823907	293.8001418961217
286.4299196154231	29.94042746874128
273.9908112776055	169.99457249528976
262.27918753265317	10.852139791329922
0.5390627395899268	55.71904768361014
275.36102796051006	67.66860620022405
78.58700631985289	125.68518331490124
311.06804868149464	257.7321799709064
339.7329932509917	389.5818707752233
293.0414936689655	328.4001448716979
131.88117966581427	199.65300718035178
417.89720732651676	92.00269598741535
153.49989999276684	46.51877722797371
245.78728217562693	374.90222427988454
226.75848646756077	413.1698213383524
32.26123030509114	262.64657657891195
90.32143589653214	245.04390972874094
137.9241208192859	79.41383013081585
53.78495406588268	266.55308995145026
17.415646406887987	342.4696200579027
142.19358798507838	30.332408442754648
369.11450119742	2.3571168927712383
398.08403174765505	157.99114141828863
353.78700133034107	403.8570168260981
384.29672722772676	114.84189101956173
417.29469256049555	241.34846975307147
406.819763480069	26.150569494729048
35.613768729631616	360.7734665856912
185.3522636331467	91.92235484601123
147.7898498634439	222.15013008628338
105.72414412801353	65.57848301010357
239.78945969724097	92.9871605903537
230.1095181971882	291.04295356707297
213.64546125435987	149.5489273007254
258.38216522841094	348.1121756600381
112.83019257457853	109.3642073098929
37.94490179807405	29.081723054503858
17.438392865460127	158.96479769921925
151.43746353916248	357.1245779254293
374.3923077372263	96.24488053991692
3.338995672725519	272.26893032265997
292.7817812977511	208.0978985896642
53.846603945369296	94.52910978848706
109.34409303854287	210.58831365569978
145.19112411873635	97.46135608492156
95.3410650046751	307.0827865619509
77.40695347974018	397.3757525956145
346.61009437009	253.9995419899294
131.97837120593573	13.579580244796826
36.83705304501462	341.0783538425026
42.04271748402612	5.920558263018137
134.0379582117518	47.71984590193584
308.989267377624	218.77823895294512
284.51993241030874	272.2283093409442
46.575394156834285	286.37185985091264
21.89103674193906	309.30504850527205
27.027184657116496	63.21376232717989
171.98988656364963	314.01469914435313
109.14823147927694	85.29343771622963
98.74628256782599	276.7714952629341
417.85148309925006	338.2795426837272
136.63601071118688	279.85915738667217
226.67586554852346	113.37799859115641
353.5062346362396	288.07639899992347
114.39194796795526	47.872006358845766
264.2138779298649	101.74727516869049
397.3547331557121	64.84689783619419
85.95598738670027	181.60401678931143
78.64956052533553	1.2064043894011287
115.07140265079438	237.95581793925174
366.32438709015247	206.16283766241156
412.3057280416976	188.6492771447418
150.178077453078	2.9270657303220418
326.0793013909949	68.85902441016175
24.686735867969944	14.931056788494192
123.96534517577597	363.03854135784667
205.80723957645742	255.42072219365832
227.21145344440382	357.61382869807335
298.40454963133124	391.7231706803134
11.451244958545443	290.92091157125896
297.57390694783635	100.3442284441274
298.91743735779005	134.03643191000592
187.98486968616197	325.72582825454543
49.99986319001655	373.57423101827374
359.8976154985499	20.054550448580034
305.7586690514555	20.552607686156666
179.6196581955561	177.59751295844674
27.7107130250699	241.30527154793475
8.87384812328216	361.3118376954433
58.789611442266484	355.74373702413396
126.43429488721304	220.1402366737715
359.1014246902535	381.43994817833635
91.71672826086574	199.98631379150527
