372.9069022901107	62.986297091630526
403.89046351253364	193.74510855662288
55.81892260043342	28.772864956362696
181.52108780047172	12.848884970056615
265.93872498425986	229.7003822038029
339.7447243072759	205.13396310183686
286.25138565431547	217.0831941936373
130.1345750430527	196.89111717299093
53.617394145278794	240.4767153446745
56.33706071441044	181.2394832764358
409.03678017144057	395.3595429582066
266.6433371197645	110.78140537554901
321.2549399435725	294.30135819656476
46.28612569210571	303.43284305699103
230.51807968887374	280.1246047435751
187.83079686345351	107.16089978384646
87.13552207646268	173.5947824884526
6.1207446099623946	176.43630452569394
136.6699962714089	260.3498876039007
239.31670228382043	24.35197106192585
334.6553295367956	215.24014747807706
366.0202035953574	243.2386786930928
6.613858991863787	1.534468748246187
29.406758786288666	219.76125661508843
205.56559357650016	298.820716724878
404.0780945035712	209.38826400528745
241.8230517967232	64.0261291009023
342.08297621938993	148.9186799706903
300.30413116278805	372.69065956560286
221.29977781285297	246.53905431135559
16.392602805984044	383.2821002476945
205.6863107755142	321.0345465318464
134.85486396191246	181.82535740511545
94.13329788217088	105.20108926771026
275.1632238328939	135.2057125227654
217.37893768655917	304.43708613573807
327.83905820132765	85.9511986642198
203.85019744084283	97.75220564753508
14.50371657135534	115.39474583183942
292.1202374282387	311.9864976247165
305.51504746731575	266.901755323562
144.51754844834727	306.84137624042387
41.075603574285495	411.8315272409734
60.89557456191145	125.80459649625364
104.33293805280033	332.45984927515184
298.4540614544323	87.74454863424292
400.553357563978	289.5681979769344
229.8090229006757	303.4662838701427
401.28856798100946	371.76147681938187
158.20700936160162	262.45029654499837
269.38174221311584	253.2092116641016
326.2226458949927	178.08369813064255
287.58957400224887	91.20077769369466
262.3590783714406	67.51777905422432
203.24728051848606	199.580274899514
93.48740095891333	331.61429789279964
331.27195539068356	305.62502531921183
54.33875523708841	195.1132758861765
360.6299785000158	360.04561959039154
77.19165468761857	304.8279316419575
332.50216135613744	113.70596968349895
223.78077666825044	219.1755546002988
111.04037009275193	401.66405659205253
172.8814967666951	42.9412952513326
324.6183309732101	142.55746839744614
63.55481844864667	207.387199230503
316.5132313497479	397.1135054604796
331.2913394261855	348.27065730177674
360.89336929265903	59.553185338400404
222.54082050458777	21.595320120750984
283.74949888964863	192.89383252863766
241.43261202486505	221.37952249488646
250.5041444813708	406.6266238682938
264.8291233842449	270.69990568714286
272.48188983344494	242.29610815677756
373.19603663310886	78.45385420985922
96.1515991696459	380.3065604873604
170.7399468781563	356.4339358544585
280.61903080226097	11.767409134739886
276.0276105895919	336.40335342829064
250.08723271204406	268.698956643726
137.74474978806808	236.0054159354859
81.80763014270467	386.92692933190654
48.41845001279423	171.19683781344338
218.1542750606928	191.57709781528774
164.11301460337341	311.6942613485841
396.68296392695544	350.4952873299096
1.752149731491758	386.42257251762476
48.72775835266201	43.13910671322353
260.9942689114903	239.97058375864137
248.11834437572946	46.91076088887888
166.38259095572383	65.36376436197537
395.33049333013946	108.38986113991223
345.10076426044975	11.8791613767788
83.19407766597915	30.638793535318595
171.73380439791924	132.88066651167225
107.00865975937437	383.2443099892715
262.22767721026725	196.9701290951495
4.507180552357252	258.770102954913
45.901062111404194	76.50917324082054
408.2242135608984	344.9539007083314
36.51921052528845	319.97508259415775
409.81702183084064	322.67083348836366
276.22554397900745	122.51218579353366
6.149828142873099	215.19789588162112
57.995732090671645	151.5119072176224
358.96709024062426	72.65736081282529
71.4667535584674	49.94182416633859
247.5387380985264	281.8973075320884
125.84939725129004	81.28517060894991
346.2147440348514	126.97470373326256
377.3283554277493	333.1579909139892
312.5570478692085	74.9610767841903
220.9000186075481	380.6154875507386
188.5373410774699	146.00295213948135
284.14709859455905	295.1291784110488
57.85462387541451	56.59803320247712
44.35238803368949	188.16437288433886
111.66034996401025	18.41715682038643
258.7667196084796	304.33705521704354
276.6482118754648	206.30814799513703
232.9010707356585	14.643833745746372
78.01953231989974	375.3323986314276
200.5065981493442	343.3188054067828
244.2148569098318	416.1425378120638
80.97870301349234	271.54079590203503
27.596012951971804	412.9533291812788
245.1831793269718	12.914016531007883
317.28658640460185	312.8906401313562
152.40174630466208	317.1299230610642
224.79635041076745	77.00997687244605
371.7622136386611	269.96168462417177
206.32001573245097	113.70648725912572
346.9823425126983	192.0350397277817
160.80858134087407	29.60395831981187
167.45470973321238	407.7683957761544
57.31576892061965	76.05960581192693
132.71555777898297	128.43830111813455
190.59264604373652	310.6158397855849
228.8826875517096	322.8352925329927
110.93114639221471	412.7166124250921
304.2877471960355	314.445343146808
315.95751670070086	107.0614101206212
162.794545209366	368.9323308063519
141.79031956760855	161.0842472497165
288.14829336992904	417.4279196214755
254.32200577609711	252.6628572448609
156.2999739980903	285.6786391100606
301.3321957398479	175.86269757167625
175.81716562486852	283.603312245509
223.44439432366866	91.13747971043948
381.8360840094024	11.70876199993865
311.5124682803414	336.7570268688632
251.32186598352163	25.121142596090767
148.98043865786727	116.74732005598206
244.16728385820852	326.10382226343665
154.4373003924758	298.42941464452315
97.6675433513729	405.38555392698777
166.5296792069884	79.05964761617251
33.405389087850196	170.528834077546
168.51340760296867	17.30091980463828
97.16004150265172	121.20346838037156
172.0946403355175	116.15728080729126
414.2817881137221	115.69912755702332
85.00777948047529	215.36797494001956
182.43379852060804	360.3767161209696
232.41811893353267	125.6099127604306
266.06111960425335	208.99778350466022
52.82876734442301	416.6651785882413
335.9241154474363	187.0887820106856
13.611384088142984	14.814304712072563
244.37146958603907	145.61326061935603
403.4578996594353	42.8374954722936
386.67769881755146	308.01235187613787
177.28765364947918	243.11426538067835
219.43572469174777	4.782598427995998
248.61499328655444	105.73285572123913
74.87082716100237	339.9891701635822
338.6868422136685	360.2675252731288
312.45267059472616	188.6142294192324
73.9989062371295	217.91612718550832
231.65468912109137	394.42218463381266
297.1562575717745	9.08283397884847
342.7960959404854	226.94107994400795
311.0730413175908	141.6381767685868
195.68552857917058	13.119078305683704
215.8974999096977	38.80140054532182
215.13436966760182	164.5655560528588
317.59141576766643	205.0710688158998
56.08851277186794	13.98332285813105
11.289706439356635	154.07918083846542
79.49468931880965	92.21720298705007
71.8333526201462	198.92656551427007
90.72343083666186	359.5327684788734
346.4928729787613	110.58534043251811
166.30420322680402	300.3457402126237
419.5089378668083	160.8121688065936
142.90713513407167	144.4474807071538
194.7467920584938	52.25839479335567
153.63849888447746	65.96953387019784
27.934125501685294	115.4238422451254
82.87972452378597	79.64413238939095
66.46572817680884	70.02573181202541
47.271858905455	99.34510924508615
131.81447611272162	248.8335449321491
44.02155130892877	137.79796064569612
189.65175035316375	347.29877386797784
372.4014828067886	175.68788240663804
298.67153931736726	298.0948814700328
154.52328890687855	224.69028358942958
136.1226437317078	299.6192186047362
322.4326086354243	415.831462856805
30.681614204919203	4.512538581769314
129.1593572722844	95.69234677429584
28.241125694859278	25.07552145534498
224.07036309402608	117.41410706740736
353.216671147297	321.77316834659246
204.25330484443586	241.74290959964046
169.3578114982385	325.1657465549296
296.46366556313615	159.8341872015702
161.62174771646846	111.76080647293253
315.65001142333233	226.29084534244848
152.58389408254166	414.90790321258356
196.75932860300674	365.3477619736457
400.55376945055275	261.9953750099856
155.7248905377448	153.97271443180009
193.25683205531672	73.76071886081745
25.242870023684322	147.27257170228788
328.3540019859351	132.08153856972996
202.62304722238733	79.7078017477913
223.07939745567344	231.33911252983285
79.5230417466269	162.91167915846086
289.7436241135041	254.51248117878094
67.20372489072184	246.89066293047844
392.0350073590472	319.3767033714605
132.73712436748093	404.3803289859109
35.65021083995138	82.09187669337332
235.53478809316056	407.658371783755
389.0217974579626	292.3343894870117
200.65828273784504	180.61795674037896
159.61111102822298	124.67456378308015
19.301050823738624	64.20223049016101
404.05497510273847	413.564735426774
65.4781368966361	113.03218455541413
118.33264983483117	125.3190338773427
261.7443552888466	49.54538951252162
213.47183736151885	210.16071629938594
260.3057927321404	82.52675512054311
386.12866463801515	384.4373312806092
200.93546012856706	275.56735440011596
148.99106020337462	235.6735655362182
348.58704023331444	0.7894255676822689
387.99386110079826	272.904035584426
141.83926533459683	369.6979282828543
15.615919505864351	399.12394453563695
315.9348295110485	127.21990487479279
68.51900027632776	394.7740502370215
320.23448967202177	325.4302737333135
397.2365351719811	96.518402596202
417.19236830555246	405.60913614316513
357.266439135023	181.9035282329921
409.94942860627833	380.132481469878
177.25868751670984	197.76888632999828
100.45109937214177	393.7915606846895
182.8985636058007	270.523001995407
134.2064413354081	348.79863256891883
392.8181600649389	415.2304042366627
310.96489402241133	27.556127952872423
120.21857580857784	150.11497642613742
92.02589725962349	22.17838021058772
128.94489855315982	70.45502409181093
291.9459413894824	101.44575587134247
377.7747776174537	399.79508540564035
233.90967528106856	178.85131267454219
293.18147648385525	71.39188271823954
70.10223022264996	146.86334837892952
365.4468489648946	328.48806343461325
89.28912769144684	143.89634632271924
160.77568582738266	8.171910433640887
68.68268209671932	27.850676107154023
274.43103336978277	280.1816616858033
356.71810628447275	120.42734148454596
80.34011994202999	43.54294099532003
399.7755193799173	301.40288179836784
268.2329587162559	32.72720660073423
288.6222773632962	177.8611067286366
259.4052456522615	13.742695449930272
17.763762772361314	45.36536873131882
271.1645096076895	74.57996051687701
76.94080510952261	129.03485582859057
304.5296037275668	252.41873252651413
339.8955185513558	383.65358244608234
289.9052849110154	329.7517517669618
135.27551372675924	208.70483441511914
414.5000116360349	101.3385552319539
150.23072945648406	46.0383305977301
243.80528683882514	392.8084647419205
232.59745085008507	3.627055822018153
26.8685183999651	263.0654248703089
99.84731160038342	237.18095139810725
143.76639967021103	70.52958536673839
47.3016902196483	277.6341957145555
1.4543223830640453	340.653563692524
139.89828560764963	36.62645221149962
381.1845876775439	414.2388466133306
386.6872125335963	170.9265136869137
361.7218269504419	408.98839851384776
359.6719897341077	104.74379378032832
414.3691725186081	252.05249377292384
398.2821886629456	24.08135184205858
29.240558178845593	354.6957036794848
192.29855622620758	92.62918683047975
143.04131440414992	221.22415406750855
93.08010845890766	50.55462537825993
241.35805344124586	77.42092935271111
242.85974424426112	292.01720154603504
207.8355991590597	154.90394694416668
258.6973300298004	333.36482668309225
108.9906675468794	111.69778319260382
42.03623329856468	23.522727602519318
21.149893453564793	160.5540954638559
155.1266949421058	352.9112105630391
371.9551446029643	89.52329398456862
413.144247536557	265.50599696652705
288.6791490366149	205.30492278344806
59.7488710407437	88.26657975121226
116.10003180936458	205.25105419943048
137.51029680577037	82.03745979819817
100.18134176771163	305.50889551121975
88.20817531076932	398.32743775669354
353.3280074056762	259.96287329845785
123.0669330767063	10.188572403174781
37.507992705264385	334.0333482462651
39.53210142680718	12.045165357961276
132.10351323780392	59.57405479102608
304.18044664554037	223.77064119739381
280.5985404001256	262.2429437138074
46.48875964535237	291.15159606316445
6.395363778670303	317.0799853017145
45.341455517115165	55.520581523512625
179.32882252162048	319.804441406198
99.81564745992732	81.75465197648381
115.98575056935672	280.3438984865882
412.2641211361334	333.4421692542887
129.68982911204952	286.02005156475
231.0632407866788	103.3587496064244
344.6490341571649	297.9154448454669
120.31133478586703	38.91003614914066
271.4792220536312	89.50270209897934
390.5372053019078	71.57624491541718
75.27571454913772	184.90899756826934
76.7890180917534	401.91519236574567
113.95976161075399	229.90452581191744
355.6524370378913	199.708549538208
410.97201775842706	184.19485418049348
136.9722314843786	8.815531027868403
313.3440074040624	93.09597210467996
25.44192020725398	14.433572916120312
124.37815052852837	375.5016377019328
213.04500319381523	254.3785951309397
210.72979827478272	368.2190698126062
303.0256770207103	383.9229290009055
11.791599472549635	290.5121370488796
304.9602955051661	101.78765290235836
289.1048111131412	134.191244372521
193.1348256873166	326.40952681370084
50.04274138679982	380.7737962546312
369.5444711016797	7.322373027712493
300.2896523548689	20.245112479891155
183.64211754473567	183.7373700532277
25.722606204082744	246.71143598466966
415.6504008199318	356.30151486247155
64.4056689977324	375.37076501087074
120.7465119373463	217.093319625782
364.20120033208957	397.3962519327927
84.88896582422781	197.18206646437224
