381.75751911119204	41.7526275619518
394.85027796133284	197.13148048878878
56.0884666337382	34.32901129202408
187.55658383412677	419.55874084669847
268.2798136810128	218.98013980891432
343.2762236839954	201.5309914316479
288.91121207213934	225.65760458002768
121.62752877624003	181.40454526218542
49.91759560895377	243.7434881874451
64.30416891449214	177.97189567678032
402.1401043339774	394.07784104109356
257.24275761923064	127.6554082089598
325.92728114087095	281.03854058357683
51.96273090878827	309.7582148475025
220.2183598441453	274.55196754862936
188.42913172291884	113.70768522442054
101.098126371918	176.26236743238104
10.42683009363703	175.4721808838064
143.2054051495531	260.31862002699046
227.95639002689518	38.56882062539368
333.0527127974753	223.19253287059314
375.80283799577984	243.92809246706278
5.412694552596084	7.490155615861898
31.98859779610445	223.1027743507028
211.0569068801385	292.6806670525289
402.6654277309744	214.89150643284356
236.4001635529813	55.91591441453112
344.728480838233	154.6971390992187
294.4792429480076	365.31325903449914
223.60142442734212	252.20037631616657
21.854302900124676	376.4877065948261
209.67033007590223	324.38779506980364
140.89001896024504	181.83693603809385
91.09027646437852	103.56139837391898
260.021944580729	156.11789527439234
219.26648571752682	309.1751918026766
338.1252649317275	83.99718439862049
207.41633026351	102.40134940706474
2.5526910178750493	117.07801572709117
274.12444046015474	314.5578725967576
306.09248272979	275.1285858675908
134.72589825630465	313.0861715977424
43.93787244090995	405.68294855027426
59.139052451501854	125.86955025087872
107.95310386355038	329.19237652936476
302.0731468853038	76.0532997261843
405.56260099624666	276.6067436991404
237.30993042605994	309.198998832332
381.85583693859127	367.113438867967
162.87380521106434	260.77519895055246
272.08227730911915	255.85817055929272
323.8856424914394	168.4133435808201
281.92246453228483	85.34230760649244
254.51025317313776	63.59764048976956
192.14023429982353	194.15497201342865
85.34432101582503	332.1165906448515
330.43237691913896	303.25630971801695
48.779170912793106	201.20167518335558
365.37325318955146	356.1274034409716
76.31141404593083	305.64978926026095
337.44811021562816	115.10941801071863
227.86651895862423	210.7660923119616
115.94782512877853	396.4182347934454
170.3443303049698	40.995559095474164
323.2140485438351	149.84134615405193
56.01993210296032	217.7273437585017
320.6458856636263	394.1141498155772
328.4611949341735	345.85721741325597
351.57875804667265	48.40484645709306
212.83321499079594	27.67809981234114
291.95237186886305	189.09750834505508
237.5763362704179	227.150561324668
272.6592510269354	395.96520660424824
260.17991642431105	271.70169732363587
275.2812856334905	237.30749141717232
373.2643017940424	74.83069473534154
94.88756457850988	369.95310580197
171.7054736468456	353.4254197609299
285.8507597219312	6.829868596093227
278.4614136244119	341.4636101463503
239.12346796119502	275.20222676388636
136.34629413487247	237.6534497287894
68.8092153057649	377.9038482985797
48.85136205742798	167.14689963718422
214.19913715719076	191.02464044332697
156.4987090528462	319.76489558289853
390.5443017654205	349.7140265665423
1.868900222012137	381.2981735235845
41.08357297515659	45.27369866502617
255.74426797959157	232.15466005054532
248.23147532568285	38.582249899038736
173.30106954505433	60.195887816143696
402.6140731792309	107.2280512511824
342.3942931283435	30.48321376623945
92.65499011829205	32.083696779238934
174.83635024626818	142.65767427511685
111.9850657106908	378.42223330983677
248.71222709622103	188.2996305845577
11.20523131481564	257.6179458533699
36.91703452175096	79.44204727221975
409.2108322120787	356.27833946334744
34.24585198480349	321.26820648273014
408.7132378651103	317.2845251823359
277.24750953305283	130.22467890158137
6.609826423167522	214.0523844564499
56.62818053474403	148.99288864697715
356.4677535743284	82.43759745304071
71.5415495353006	42.86028319461281
250.69050274939713	291.59638093997813
124.00551184670539	93.12590412904366
370.5229621313973	145.4905658831724
375.2372683630427	334.85469604585126
310.190599630608	57.0163452001319
207.7063507097973	379.8805657570107
195.18922201193445	149.77931236312327
287.51183836435195	298.59478909047994
56.13760645650183	58.00382699043852
30.940984832717177	195.7307092851403
111.43556385511835	18.567128773020038
255.25411260237848	311.34484539962375
272.1024903720691	196.4498685119253
224.76609561239812	12.565836390158417
77.76428543315444	360.6963651478422
207.6971267413662	343.3356001271117
262.67597498236836	413.99812936093656
80.5075265383473	274.4420247499934
34.666666518711914	389.52500383930436
241.24882818319165	6.247426157742288
315.84046287902316	324.49917808113474
143.62273062873416	337.68109554689016
220.168753900978	71.44118007313091
363.3741812672011	271.5600061166003
203.4103732016527	124.11732184801778
356.7079002411725	185.09201164492305
158.75928993458237	27.228250865573667
170.91607712612907	399.70649906403224
61.24115583614872	75.43156819753384
129.95086200796197	132.2601269062117
197.63389705197667	308.6558262556889
228.55799914327105	326.14399273554955
119.15283260681719	419.0162117643614
300.931888483823	311.38392248888465
315.80546658723347	108.60698223846224
163.0441038840791	383.45993333424013
138.60190449009323	162.4857529548599
285.1069096280643	408.47862783270045
246.2569557257569	248.0692337987546
155.81431566626603	280.943108607238
296.7304228452512	171.88153891140615
180.08538579241673	278.7841855839455
221.83191621802743	90.06761737563957
384.5278568932675	16.69154661191543
306.90497252661487	343.29334652289634
265.4918699763568	31.37065856426391
152.23111138169998	114.11549869704936
247.52240392610395	328.5964440538423
149.69767896276264	299.54174121076875
99.48923994889965	409.5369314130654
168.48519233698994	79.5148424914775
30.491768807049738	175.44435658325992
181.2937912302591	26.54237615910549
97.2620331548445	121.68462984452977
170.30759360146527	115.25790077253016
405.29198564461745	127.91189955251706
92.67824882584974	220.3744875607958
189.39606864627248	376.7634247062872
238.5362145076943	127.50553856158318
253.67082386171793	208.351397077015
59.898085641790644	415.0459444820038
325.4693814496222	188.59832622279174
5.7571651601956635	31.81903333347903
244.47007578877654	147.76875609472492
404.20221309823063	45.506943861789395
367.1042159345015	306.61382587998315
176.29645019068786	244.86241355366835
202.47537301486642	408.55238598507873
245.9401884242381	110.2454377237793
70.4259688518341	341.53991294884696
336.92834886331724	366.73197242983906
308.97603296576744	195.73837560143153
76.97476050700186	230.5650352925637
230.00034121674236	391.8363335424927
302.3111814883789	0.13566967207291286
353.62757254012746	235.55074115118958
305.39313334333195	152.0109594924342
205.78605213536795	10.17752936697999
215.15210904530576	52.800811991862055
218.68136570755846	164.8825515658948
324.497258051844	206.81273831307206
58.2187757009258	16.314533039519812
418.81392128767567	143.17045634526772
76.60246111188924	87.48807795107417
68.52381172847944	201.6526148569741
95.19416572052414	349.9018459672575
354.98091432993755	100.35036512311699
168.4899447558833	296.10487441657807
417.4715839827066	162.7274637248106
143.78204593673794	143.75638916262477
191.96252131781267	46.00751296134048
154.36557418339837	66.66969578721665
28.72519311220005	120.07178279875025
92.26761754974052	76.22170706652557
77.22840753481961	66.21676778834367
41.85567869142222	103.02258752937583
114.69383111150094	259.7816391118395
42.35493813842662	137.08455040307996
188.1870606427704	344.3248351390912
374.6463148047733	180.4561382273277
308.45099054681526	294.3684991259342
171.33083107133012	226.74013328304386
111.37333339571278	294.8611110964352
320.9090383259873	414.2027756974953
26.250491393808367	409.8171148844833
130.83034092238043	110.25122946031846
21.042412728384576	42.351355462786124
221.48596702897746	132.35554545931933
348.1162757114789	312.4102693022894
202.31608687529067	239.26108428756123
171.35047484488373	335.66820603291876
287.28940862672994	152.07593153736588
165.63225890447129	97.29946207353461
314.2755526829087	238.05212864446588
150.15148593659626	395.5421439182492
199.29251566414018	359.8939611780785
401.5050337597433	254.53025882625425
161.11879408180226	161.48914299714545
188.9002454741848	70.41679734405591
24.344297182039465	141.15131978906757
336.9672311455287	137.84000461229536
202.27094605660298	84.09141113849692
220.46091143619014	234.23012832437186
77.24719007727596	164.083566392683
291.2176509801149	246.4872212221558
71.31045305698723	248.00268710037668
388.5974973865312	316.9976418223295
132.25851336801202	405.4095201334648
19.544053750309327	95.09995899187705
246.23050869492323	407.40471412912484
390.6473651770455	288.23287326701575
203.6481244070353	176.63767537911772
159.0037848610386	133.29746521751528
10.142357195120603	73.2828509967761
409.4791569175653	419.2656753252036
68.45538344624642	110.56494667004274
111.70934988350307	131.9079714321088
268.3780070366142	52.31727531631861
208.01206464724294	207.55847730479002
257.63346099160503	83.05479512916352
381.70003404406674	385.51670437272566
201.4345214418834	276.52288434724693
157.84185761958108	240.23990500612163
341.1193439203125	414.25409635981634
386.06777274682605	269.9687035983243
142.34066379652256	372.4291833593474
15.033394139655774	393.923817262219
311.61896632094863	126.18724903094416
59.08937622596841	396.66050554483274
334.4485526313863	328.9184333099071
392.13958032576016	91.07219122118907
419.66946383121416	402.88220173282485
360.1756969856687	165.85545453968933
404.8094863854684	374.21051482188983
177.23522131048128	205.21527670433764
93.58258869159886	389.1683901039669
187.42824028405312	259.9804449610848
123.41398753726939	345.6565993499508
394.1110217882845	410.45298029376283
324.25264852413477	29.356085323412994
121.5462666521136	148.1961425706238
94.95009787286052	6.6972531047947035
123.45278714639984	65.29139504182986
280.2048124780245	110.21789504938674
376.52046789606175	402.98611043531184
235.0271697043127	175.89470569466167
286.0468895072846	51.87197110827076
78.06460414839344	145.06335976928347
356.87372660092706	334.34472273977667
98.21638175514472	143.75953494228324
167.733637870631	8.799218064094298
75.64557412570743	20.558540496822285
270.54770312921806	286.5617585499007
367.48693697472083	125.49772907341595
88.90060386823878	49.4974165170377
408.8484237323668	294.72828402011345
285.1654181167839	30.120649341609106
273.512190610419	167.5263975964222
268.4967301025109	13.518622600558446
4.7855430473900125	55.41701236344494
272.0076766329903	69.97790051064828
77.85737698718576	125.54250607982647
307.8528270106558	255.7541743682282
340.0016552174157	392.77634340043267
292.3341827040945	329.9859470236554
132.71231262872962	199.66351236042362
418.7919541842732	90.6189416333362
152.8683701783412	44.50219678388247
245.85174689997265	377.0755525026469
227.59692016183732	414.7837636460786
31.577493970458384	262.17806844614
88.70475299847145	244.5819796362237
139.63619688718396	77.87159094551185
52.86056632262592	268.7536538207154
15.15186556274932	348.5913892789916
140.97630888311357	29.28973425692686
370.65130818035703	1.3530874106687034
398.3524664708368	161.60190508112555
355.0411847305524	403.09011174813224
382.5922103654934	111.97605738750171
415.612176268317	243.6847140213976
406.0878628334788	27.319684338673728
33.37677925454095	359.31644823644365
184.24989533570601	94.00440575331345
145.60413424442072	222.4658257548476
104.89952879764604	62.80046536035057
241.86368674195114	92.6881805231015
229.28507628302702	291.04938131007054
213.18256272562365	147.94986640876093
260.17531830977873	342.5725091246084
112.18407544365263	111.78165580098472
40.10259792898313	25.008183398698485
18.838190347035013	158.07166192737785
153.31997479263688	355.63323564923195
372.281694069745	96.12134725059204
3.70581842781464	274.59782167478096
293.76733286175505	207.44068122161514
56.695835503254145	92.80351380021408
107.00658538598134	208.86717264512572
145.28896768766975	95.93069400274608
97.27378504102737	305.68629797607673
76.99540181054043	397.6788104103342
348.0783358018045	255.08230773394885
129.83165921203138	15.214716658383399
34.95003955986651	340.41243559023445
43.851436780863224	4.546511813308931
134.86997569708927	49.42591028891144
307.5090005046422	220.42113402308794
285.98430482722296	270.140643118247
46.74275626279278	286.9362621083824
21.35451274755522	307.7135172347426
30.084818036214973	62.27806567515978
174.66108714988388	315.7955058842954
110.9030743077671	80.68068507080437
98.79613874270659	276.9752269418259
418.5813718519635	339.44178228264934
136.91200013166988	280.34365096055535
227.97938886498108	110.43318166622828
353.5528238948835	291.71880517787577
113.12568719894713	43.17480959584327
263.11331899093835	100.79751432665333
394.2378773579796	65.18326192298025
82.79924718698241	180.97316583693217
77.73969810158202	0.6541376725502889
116.768671513535	237.21131998073236
365.24247380419956	205.5085073817459
411.02535436907556	186.29225825951457
147.52981348779267	6.875545356508218
324.6912870871415	70.58182095843463
25.48270886960516	12.254109676294137
124.09691235307282	363.744032891647
205.54621275888502	256.8277469181679
222.53159398264603	356.6803266318037
301.51827244989084	391.87479798422083
12.349321728869072	291.68468671945135
294.5749699433246	98.99338135189112
295.26645503848806	135.6625416939933
190.70791747186541	326.121740565967
48.2397420111062	369.4148075416054
357.0603848164376	20.300847116116593
306.0206719643918	23.939591883419407
182.09395895117885	178.34453798113333
25.448057535528946	243.6352454194653
5.97057606301311	363.9044593583132
60.29762434461479	356.07780119764067
126.10448510758472	219.30269310838506
359.499564259227	385.0323974931995
91.97310040712753	198.0425891273666
