382.96928465836305	37.96281131950688
393.8091446738196	197.52147962348712
55.80351740449379	36.23759925142037
190.037072574702	417.39871783473467
269.79649862513935	217.91558684016314
345.13280053157473	203.25667052137874
291.8786471958279	227.65322597753038
122.07283629609097	180.62099560971654
49.051617566600086	243.9849743041025
63.11660156949908	180.71390098123507
400.4262693116469	392.3558970726515
260.7210666051515	129.24780308924664
329.79201699706607	276.05659110093535
55.201876316002114	309.23262633561694
219.43725828654826	271.3178906348501
189.74321389433962	112.05235768677863
103.71572300720214	173.5657646706726
9.257413891703933	178.53768979811232
142.17488347875346	258.019834845105
228.19641996554083	34.08098211097753
334.90688812089695	224.75264810047153
382.53380277605856	246.358757489008
3.7183021871693582	12.427147335419154
32.669006144305435	222.12284388152366
210.27119024815485	290.40815467818885
402.50273478703133	215.5252997159717
236.07913675973413	55.68286014676348
346.883919644443	156.50143518536177
293.7885917719427	364.38772977782753
226.09721979490752	251.94626508604645
21.82638511600831	375.13703502794925
207.55250898803612	327.3893649242781
144.16553694893713	184.94391831999653
90.85625126487155	102.20622566755893
255.27257328383843	157.84448939926452
218.24113701157216	309.7049132910175
335.6255687575954	86.38234164384666
208.69131941684202	107.29005857793896
1.0323449796954545	120.96065018792277
278.02885228759004	316.56459751498124
303.6697678546593	276.9744859444683
131.38968673586285	314.28304680330723
41.90696474601006	406.8609387553324
53.978070153233695	121.90308854152387
109.40337731738566	326.7215793602171
303.7196213897059	73.73657551604552
403.4960794990441	274.34754421428823
239.67808495950902	308.02760806278604
379.5349065146708	364.1016492737635
161.57194063581488	261.2888039158951
273.2750825680421	256.6720236006471
325.4309683012517	169.15637899983693
282.2942396014834	85.86442156317612
254.58380705709482	63.84430426313474
191.88672581407624	193.44322540051624
88.8558850610749	327.9853469187158
330.0257485423564	302.4863060202853
47.307110904854	202.03720687680365
361.3109485079404	356.24605156988423
75.70069480377681	305.7091081584982
338.8793798191969	114.07181987922968
227.52643117855933	205.85782863054905
115.35363977380841	396.1942640908971
172.38098848653402	38.82632124126539
325.83931034265623	148.56179620916689
55.740589024174135	220.3868318638704
318.4065220751104	392.0401857510859
327.45059492216006	347.0946161827779
354.23572833748705	54.65426149800115
208.82509504631295	29.120781129144216
290.75976067757784	188.2614949139714
236.53652693164085	226.58260960474834
272.7697663725808	392.30023357952507
259.1244820166833	271.0021745200005
274.7894839745832	237.09026162916211
374.49766134098047	74.53903839545902
94.97190457857114	364.41228341756107
173.03576292917737	355.47457051198313
284.2113298611225	8.649476030795789
278.84611808355123	346.77784653481444
239.77769657001159	273.89813190503924
137.64916379201685	238.42540445918726
70.0589947753586	375.073887245583
46.69778141176877	168.3705423017517
214.8488697756844	190.4383422215754
153.6793798966682	321.0124542826812
386.8216410610334	345.3377523772766
419.4556859353119	378.6441770031419
39.862097298565274	48.54816113713316
255.72309683735307	231.8835227520749
247.62081051161442	36.62723020725933
170.7199557775707	58.33046166278805
402.8226264929499	105.66635209866041
343.0624021523015	30.488610810814183
96.7883573040089	29.91040741153096
175.3557745437324	145.95873826198067
110.62391132709945	377.2683880562131
251.0068261864766	189.48335632658896
12.27297300022376	253.9178974960143
33.670228185486486	82.89781006426736
409.17442296044703	355.5588851673866
38.46792759127666	320.01480411104905
410.37340903206973	316.8701824607006
279.9014391846766	133.0804020400007
6.662803158998976	213.9204590585457
57.348751097189336	150.38685170120166
354.523271815266	78.7729092731375
75.20259178856662	39.72479365720255
249.7229444969166	290.9682316596997
126.16340259915363	94.88366417298575
377.32224602670567	144.90966345914617
373.6200984441447	330.5185714085766
308.72115775574173	52.99755872262883
210.4802598677336	382.3297637947708
193.5794597797458	155.1238273833037
285.973862103377	298.6926766094094
57.98629560052712	55.87566782921846
27.710441059255455	198.4749306455768
113.65372360873982	19.807865775874077
258.45777182030116	314.6155668385626
270.20453261895096	193.11670603103818
225.40488647186206	13.492032777929266
78.31326249950735	354.19535667452095
210.53775400884007	347.79583345969763
266.95936231556317	411.06809250570353
78.07905172329066	274.4653954080063
36.96946268321061	387.5108301441889
243.5019934804051	4.907052628353252
316.15427505925027	328.8064429923159
144.28321474040067	338.10157136247335
222.9425497881939	71.79379949931304
363.35957100672607	270.81149781718875
199.07784664592856	131.03846598527545
355.72313692556713	185.2601844333475
160.51842184882304	20.79556024408556
177.72071726105418	402.2488722478493
54.14661775528303	74.98841573474274
130.84455853872984	133.65406893616364
198.71509176747878	308.7575657347816
228.35738032701897	327.1525988151743
115.80370044436606	418.22034971406424
301.0616897014221	311.2358352188772
316.910052095121	105.48979740805744
165.00198185525772	376.62721608485356
135.6880608167834	166.25704139038774
286.1093245600197	407.1960413691215
245.39089553328645	248.75192444744712
155.91899887687896	280.35220456814744
294.42290575163935	168.90162968867324
177.78484647969117	277.17754006373224
220.20400555764266	91.3259005016127
383.31164572501007	18.428628004937973
307.6411897515616	346.4501256375513
266.8727661836466	29.59366985235773
152.1309387064139	115.95810137815901
247.1916911118432	332.25831748124796
147.16265272503892	301.4824409102385
99.32957631594627	407.5293087660022
170.38778679252496	77.97086993386773
29.16792848354763	177.05857442194844
184.53856901760545	23.142380237027425
96.65032919611365	120.99256797445575
171.97941795581647	120.08103513083464
401.0442730344868	125.49890361999243
93.79951243856206	223.47725448634532
187.71412653656296	380.98887708766284
240.87890870242697	129.88214834076558
250.61349154761638	209.3286337670972
61.098405789685366	412.1963636590366
329.55203656801285	188.31425978814028
3.2093361559906137	35.90750764841763
236.01182054223665	149.41771295767253
404.13971699428225	45.20181668992735
369.3199577737477	306.9224333457655
177.21442970982739	241.86423927458137
203.9730554671357	402.51191272707825
247.28650443351842	110.79082345651368
69.20033871160896	336.48070423814085
337.85312590494675	369.0080636465048
309.78302141206353	195.54312895401748
76.03957730269867	231.58858139642211
230.7519784081737	392.23384410698856
302.667544852845	419.26150580719815
353.2028352715531	235.43500239548538
307.07054239487127	153.93765211646257
205.2995940655509	9.58781271035571
214.295939279258	51.216687591120895
219.17787218896362	168.75438628073857
325.49967277375845	207.6631783963133
59.15497549037077	15.818515719493963
419.50727711602946	142.85091310159743
72.6077918637787	87.97401148038746
70.5319770910716	202.53132836674334
98.3901190455967	345.0596403618091
354.96077112547755	100.93759751722874
169.14301537600727	294.83670026144665
416.9043520164793	163.44393219599755
144.18444832874647	148.2569122729444
192.12454693092323	41.896578950019325
152.54469061563412	65.82004095510668
27.805459186967337	121.65617338037741
89.96009640474242	78.16364769202757
76.65499206474377	62.58805836308036
36.79102112491269	104.29766972280066
112.4054332401915	261.284703408286
41.72623728168828	138.69928147907765
189.7904533746862	345.31055824609155
378.40145240621524	180.2218178316037
311.7298979288531	294.76176873888346
170.01643177696116	223.67355245137952
110.31720735152517	292.91683335621406
321.7334032552059	413.1526899056905
24.06179187674027	415.432186636713
131.64845087460543	113.65646502054291
20.590916928306317	44.747245616127294
221.34138529554562	131.88394269455873
347.232927926599	313.28761077235174
196.28835650125112	237.19030517688068
170.3161055249571	336.0378504762519
284.60965077476305	152.039098165882
165.88285392809377	97.42985521130659
316.131104536531	237.8239604413554
147.0703075062782	394.85749971743684
197.17154223328407	363.6479758383908
401.31419243014466	253.10860928809956
163.36417873006778	164.05981165410634
188.73877500674882	68.45411247584693
20.650736509134493	140.0997049178096
341.32913277783615	136.37753213538664
203.1253805031299	81.85486456433189
216.04772351856747	235.20783755471032
75.43189403403605	164.5893915613915
293.03674921813933	247.76147852958297
67.67606477150933	250.73295954405233
387.71607592684825	316.07063384820066
132.44016360749015	407.9607213649044
17.457102651965425	99.98642023451629
247.28417604351722	405.6829186636438
390.2648287851127	288.8491595258879
200.98456126001486	175.97957480393427
158.58447422581196	134.85930134779494
8.642680778143092	73.66867062811012
406.4997395323428	2.941616537207725
69.58185052295715	107.68967592120612
111.0591407954554	134.19322460121444
268.0901754265203	49.246867756043926
205.16221927980627	208.58185195287632
259.59408718878905	82.7508160968251
380.71034214420894	383.746656217707
199.01739399829768	274.46820935146735
157.47998721448167	240.7076296101012
341.1244051277205	419.8805552603225
383.67469797693434	269.23300495442476
141.5248666330255	374.2274172501003
17.020796598101715	394.35472270168503
316.91859168346343	125.35337211527782
58.61444653098727	391.31387698521246
336.1436772593738	329.4506986711672
391.6648626548188	86.53491857645757
416.79332977153337	404.7187302205963
363.5870931667511	166.6335156532587
398.1473087618793	371.91164048902823
175.7535089691486	204.47373297621738
94.29423373738503	388.0459246669284
186.14963634938675	259.42301169815096
118.33076343771766	344.39680783341
391.626557835904	409.94258320790146
323.08789784584616	31.8519608308542
120.76047070339955	151.98322464890106
97.24698272771134	7.354010679147247
124.31600353194138	64.77267411232286
282.34033717688135	113.65461273483288
373.0346130453856	402.3029976495461
238.02848862456162	174.47119669589833
289.06209641666635	49.77732994311657
79.08958091115885	145.4387085912228
355.12597182797015	337.0119250970009
99.51313657002343	151.08844255719796
170.17418477013473	3.736723582219908
79.47343161492658	20.69537033542958
269.3107137953953	287.65741917843815
368.1408608555438	126.17022104531851
92.40804893300792	49.52145415691412
409.5825875338592	293.78080131898815
286.8502372733699	29.865394030641674
273.79070262682745	170.05342141191807
262.3624271462414	10.612933340834998
0.5962852812995889	55.66381035878226
275.43587622844535	67.45968443938106
77.77205144547494	125.91947334743158
311.1607135390454	257.80839992722014
339.8053932136287	389.9749028265585
293.08119449014504	329.1273100991575
131.34293762248365	200.41030160819176
418.16006198634744	91.7994360437901
153.66080580420694	46.126095517011
245.7859388630661	374.8569365798195
226.741015230003	413.1361900927867
32.275477967143324	262.65633932692793
90.35702688214526	245.05316215166792
137.77227161493147	79.13747197688566
53.804216409426495	266.5072347164052
17.16642857700007	342.36965043452847
143.12407678829354	29.654170003329504
369.08247729372613	2.3780388067121043
397.62932972327167	157.80351058223457
353.5889724049968	403.8372451487014
384.62463404611157	114.72973201225392
417.2757997676227	240.88200508933696
405.8753103413581	25.58040819752418
35.90147907401252	360.1552247985293
185.10602845085498	92.11194019747803
148.0172106175612	221.8390916186845
104.77315761951473	65.19851551776428
239.8695005761715	92.52750709280545
229.9055170365689	291.0629032896948
213.20922574693688	149.69008840612693
258.4030760114657	348.31053118674
112.18690008609597	109.03946934099801
37.49899755227523	29.048021726834627
17.321566860337104	159.4697056908543
151.7161527766176	357.1140736673933
374.1943625998463	96.4382544840705
3.144627484956583	272.5197795451372
292.39860937686245	208.02034686000906
54.145193014770996	94.79973271989397
109.19214721030389	210.50393101421082
145.9086799723998	97.42689000608695
95.6540901792623	307.1383607060467
77.18065500866237	397.48901339158
346.4655852152917	254.2980745962845
132.01241949756616	12.485270135711941
37.21707837063043	340.67875187154664
41.945309658669764	6.571083352211233
134.09351309413188	46.956593109039844
309.37471959536015	218.9210247982675
284.61054193752364	272.66654671831424
46.5719066740061	286.3600988661316
21.643297850388585	309.18378245829746
26.02559676099975	63.909134318531436
172.0655483805557	314.1674961881152
109.04833863874049	85.27103757855105
98.76235750703948	276.7694899104532
418.1118618515108	337.6606727847609
136.39201951604335	279.84203458700875
227.95989995767766	113.46996774637114
353.4559430748559	288.08594127220823
113.86892445197235	46.9489430253347
264.5781127425696	101.77723021074547
397.38314951118923	64.92363626185588
85.6040540936987	181.62447583186557
78.6738990607741	0.8004868286670694
115.03603505082476	237.97133174885101
366.3469319427321	206.1764725626461
412.33240840145646	188.698392581243
150.2689233360957	2.826618688465481
325.8724801287469	68.44807566026506
23.38717010255236	15.039242324049898
124.4347909549005	362.9242145287297
205.8242911825928	255.3222220064411
227.5939452342749	357.78037939141194
297.98911831295766	391.36669298459213
11.444070185488977	290.93866744249857
297.6861506803029	99.90774417181179
299.4098961429271	134.19238249415721
188.09497376384837	325.37886604510703
50.57305662837848	373.2747228781272
359.9603521604089	20.046778768635225
305.87683676305795	20.40657080344847
179.41005737375562	177.38374356522266
27.759836429801457	241.34171746173945
8.09322502731476	360.3964617693973
58.364705227131765	355.3881139830894
126.69097409091664	220.29680487883192
359.0931282786966	381.3650889070278
91.90462535233394	200.71253843995436
