382.9865046376852	38.32155685763514
393.74680696615417	197.5486798904927
55.942135293570274	35.34310196473214
190.04558097686692	416.9481093616016
269.93774550352265	216.7217543508678
346.2379731806721	203.1558723084661
292.57163450106265	228.65524185311935
121.87205753953259	182.60579089319538
48.95908733608632	243.96081409433125
62.24921266765399	181.87707641664736
400.7120816547413	391.89214134382615
260.48777987892464	128.7216448265739
329.87169652263435	275.95387790501434
55.42165689312143	309.1261943650255
218.788050859953	271.6934490414723
189.60299650572657	111.4974995475316
103.29026450638233	172.7439982243608
9.477138437454618	179.50397268201831
141.96158216135316	258.5231381769637
227.93465177534347	34.03272595851361
335.14475343529944	225.15409570636865
382.50745327238224	246.34809197724113
3.226164750679448	13.663777538645016
32.731046145979064	221.9237688529948
209.3403854835832	291.48113581462843
402.4993805353904	215.53836667578133
235.89311642531743	54.918916247491715
346.6431838542904	156.36662516225562
293.7743525690348	364.36864807734037
225.77013745493025	252.13469356787493
20.983496527907793	375.1927738970991
208.33674005742157	327.5426167625475
145.36535259355597	185.88653698460934
90.66672175756686	101.55064157555577
255.17475430015924	157.8799021309581
218.44448611907444	309.50812074678504
335.2656142474609	86.9807762699179
208.98617981274072	107.13548779631614
1.0772648494696324	121.09103681344351
278.2395510634909	316.868575324511
304.2015891116802	276.33957970777016
131.28092292438535	314.3417111374633
41.677362377872484	406.8915153817173
53.86857860633607	121.82604702489779
109.32955629900935	326.162765262363
303.7535668680651	73.68881145329878
403.2484447465247	274.15463971875863
239.2975833153346	309.01199904521343
379.7225593982724	363.7726576091185
161.97518844298074	260.9954350357665
273.26134341394777	257.0436488564044
325.301621158298	168.69771532991783
282.60497171180276	86.91067474731285
253.94289505331045	63.25682537159393
192.37008107845054	193.56053788969285
88.63828987384989	327.6604329699992
330.3542704988617	302.39827207389044
47.18720993527193	201.80206068598972
360.90644133717666	356.46927803575653
75.33625385056332	305.6859240414236
338.9088884032799	114.05042764702445
227.50689280060348	205.73182331290263
115.84432454146521	396.55553442790335
173.076050831669	37.46884567002899
326.4240930622716	148.5115731609027
55.85269452517203	220.69879939254886
318.9206188041517	392.006713475894
327.7865797931426	347.4694472566112
354.3137258598117	54.83000346929851
208.6377730432961	29.444268151665593
290.0945164093884	188.54977016256552
235.65904708990686	226.35010984215927
272.99828479686624	391.56449948176027
259.08139718047886	271.01973575439587
274.2716903160863	236.92839477887142
375.0852981212673	74.40169172730569
95.54216664902216	364.78014478333154
172.82884334268013	355.96979468823946
283.49125695400426	9.070329665045604
278.85404956190536	346.8874105127794
238.8776059455631	272.65756480736025
136.48272641810087	238.32156379781514
71.02595934516106	374.87289643990005
47.389628307521875	168.03303454028574
214.9955199681511	190.17936514133353
152.57278663724253	320.7394367255416
387.05928835187177	345.2606384851649
419.3968427194697	378.5809177380064
39.748719915754144	49.01792800286202
255.21160689090917	231.28365801064638
248.32401074008027	36.6998931214089
171.97266845288	57.33287170292336
402.5092372494595	105.93878508773399
343.21533834353505	30.532694098591097
97.20921643813811	29.336194505422316
175.82368548866853	146.56881222734546
111.07136866941173	377.20574118760624
250.88628000291123	189.72331806655436
12.582878445541464	254.05926981241544
33.97417059724231	84.05210207246105
407.9430019997676	355.2509287918569
38.69582135071402	319.9357977186207
410.40763689546463	316.8616399282448
280.0487665279395	132.34037738536793
6.663895384013635	213.91773914352274
57.58947814562179	150.58525811083004
354.46263765810295	78.65050178347198
75.48315464151594	39.87142323354079
249.49889608049662	291.09145221595503
126.35292854175808	94.70513009174745
377.4624273314928	144.8976869538248
373.926344329268	330.0875400221047
308.7151821018642	52.91849287014033
210.5565527189966	382.3832994683259
193.5020969411144	156.21199002919167
286.9137753661851	298.56121985935084
58.522519112231	55.41162359460002
27.61552338598604	198.52674417280318
114.30481968028894	19.17095807158767
258.4954207576797	314.86714877957905
270.6617006043358	193.38130119759012
225.3737517557191	14.245985914566381
79.03357441227861	353.5939424523318
210.85744037574997	347.5716234939945
266.15965991419654	410.43050604413946
78.01205125495883	274.46366098847557
36.51530321219181	387.7141998653976
243.15574016478064	4.808745763092537
315.5681251874085	328.69218759725123
143.68626370511168	338.672341035497
222.9575017424851	70.76729871075884
362.9696906427662	270.7416401636338
198.97082241128956	131.19953326276027
355.6252394984532	185.52993945890935
161.7518527548136	20.86123887409452
177.21996563008815	401.51281743087543
52.448694997807436	74.45551134662317
131.15745417829794	134.0341782277023
198.3993702240498	308.08789853893717
228.49575222246273	327.47464253483815
115.56717608932463	418.5956393701072
301.5494502436697	312.0290901774903
317.37430131622233	104.7166092070921
165.04234756035817	376.48634548230064
135.46328630897335	167.92832132858717
286.60523035920784	407.5352501932591
246.07185051909119	248.981127915761
155.73733981590362	279.8911475528528
295.3709218999604	169.3184587594518
177.74503677401717	277.0078121106538
221.2329989930256	90.93892827168885
383.2943340900115	18.027561090911206
307.03778826823566	346.6822546539503
266.7770779007282	29.449632305749272
151.80931038391012	116.91068019474604
247.86161616954706	332.15983680025965
147.1503688229142	301.4884641741918
98.94403345108313	407.5668561189262
170.45544500513947	78.22418450971382
29.314924152222773	177.39535435531008
185.59911713821373	21.838776711870324
95.61692488451071	120.7802825410072
172.00453406664897	120.84075259916939
401.36697468155666	125.74569146894302
94.16868991938827	223.36833850418168
187.24561019837103	381.86780418861156
240.11424920538605	130.2121102065794
250.14369127443527	209.75334680489237
61.03373541316218	411.85929427081265
330.5134558722586	187.86372826888467
2.27523741859156	35.5837229754435
235.7995808512221	149.72467844106535
403.69872704509703	44.81612146071255
368.99712252555486	306.7458388297062
176.95938209629472	241.36284890801412
204.01800586955028	402.3758646406329
248.80972730789122	111.52335448743656
69.02581618902825	336.0703464688399
337.8310877201798	368.5966423273926
309.4046184382449	195.7088332485193
75.88906050238833	231.30147389350302
230.7674749639643	392.24203960969976
302.6412590057325	419.536367637252
353.30678498039146	235.11492453644507
307.0868749240596	152.9730704688826
205.38665536524024	9.73674719800195
214.27828756817038	51.184027589147135
219.29968760009135	169.42909343603523
325.9942424510873	207.3834134217707
60.07381495944763	14.283855237350677
419.5973664147319	142.2605540969775
72.02075140552631	87.93508996524056
70.57337957478758	202.54944486374964
98.45319890059628	344.9790020289155
354.63131783998415	101.02765770120003
168.58166082175927	294.9885423915258
416.59624079453226	163.34918870342037
144.88011392519647	150.2052409024019
193.22755963876676	42.265646513629484
153.38588941673413	65.48703035160244
26.925961168288154	122.58737384519578
89.78376234552867	78.71780301078442
76.796238462802	63.574695941221364
35.45021994606017	104.08717012065044
112.3582531835251	261.31569218850154
41.487404317311565	138.56290552373997
189.88028034709959	345.6210260534334
378.4788723370095	180.21698683185176
311.79923870206613	295.00960844601553
169.05618252061683	223.1500773453582
110.3050363159958	292.885179846158
322.15168086034	412.6425143241696
23.478766504720983	414.88077090535234
131.64280928117594	114.10647311915027
20.32189828907654	44.59869162415724
220.18560227343994	131.39956620689296
348.38657742853457	313.6204525135227
196.41686660361734	236.9571689128334
170.25672908308678	335.7682297773004
283.8810970446345	153.0806754207508
166.1203645872417	98.17467200811114
316.62835103623013	238.18084217729964
147.7228915511285	394.2059247042944
197.3839451369586	364.3038742237383
401.24790318790633	253.30816229868063
163.41047198014945	164.11281130701914
188.90987358052146	68.04723774527322
19.783615240475985	141.0933236693536
342.78577380754626	135.27344453126926
203.6262288834513	81.74572506614946
216.4443886511527	234.621330324357
73.89210379221119	165.1486803223923
293.11982350960415	248.73779281587593
67.44779220944703	251.30971365449778
388.2963135539796	316.00243807558576
132.4644008940722	408.1920556583503
15.97784325400038	99.94568487796069
246.75008141398226	404.61163849022216
390.0668113543489	289.0662074238895
200.33637828570596	175.4112722786073
158.96824756366544	135.81151061950146
8.039373959983903	74.35723314807089
405.6303464025042	3.226775183558857
68.97480221280686	107.8669294346892
110.65302274473066	134.38582575558254
268.2653622052486	49.37088275137897
205.2346077651373	209.15868786465245
259.49111067102234	82.56540375834241
381.0768847550663	383.55353048141114
199.1056510247227	274.21528284384783
156.971385422685	240.7349987492646
341.2110823514331	1.1391899749155483
383.99708598645947	269.1619485232804
141.4762538687657	374.92490826162384
16.9317524241581	394.83818514413605
317.84847278710976	125.7324030070059
57.677402696833305	391.9547103806067
335.6323439122421	328.9806438113491
392.1311477409171	86.04546455074706
416.74909918801364	404.7306966042876
364.09632805931545	166.44070649850875
397.7182968996141	372.2668921746161
174.90636539809697	204.16321916098835
94.23732143029875	387.77864966747927
186.62044353296594	258.76728821383966
118.33016639496773	343.83474401899974
391.1903083385077	409.57459254391387
322.7497428723999	31.933066865358512
120.26586723810816	151.98593868003135
97.68423174223801	8.272428736787685
124.94595503350958	64.42786481102021
283.0065645994734	112.654895860519
372.78125599387516	402.15315238358875
238.6991623354239	173.86775813559836
289.1106363734027	49.87258689791208
80.09267790043852	145.9066413029384
355.34247401696473	337.4210415101567
98.96632801232877	152.30169971261117
170.62358407156475	2.0140434766724122
79.08347123791133	20.18975353789952
269.8694453266339	287.72743839961277
367.87954892736667	126.37744213150194
92.98966924309579	49.1810854209751
409.5977238395654	293.76126700282305
287.3878080910566	29.791388480219826
273.58858944144293	170.1128598317465
262.50733823946854	9.95796002329457
0.7549924161139413	55.45058662061895
275.8835612573526	68.08566368175752
76.53672645976067	126.37321302896903
311.3479116176163	257.8154531813459
339.05503698146174	389.5383854023815
293.2451402133063	330.119223960984
130.76778717312618	201.01022584201598
417.4622576434581	91.6386898607775
154.42799199362327	45.347049115074874
245.7845820942328	374.81119522239584
226.72336897902028	413.1022219552603
32.28986835131946	262.66619987064786
90.39297439088749	245.06250725825396
138.5920688118512	78.99525326824426
53.82367170831784	266.4609201388716
17.58653428137972	342.1465537384451
143.12498420119067	28.231529983549155
369.13027520230264	2.241914735494321
397.1700728436128	157.6140002047281
353.0344841284393	403.9191290319259
384.5440679657517	114.34448158850226
417.14005485273333	240.30898778246282
404.92139639726076	25.004535462821117
35.73411135997584	359.7671261897631
185.07052968932064	91.8239696601357
148.29512437861646	221.44615149580426
104.70896712686012	65.32927032936458
241.51362659115324	92.15515734380924
229.39804006713527	291.57552467409096
212.82064385223177	150.41100850042596
258.68084141542545	348.87604850793275
111.58418456978477	108.68277247238689
36.97942562554812	29.10191505794986
17.153183187432923	160.9029298160374
152.06740679873917	356.9839273814281
374.0030393263372	96.64345526176335
3.4015349665891734	272.7347530329445
291.64004724230836	208.71698101566048
53.23266439070087	94.85598360535914
109.74960745574303	210.80062982346283
146.11299335741015	97.88664638553306
95.97025099937422	307.19449154918914
77.46120834357164	398.3857101587223
346.31962847888815	254.5995976727588
132.34432935110726	10.771551002462024
37.62259704572965	339.9969508395956
41.563006160398025	6.736419444082492
133.26339521353358	46.4428760041163
310.1050119838585	219.26470560717306
284.42483969417736	273.93875094407815
46.568384256256365	286.34822006884764
21.39307730110035	309.0613016613014
25.975505351142395	64.12144657935087
171.82488957530097	314.59356500864305
108.65341584839595	84.81316092078437
98.77128581647	276.7572462048982
417.8343003509113	336.89842912337934
135.71401582771946	279.8137513803509
228.55245503454074	113.20521911573795
353.40103899044925	288.10302806000817
112.65071314002634	46.00339164938809
266.59678482397646	101.5204060768144
397.41185051986656	65.0011433940645
85.69749671197695	182.27319448541996
79.20434482529696	0.0879909884914544
115.00031316543146	237.98700096386685
366.3697026323119	206.19024404682784
411.7316411291005	189.12393252276118
150.57559181427578	2.6277210907989828
325.66358709011075	68.03301034175624
23.20012873162746	14.813693826778438
125.2833125513358	362.97731679203895
206.11240077557395	255.16676919846117
227.98026853281257	357.9485984615416
298.1281765593392	390.2404191352944
11.436823541072455	290.9566011784045
298.31684271367726	99.1545642568011
299.8305851318697	134.15891433567114
188.30936344405222	325.75883651489045
50.75763142546842	373.23991148747905
360.1185406001924	20.087351427192104
305.9961881879399	20.25907103553196
179.19835693207713	177.16783279457695
28.036841971957443	241.24049447292253
8.245200487523382	359.8133803032967
57.424653953399364	353.8525726977084
126.98860593050107	220.64974458087093
359.0847487600677	381.2894797530964
91.65145410993338	202.43149335129854
