379.78708573328703	47.98160808410936
396.5421751463491	196.49771107034022
58.04485658652256	33.5306696027445
179.86993936220435	1.3312563997996425
270.1101630029199	221.98722010748736
343.48866957336975	201.10700347395314
287.9423476069445	225.34783452422815
123.02972141268872	185.69987493529905
51.324856167920515	243.35106035337876
63.697876844953605	178.34203283426214
404.07226123356264	393.5375129906223
258.5845896121213	121.08292185882225
323.7546996315902	290.92425359161183
49.08910739690491	309.19606190992397
221.66728057344758	278.09128237655926
189.32314438393544	107.99366153862529
96.16708344855626	178.45121752523417
14.055396131470225	173.41414114901795
144.83202098606984	264.67669818585915
227.47859297769435	40.6114087343102
331.41096828119726	223.09468464366188
369.4333769145799	241.89491426355505
5.515526499280841	6.198234259782717
31.505399068806963	222.47739952641987
208.63738302450994	292.52026164407306
402.929812452105	213.8615585054574
237.0439133398389	59.452684675127884
342.9748437410387	150.86858453661137
295.60158798742384	366.81729349655404
222.74293688685538	250.68401797031206
24.71874797056169	378.84457700503
212.11917773731423	323.5062094837154
139.79743034377964	179.8086904295722
92.13124187024266	103.95134495766813
269.35433189992585	150.30543872843535
217.4224602166511	307.32097075005447
339.6814286463322	82.34076257408533
209.94690172690176	101.00523243101644
12.279412128474299	117.6460880555009
276.89115338901007	312.631893858121
307.6860333214902	275.6053037262325
137.80073305729832	313.1361338010917
45.5064810231581	406.5828740175954
59.22809502699814	131.91615232784113
107.27482264515298	329.8038349135151
299.39753789977783	79.81810027247855
404.61636625508294	280.1832528283381
236.44532162593129	309.59302526583355
387.5848711317415	369.79087964056237
162.7056322588667	261.914473589001
271.13935890781585	255.12861069060386
320.95549126856884	168.09832813127596
282.1491229133968	88.64090401631056
254.26988769230866	65.18125241466123
195.8952178959889	195.2289414160379
86.86160412275605	332.0273633021306
332.82827020098006	304.84410305805665
50.398013617007805	198.82175938410813
369.12295230070777	356.15687692041547
76.4761536583396	305.49597620155566
335.12222068513154	116.7955703784317
227.2218162883884	213.1908176530486
115.90207519602978	397.45614237017907
171.85775792885457	42.76252595435146
324.83275672948315	151.27348392377084
57.20146922526083	215.00316922270395
320.7141651898531	396.0177070076952
329.25968219779566	345.24858891977226
353.3220148036661	50.49129070805078
214.24613231786202	25.873223913428976
288.5501278435076	190.350952270002
241.0994731153804	225.82861309983014
267.9677584843406	397.3825118349274
262.27912303972926	271.88304099262837
275.0077578689384	239.18264556457422
372.6054101590425	75.36036329146934
93.80192632205681	372.79884147778245
170.11815605798805	354.3666013863188
285.89810275959206	8.548122084526309
279.7059948185435	337.59083629204247
240.44136855248487	273.2096581817557
135.62490253098233	237.20986451323847
70.2053588945953	382.70575995080463
48.1229920830998	164.24455802486213
214.93412198152512	191.14231314668768
158.79954194760717	318.4066054804788
385.53205843216756	353.54847993031825
419.3057226725226	386.67668419885933
42.688893008833496	42.87128392189851
256.0532357429083	233.51502697154365
244.20121415279402	43.84758634696317
175.74714469728292	59.68785852677967
398.61573305974093	107.42563040446964
342.93765929144945	26.551624318253342
88.36744256228684	31.839342479360518
174.80671784310377	139.58271555465578
113.23638857302976	379.6996935419537
250.4750764343979	191.73765257890423
9.46858963569511	258.39200075140536
43.02817462158223	76.26432975897784
410.2889124742391	353.76714752997253
33.385079201752305	321.7153943502101
407.89013788426496	317.8894980561573
276.8276724190651	128.07663047326088
6.5237363986724795	214.26677027239091
56.163593324860045	148.57869725645645
356.26130476538214	81.42687137432029
68.3036284039819	47.589902017482146
252.9624585319526	289.3720717619391
123.19030447020815	95.12392111330165
360.97338207816136	142.6540293326543
374.51379758069754	334.9437990977154
310.3094075703485	61.388813263454345
209.73868390777446	377.5185600580764
190.6478103520567	146.52750228738768
286.883478154022	296.0815263917264
54.67481823431537	58.04828457843881
34.42147610162422	190.54862776026184
109.8672065221701	19.160432656695445
255.08008393111083	305.7112214048211
273.96722994849193	202.74830516557503
225.5243204347304	12.801571498423684
77.91026528496299	367.17161987148717
205.57828353109954	342.0338614639341
258.75616999789946	413.86255387256733
80.59570859472531	273.8990512796871
34.21361645750201	394.425099314668
243.29071883989496	8.430348671530519
316.90639239118036	320.6244050339628
145.52715798740002	332.63590003277136
222.62118335255005	69.74557027094238
363.5970396584069	270.07868596472224
204.6337828531721	119.0482666697795
353.6429842978293	188.2642074733728
158.35009381591104	29.3428092405732
169.9606083196586	406.73832784440543
61.051513857517165	75.79902781356209
132.27818496248668	127.64821758396397
194.58236225092512	307.1864947247104
228.55669118245757	325.2085279126388
120.56811065814827	418.90375502377634
300.7677458271637	313.22307351133264
317.0793606693171	109.23237080090375
165.13423130142579	375.19773963376144
139.1423163265305	161.12821196581325
285.58833190318745	412.0294811270933
249.6696819372203	249.32580748123718
154.19684152988333	278.7233145067099
300.966113278763	175.96456962652985
176.81344147837913	284.0767523689479
221.2064745929641	86.44957280456164
386.5055146428181	13.798369828796615
308.82165222292963	341.38756392269414
264.1285310225647	33.881781049242804
150.19470177327426	115.67629127043668
244.93762789123258	325.46361320798474
152.179890801641	295.98654550572235
98.01845506260892	412.17369121652945
169.62205244024346	84.61172786263053
31.823240496383775	173.5319393855943
177.95042311780216	26.866467099196353
94.18914280596707	121.6700066551608
168.92796349533484	116.6821333869043
408.41150461884547	127.3348907488225
90.63712703376584	216.22796232866875
184.1977911974126	371.6221757332625
240.2450761516007	128.06732312334924
256.5052575107197	208.27148574914932
59.61983461043861	415.93137928718767
327.6350190749632	188.38454387219878
8.311623250904507	24.447581906237065
243.8953342927274	145.16199145838547
404.09886821314336	44.488613528169644
369.95681808568054	304.55192332272935
174.17027437911568	244.3724870864958
206.1746394505944	413.3516777793192
248.28352254027462	107.88654104359536
71.26531182289676	341.2449673854373
335.5108841521301	361.29826556802277
304.9207907562671	194.03617551344712
77.1119468598476	227.69087624873924
228.77889064591778	391.1903576495394
303.40285681895847	1.272001059726918
350.040405179893	233.0008595506541
308.30346296283597	149.7362941535118
204.28044461355023	11.03853679079251
217.17687659144792	53.36060295859258
217.19390664266402	168.34486845447128
320.66554232478796	209.26714450076454
58.84451852353905	12.3956810490356
1.8677068151238694	145.0867809475219
79.88166858585066	92.58501405265339
67.07549435598592	200.37173030631627
90.39800723530522	355.23135373141815
351.3873887077217	103.67624319682452
172.51888604240085	301.1345641545965
417.85288072510974	162.369010675119
143.89830045045667	139.90146139403842
197.15118367752532	54.74054970567403
155.0267234475526	65.00953036305629
31.97676333103727	119.83314162012256
86.93669909984149	77.67196393189674
74.51665144209079	64.1245013355507
44.458819863496664	103.33942675512498
118.41259984467186	257.3390793718337
41.648812478367674	133.9851818159839
188.35005569446454	344.11758866943154
374.1767213192934	179.23003159299307
305.7342888615891	297.0955768242082
168.66387165634876	228.84359221417125
116.0052392621813	295.7516048427976
321.066336183667	414.13014396968913
27.701717292905805	412.6615295553727
126.56534362012414	112.19959654424532
18.967751796200044	37.0809125618671
220.38487388149218	126.9420620639424
345.80234701600625	314.8678273854299
205.0261932856954	238.98467675182502
172.90386427848713	333.3775319486958
286.78735927570705	153.04810623950976
161.78004590169655	100.24959884673004
315.98166570197645	234.26132397445014
148.6529226267607	401.1735688226599
199.7097073602337	363.59838791850734
400.5933704606341	257.652855838761
157.4699241328306	157.31166916503724
192.94865493598851	71.36791493811437
27.739198613810782	143.3458049064877
335.9662135822983	134.83197022577826
204.15294099856285	84.05987694054932
221.21736836894354	233.32475202178654
77.40828324715098	161.53570665233323
288.90837011971524	248.1865760843436
69.82703442676235	247.5756102575167
389.68534679529006	319.33216032499075
131.80996310819296	404.08248792795376
21.082180494985437	87.25116848161115
241.56383195877697	407.2827106800001
390.0613785764453	288.4117994230762
202.83107100739295	177.07921791005288
159.95706979918728	131.46434400983668
16.890999342991588	70.84760775748805
409.882034326388	417.026547431645
67.81584468468942	110.05683639361294
115.73123104301784	126.37737962801329
265.0042192124665	51.21060570898454
209.8530476970649	207.36184713438735
255.3953086320615	82.73437881867669
386.93926848120503	386.40420584534706
202.91972137876283	276.19458269470204
155.83249778455064	239.1594440685012
340.96190040499386	413.1848016903029
390.36535924450897	270.8144477961303
143.31954011442124	370.10116718770036
17.72207272299382	396.5231139709276
310.1156213072434	127.91949205159884
61.8813978946576	399.55740815504953
332.241827820279	328.3689892944921
390.1719066148411	92.94305204012183
1.6061425124013244	403.4763681391606
356.76888580621653	163.4891516091801
407.8351853636768	373.5945741245124
177.23961307965845	203.82166295144253
96.470740332291	391.57092073083913
188.5523673014556	265.9505739196423
131.83034879169276	349.7348093152709
393.41387878644184	412.4978128150775
320.380503074629	28.440580774582006
121.29778542481702	148.55525794278867
91.66330730799304	9.074097504838075
123.67150871887348	67.79661679365573
278.776394888124	105.42091636646364
378.12708786202234	403.0594811921177
234.471814075385	176.84304599920748
286.39858743953914	57.83713395655926
72.78815004408219	142.3544264991615
357.5202167529898	328.47255547348755
96.52554403188053	139.2003484550242
164.0150925923654	8.964709106957704
74.79874700877814	19.871226142930556
271.6465612076089	285.61679266900757
365.66598078764747	124.93846114465677
87.73665257559004	48.3836595715751
407.67570481965294	296.3772210660987
284.50643776477165	30.436416625381135
281.63063321311273	174.2810555762185
270.3471110916585	14.129098946391144
11.28355117019057	52.8278355718243
272.74939106347216	69.15096580860383
78.56372731329157	126.77466650097911
305.4538715422222	249.967845728577
337.3931578491708	392.0286010932681
292.7837767615123	327.70429690175285
132.56298125218126	202.34229804735068
417.9887045745733	92.62514869283147
153.0457915657493	47.77946205300204
245.95868847386066	380.680921843427
228.03749776387096	416.505593230116
30.443232705986713	261.40085272689976
92.15236769779816	242.61319957508647
140.27554217956305	76.59057467380269
51.41429051146208	272.103151965023
13.47338509252575	349.15061187265314
140.18100962932758	28.779889688223303
373.20074214111264	419.6874866633454
397.17940275665967	167.195933681433
356.07872022060906	406.32128843539033
377.1443548376395	112.24177248578363
413.8529492994076	246.78787348159327
402.7974855207606	25.28943293102593
30.49701939287137	357.27821396320314
186.30800128922917	90.2820996774308
142.7543672365958	221.69210142717463
103.4955697426181	55.16796060063713
239.79982891761662	88.86662495734593
236.18349603906663	292.5258998129572
208.17817123256927	148.4876229620179
257.55875049284725	336.90952419630185
109.71063148221972	108.74647719949265
44.67378622211848	21.08475749306534
20.542833020618147	158.37470760786283
151.30462739906886	355.1733511472986
372.9516658963822	94.49556015000937
0.41344901238515785	274.47064607429184
293.7257625090327	206.38418280951723
62.48293983097567	93.87561102507145
110.02446411865803	206.87123228762937
140.20238817531296	92.98688898349509
97.81794279235794	305.6530965855518
79.91414812427364	401.41830940586357
350.40781362485745	257.17790947049514
125.84596002314086	15.508433349663102
34.17349765220132	338.7983112032351
42.83961801862178	4.082530643747523
131.40752169307666	46.37432677781615
305.5800759055261	219.34515806481082
283.72809756067244	265.76456867696487
46.933189999890836	288.17361099307755
19.697457690026525	310.90395735989415
35.19094734118345	60.82453256912824
176.44597374639108	317.0257730810471
110.01329850079838	80.07569061237524
102.70925424445517	277.814555506557
417.78489246677515	339.0079768185755
135.88202909575668	281.17692679409083
227.6511027132921	101.79939990604618
351.4369735585353	295.542250094602
112.54374788241228	37.88653282584058
262.53777424627776	99.09008890629603
389.48814841808814	68.15350357903012
79.79901059553835	181.3734689067001
76.87220504866919	418.0465730589512
116.88580935778249	235.9061062486329
363.4476703549527	204.42302829582243
408.90132177442746	182.38216150770467
145.23031176400147	10.396278179386991
324.27967663922976	74.99650715573229
26.421246148107336	13.3142062802431
127.16260017498261	365.46579024541506
206.80011887865027	259.3730260143982
215.7354243515277	356.09565313894996
304.1462219965569	390.98481303302094
12.508598809561347	291.9982112993514
297.545502235192	100.18105743488945
293.37193675083233	134.6239086928374
192.42019365666883	325.4605390752323
41.20509877195942	376.7352919248766
363.1420603203184	13.24390414958483
299.748948302341	22.948492357246952
185.7162548827839	178.97885066895253
25.752402826477628	245.15425055840498
2.5836863518704356	365.5330516889413
62.30127596681097	360.1397224727012
126.68608677368536	218.54185925812138
360.7143100766225	388.24442255767735
90.99618634800731	199.25711755138525
