382.9937170230969	38.47181319868153
393.2403455598904	197.785244460946
55.75861966286678	35.06830829170254
190.32013959368976	416.432667430646
269.94929646460554	216.02653555288916
346.6071872111743	203.5363769323808
292.8050287191623	229.19974962855989
121.4055301138232	183.1067148561864
48.799602725483695	243.90358584909663
61.7189626018555	182.5884655865622
401.3288397634944	392.0069744026182
260.3247562690547	128.59516877469125
329.90506935294303	275.9108576933161
55.49477824815595	308.8931355078673
218.4323487767001	271.68392923287973
189.64375284573268	111.55056890402977
103.37362415377862	172.6547335216225
9.60985121817381	180.44128241614976
141.83467488316379	258.8460239502908
228.55363183516897	34.37331527583541
335.2470824974878	225.32719802291663
382.3148025521948	246.2767756280798
2.2523772529107955	14.730417229597018
32.8274913848266	221.55307416622534
209.1814662135544	291.2487832342761
402.4979756466184	215.54383961791135
235.0756416864395	53.59558369072018
346.5272793357264	156.30106865381694
293.76838864669713	364.3606559319573
226.39825960706958	252.10656708722772
20.494268818433202	375.29723290888626
208.44485037716407	327.15936378111275
145.86788123720456	186.28134170409302
90.49325674994282	100.93438161789973
255.13378397158277	157.8947343363102
218.92770483533837	310.00963145678304
335.11485154273663	87.23142356085864
209.16880165951915	107.1003796264292
1.0960790075711173	121.14564771501561
278.38006009807583	316.94071312063795
304.3986907855018	276.61931181535266
131.23536848366385	314.3662820025016
41.625218150649644	406.73144639571854
53.82271936220952	121.79377909354658
109.24014576356423	325.8138194756935
303.76778453164883	73.6688060384878
403.53241963723406	274.20852188553016
239.1719514243454	309.4834558391671
379.5085791539914	363.49493998165804
162.2675821769339	260.72480751556617
273.3986264949964	256.9854870400611
325.2150207458815	168.37524806057175
282.1886121242453	87.40551845491078
254.03952092654495	63.288683100023896
192.1070072194428	194.33101016756223
88.53449679103726	327.50167255280144
330.95154863930054	302.53992356486003
47.31137389624892	201.73291585104616
360.18795994606177	356.6500767324289
75.59896589440896	305.6063299219418
338.92124772598237	114.04146776265986
227.49870938124448	205.67904747050304
116.12821660302728	396.80187457750463
173.9373354321089	36.697703187515344
327.0676526289527	148.39600537556436
55.89964859316972	220.82946331558756
318.7221243108346	392.0497919734081
327.92730309697583	347.62644083472964
354.34639420288386	54.903610922963836
208.28499899952308	29.77694660023444
290.4504763284206	188.76902694971562
235.1252824863086	226.20801137658134
273.2387896658666	390.8500843579735
259.06981628958704	271.1408446692736
274.0238887089023	236.85059212689387
375.33142286174706	74.34416569389676
95.61162968303618	364.87990150581084
172.65268583473159	356.2316330278265
283.18966290248	9.246599250246227
278.8573715681464	346.93330009380475
239.10988995345866	272.06711832042714
136.35960181010324	239.52921457722235
71.46012869150611	374.79138286836206
47.679276716535725	167.92434992240388
215.05694267308206	190.07089564316215
152.1594252515645	320.8013460014202
387.51063963267126	345.09981877800345
419.37219693194555	378.55442234027635
39.59803267831177	49.41530357769064
254.87111934301407	230.99030647872817
248.60847163763304	36.896870870925675
172.36182165973096	56.88684807710975
402.4597384224383	106.07208170042674
343.1311133919565	30.643193794819222
97.24213993025933	29.665811056080177
175.7204066945014	146.76527283306618
111.52906660015779	377.26011659204056
250.46874376944794	190.06561509279163
12.565432853025039	254.2398488764606
34.09445590232723	84.35876601563533
407.7899415802095	354.49505558949284
38.424226652057264	319.65604614408693
410.4219728326931	316.85806198919437
279.8791610330896	132.77188635686997
6.6643528495898225	213.91659993916795
57.716953630051016	150.62246412210254
354.4372417559122	78.59923284892373
75.19595118216428	39.75938775286944
249.53747107769695	291.14295090028855
126.4167518912501	94.84635814345512
377.5211406190509	144.89267073570693
373.80207735616426	329.82817191935544
308.88920713162497	52.912885192752796
210.58850708068314	382.405722254309
193.46263718824508	156.11799200908376
287.2965964222012	298.45127845705946
58.77793574149333	55.1342495289714
27.401385167958185	198.51910228206734
114.77605229301315	19.64656901183324
258.5048779335592	314.7438685274589
270.8056466478268	193.85442501083446
225.54843461732042	14.61439965069561
79.21311507273504	353.25754033830003
210.9423090360784	347.91119208761046
266.261135267	409.74578861565095
77.9839888983581	274.46293454729437
36.68840576305905	387.25097619972223
243.078377818254	4.603837968094872
315.1122325475687	328.6038334802749
143.43462634265413	338.9143448172194
222.58197146266852	70.72525115615032
362.89042678919293	270.56003385816666
198.92599657182672	131.26699439385453
355.8633803247537	185.10997945946554
162.3108523533634	20.345030204538062
176.70632174315193	400.83069557257215
51.73754005982892	74.23231062361437
131.3797284284795	135.5007144925056
197.79735479047068	308.2931424743841
228.64804866298593	327.5858241318706
115.43220056681312	418.77491796897704
301.8782836808478	312.58816740436384
318.805339404549	104.75231183587087
165.0592542602542	376.42734349049624
135.41563143269025	168.6538354351525
286.6495223331417	407.7097051364254
246.35706049025393	249.07712708744026
155.41752297272367	279.6108893103176
295.92691326271233	169.5040194838791
177.55099672161964	277.3075377776221
222.04285067776132	90.85473457504408
383.28708331569925	17.859578940301507
306.7674989990136	346.81573409205714
267.1808205180337	29.302588904175504
152.042944551354	117.50325175680196
248.4040327961124	332.2146955451237
147.09671315079865	301.3117838546276
98.73507116519683	407.6154226490792
170.31128385687077	77.88738658849272
29.564873160255228	177.52044972522344
186.65289772485076	20.52816400670633
95.26605553277746	120.57563854713662
171.7575409204975	121.220616956513
401.54329226579375	126.0234505073089
94.32331555669958	223.32272032856113
187.04937765130035	382.23593244722105
239.85280357645962	130.0911863061419
249.9415923159758	210.14354047156775
61.117633565783756	411.9209472165886
330.9879770843445	187.62059419627684
1.4647216096514153	35.29603118527977
235.65186376739575	150.11237185591537
403.5116681318855	44.6530807920854
368.86190678626684	306.67187429771434
176.7657085059477	240.79089130519344
204.55655729650314	401.7800018518226
248.99015202960032	112.04055944126155
68.95271948708744	335.8984729529858
337.82185728619703	368.4243233562331
309.2461288119103	195.77823653954684
75.82601831432763	231.1812222992929
230.3074233279975	391.88537223265763
302.72073071093257	419.7191385730432
353.35032309095374	234.98086369710956
307.2616270851643	152.93842196307003
205.8714749024873	9.620479673682182
214.27089435699594	51.170348332198714
219.42939088276046	169.87299019794207
326.39943791076496	207.0670528987356
60.34025875849075	13.722052356206516
419.3129558350768	142.02719971654494
71.74494396121433	87.29596983764637
70.59072051718886	202.55703274502875
98.47312368972642	344.8852682709116
354.38772458049584	101.08940075064501
168.42414057621986	295.05920788258976
416.4644230821798	163.30611878767937
145.00766611756978	151.12625476230326
193.29756729245548	42.9438269761306
153.9573564127629	65.09109490845367
26.5898951770382	122.72416558853163
89.90131216930698	78.9871707168388
77.05195623403759	63.321427927177766
34.65905429934229	104.47705772769883
112.33849237277865	261.32867147391124
41.387371944684006	138.50578606195464
189.93476040865983	345.98251125239034
378.6022889098701	180.30284359540752
311.85163395480384	295.26766908311623
168.27622326993298	222.68568818085078
110.38810288822204	292.9952018716616
322.32687150610246	412.4288332939601
22.81141666111818	414.27127182904667
131.69349081689626	114.5638686791535
20.100721169175745	44.760350330312654
219.6627932006654	131.28886696091666
348.8697699273597	313.7598593544744
196.47963792470185	236.84155823009243
170.23185996012484	335.65530232486077
283.52408612251725	152.88475827690175
166.46433729690898	98.80107152938338
317.3934011450412	237.89179689805
148.19373191930472	394.35098417428264
197.59015679129885	364.86936575982844
401.4017532610585	253.4585919507959
163.42986136240827	164.13500958707294
189.446470890683	68.0021275322272
19.45168928804277	141.69805837559358
343.3958707372085	134.81101044928772
203.81153930228527	81.88964368627924
216.76093418771904	234.3482536532895
73.14769923352316	165.67556106151977
293.1641387024092	249.55396686747815
67.47291235084568	251.5983893430458
388.77129736997307	315.7397495772999
132.46491147135305	408.3077921024975
14.981752730731685	100.02949445182648
246.590697489768	404.4036956721719
389.9838740869889	289.1571153781896
200.1242462840744	175.56821803624143
158.63195322962545	136.36449673785077
7.970843277552479	74.14336070403891
405.3263763356676	3.848387443796527
68.15200128522326	107.64303590396342
110.55840369896016	134.46657117196452
268.80164454107313	49.276267070074375
205.48571211232493	209.65789907201102
259.77401492313635	82.41889634510345
381.2291885718422	383.57240795374
198.3470121248869	274.2734260237202
156.73149912875567	240.77749490991707
340.8449077235926	2.2128230735788255
383.6447568187649	269.00595108565074
141.63735573098208	374.99782428193083
16.894457321233446	395.0406776908445
318.4246913896116	125.80752938991802
57.2757879200715	392.09517725278596
335.6461303076407	328.788011528722
392.3264457543427	85.8404624999972
416.73057372933727	404.73570858308
364.2337001156307	166.28116340422457
397.99432775563554	372.28907194160763
174.44721018130045	203.69251165784627
94.1908726634603	387.6812200459136
186.07219574507215	258.5441717395034
118.42108945595375	343.7123119218978
391.1539163413044	409.59852458777647
322.6081106467229	31.96703717212522
120.26272100234311	152.3591235641922
97.50842931551222	8.31213159640447
125.19567478057041	64.56205001974485
283.59057849954104	112.82072400220045
372.0292248378164	401.6660094104899
239.56981821690553	173.23898992548126
288.9544389003	49.884976027698585
80.18300835423958	146.8198045428029
355.1531808057354	337.3320108942778
99.46795918205329	152.7211081675877
171.02877557844718	1.6019003719755147
79.38046649219191	19.814826653828973
269.35744036336723	288.5344238144341
367.77010150565275	126.46423424147507
92.90839668701628	49.290777044005665
409.6040635028383	293.7530852846974
287.6129632930992	29.760392127536214
273.3145773670363	170.45344481638818
262.3646483510349	9.881735299684548
0.8238204990582826	55.36277713765668
275.96984495674775	68.01606693282912
75.95143740326222	126.62616406205902
311.5598896639482	257.85166136396316
338.8360748636504	388.96682768432987
293.25682295439196	330.8989997552741
130.91928599134496	200.9394437778564
416.45496555782285	91.47322778413385
154.13570044978366	45.04709298678948
245.78401382759586	374.7920369938727
226.7159780547466	413.08799480115135
32.29589559414966	262.67032984318433
90.40803058130462	245.0664213460211
139.03860134737732	79.28670028150253
53.831820330989544	266.4415218238607
17.94261538184949	341.81814781063605
143.01170268483176	27.320950611366058
369.2847698583351	1.9210342204929547
396.9777185116312	157.53462601637438
352.16282129464145	403.8623419791286
384.028349588194	114.35013833086946
417.08319969480294	240.06898623614
404.05485134547575	24.47596761763816
35.45725531930101	360.0360468915195
185.41791442476637	91.38699752553464
148.3190733387013	221.2748015559777
105.02192689608874	65.23862519089352
242.19595982035193	92.20176024692236
229.31069423956356	291.9087488097876
212.86125092439812	150.31771494844324
258.95717905140395	349.3646808305791
111.37655914160266	108.49870505286894
36.63103548679468	29.386574485929476
17.292562015971672	161.56710887057298
152.214525406589	356.9294171432467
374.02851146112357	96.70537878664003
3.5338041549838706	272.64495849949395
291.3534412569134	208.98878509635432
52.40748575782754	94.48148453898779
109.95834814149671	210.8074957737506
146.49194048710416	97.9528999354132
96.1026712331146	307.2180012913715
77.60688735034088	398.77122609793656
346.25849621985725	254.72588706007323
132.38981850821074	10.060716061970389
37.81819493375223	339.64835261288846
41.31649892291753	6.824778477139087
133.21654454974194	45.60413185141566
309.9987322577415	218.90180309561774
284.57986866544684	274.01893439339193
46.566908933091426	286.34324477458966
21.288275372728418	309.01000202284155
25.98283260683614	64.26362031497881
171.4002046974363	314.8885778442801
108.87953983865049	85.16297360840285
98.68686106663073	276.62883834793786
417.6638380364767	336.56541580312455
135.4134471300162	279.8015279760495
229.04531526521478	112.70872004703313
353.2940101193396	288.2625319102271
112.89397617633875	45.42247955996829
267.3511117198305	101.04477431941658
397.4238715991271	65.03360634301548
85.46470851550633	182.28502144719522
79.59017851271898	419.48463506067515
114.98535147469522	237.99356382992403
366.5750184348362	206.22368428708484
411.37279155318936	189.38860641522103
150.778073442419	1.7947906135954665
325.576094702556	67.85916512439195
22.81778044653698	14.55344951088687
125.30528085401886	362.75987618331345
206.45329438365553	255.0349224337171
228.25420161706072	358.08574463043294
298.25935057072513	389.66866298407064
11.508785650004365	291.1355045051767
298.94000863444285	98.399014073531
299.8147226885034	133.5596078087741
188.18266071759527	325.79887901496113
50.87751874183884	373.17381332506585
360.1986013717628	20.27617542837835
306.0461771257676	20.197292495935454
179.1096886968414	177.07740111266938
28.229647799936746	241.36404593864907
7.672480821444605	359.19710883518695
57.033585018374495	353.2032699087019
127.33264573265913	220.83248101475345
359.08123909743756	381.25781174997996
90.58283818774822	203.10292708282634
