380.95991217856545	44.27404143129613
395.5351369061681	196.87493850796903
55.21249180731363	33.232003208756595
183.9991634281158	0.4949117493469742
268.9018760378641	219.39974591046916
343.36294744444507	201.35844531081338
288.0538863795725	225.03039070859347
122.19511892176357	183.14324130926232
50.48723718650217	243.58463827934023
63.69800374973957	177.4503505425476
404.0219704952303	394.4078486376867
258.09320738242957	125.31011619320411
323.783675826538	284.48935434574463
50.79952383945116	309.53066232771823
220.89088479169112	277.2258203965815
188.0945152633201	110.5385233327686
98.99416745473641	177.16828775313866
11.895628511143636	174.63911198713868
143.97680458955338	262.25638709587474
227.5089767265416	40.21670710471515
332.1318350977371	222.78158592325454
371.3751998706379	242.32919758766235
8.773965070125543	7.649784468070001
31.793004958990334	222.84963039722967
210.83943848279895	292.00049836576113
402.77244737894557	214.47459631736376
236.3855996536487	57.4022593975535
343.31063015169474	153.51027058915656
294.9335542656474	365.92207348481037
223.25391934468152	251.58657331091837
23.14151574381405	376.35188072189925
210.9796505112529	323.6629404450177
140.44775267264887	181.01592743330355
90.96810983814774	103.65751139413693
263.7995789363049	153.76508513189708
218.54785373685863	307.5069312917828
338.85030552560465	83.32220260727844
208.51938163717864	101.0803939235764
8.084423571606287	117.515091331868
274.3638924292523	313.61349948650076
307.98355373238013	276.7980721139146
135.9705531537777	313.1063956764691
45.37928181298354	405.1819419940584
59.46197076147292	129.68383845620264
107.67854405953436	329.43988728089755
300.99009363428644	77.57724417888795
405.0128433434933	277.8602884962806
236.90669500681756	309.5722037857592
384.151734705198	368.6608795566209
163.929987776554	259.7549877469323
271.1721540524726	256.4934387730807
322.7383721889344	167.94126079540197
282.36011549710116	86.93106697967511
253.51410137432597	63.77488735288497
193.66020497317103	194.58970147475202
85.95302493495683	332.0839284188219
331.4104778386659	303.9053580823084
49.452974796397925	200.00535821261354
366.89108476907035	356.13933393900135
76.37809859279685	305.5875276464823
336.5066190518822	115.79195152493593
226.86035521734541	211.55878849306754
116.9098212595402	396.1562210950443
170.391194830526	41.22677935926471
323.5580151654975	150.56601577841238
56.498203639805936	216.6246317765584
320.20461569577833	395.7740784499947
328.91082509691296	345.9329404298758
352.28440670768146	49.24941314874753
214.7417603664136	27.40848636027621
289.63622488926586	190.34815575457577
237.99487643538637	227.43276582008937
270.7601931758561	396.5389141400187
261.79202380743595	271.19091629863
274.7937408687162	236.38370366326367
373.73442857909555	74.72295321427322
94.19998480634781	372.0084450366329
171.68549195332997	353.46522322458236
285.94444713691485	7.495091690459164
278.554499540979	339.7851714313933
238.2970432296626	274.5681564529507
135.13746031089215	237.14827741666758
69.305654702889	380.0627887913608
50.12959301093704	165.40509221914002
214.49281958178776	191.08272855151307
157.43005760198002	319.21507663730205
387.1019274309694	349.7377611788873
1.722011437252122	383.97776471223085
41.958038164020984	44.11637396654972
257.62121119932345	233.37155340928047
245.07145201933673	41.57362692636901
175.96705357201878	60.83626696775522
399.21848535447975	107.57794323430245
342.6149583651301	28.66033162129193
89.71858458671144	31.99662387361096
174.7803602460776	141.3303649600127
113.64011093979761	379.10549620253965
247.89437472036747	188.35047632679155
10.294952580670902	258.43850491798054
39.39074805326861	78.15574673198769
410.02251276965274	355.9466855430045
33.510508194974065	322.38878806712836
407.6211749301461	317.5570804089747
277.6488391986181	129.82512285375446
6.574978251624547	214.13916516924576
56.70811969625935	148.51407834476325
357.69296214973787	83.38996107931617
70.0280888713145	45.41334339153571
251.89951205593758	292.3928137135355
123.27803926585185	93.75281869536323
366.05038359603805	145.8726843169429
375.6835022223931	336.3178687791548
311.1572005682473	59.659908612724934
208.35437414807254	378.6630302581513
193.00568503817928	148.31753184923807
289.21867123056626	298.78059933296385
55.8037677367657	57.818207223784846
33.066041082933744	193.92555660407157
109.58723464352285	18.38683565280394
254.91265160254045	309.3872090565047
274.5612936495483	199.15850980253077
224.50375676796523	12.871559780954346
78.0394290332015	364.5185021019324
206.5611010898041	341.8699495782416
261.0892866602893	413.94325008887864
80.54322153838586	274.2222358400994
33.29593568981394	390.52230246141767
241.28424639302503	7.300401056601633
314.8830494737931	321.88875902057936
142.84803597562464	336.7002220589078
222.22988989481445	69.69232649239049
363.4643915731232	270.96038613663757
203.90559421771763	122.0654313363334
355.97455202026174	186.23207097506236
159.7379825432465	27.429000964526555
168.20233820859934	401.9126613576487
61.16439112105119	75.5803112814112
130.55193992221626	130.07879740495926
196.39867370478703	308.0610591204095
228.55678046608747	325.75880519974066
120.12479751043453	419.79475377303885
300.9943631435451	311.8452590734598
316.25677469067824	109.11072124039559
163.97409082931222	380.34757175516694
138.82065648244614	161.93623724104287
285.30178337942516	409.91596909787893
248.22995998645007	247.69410529644622
154.36143300461313	280.4375157183802
297.6169293779101	175.17392055621414
179.27702377299835	280.0820592919137
221.9973512881665	87.69851438938106
385.3283881617139	15.520424621491543
306.7193136191002	341.6673022545307
265.07432763632903	34.14512364189557
150.16859996458544	114.16589828822745
247.66192850408297	325.7721248006515
151.57433765622332	297.5013740159315
98.75617269080577	411.20539004253675
167.45811958842248	82.08082711577632
31.0307319924673	174.67023387906875
179.94043738702806	26.673564142173863
95.5763895514874	121.5564723837568
169.1277550778947	114.94660464595937
407.60701795944175	128.92950134436683
91.42256645966329	219.0096358712158
187.57242551663552	374.47750699607906
240.15358859997096	127.0097728481288
254.8181673618152	208.31904996504673
60.46041313878486	416.590886125174
326.34600463460174	188.51178978526553
6.832663497023731	28.882790789916697
244.23742757703928	146.71357018030417
404.1867090560952	44.71488921829801
366.4899444735736	305.75623666615456
174.29750246100846	246.1047619575333
203.97279007441028	410.4950796329368
246.3055573133353	108.62191463301444
70.77119786872206	341.41706675896546
336.22816432566054	364.2103871868262
308.0068037345361	195.56358934144143
77.45975347935331	229.08800127665725
229.50591321218516	391.5748505325585
304.8131089766974	419.82518211087313
354.02489126471295	235.29447040391278
306.1676711939192	149.29904309109014
206.06949764763147	10.631514953519181
215.49084528150098	53.22765204904514
219.193356561814	167.7442780620249
322.5302647019618	207.66334745155285
59.05623811742539	14.66078902401926
418.99776588133494	142.69499293672285
78.13862245582928	90.20384325066605
67.20283772085226	201.07459587099876
91.9888512510036	353.15284932506586
353.5489074382582	101.50119283219534
169.48417994055916	297.7438687335711
417.6259281633012	162.58236638700618
144.20910091833483	141.61541362566948
195.74221302784593	49.92988425295457
155.64075824305777	67.19483929862668
28.629426032006126	120.01722666226158
91.75719258166272	77.04293596050388
77.0466414718458	63.36576490527447
43.09783519004176	103.02824769019877
116.19914245857404	258.79292129786546
42.65726896029588	135.4368169643302
188.21700769709236	344.501529085026
373.9482092482733	180.1047526739698
306.54616683620907	294.9055482016461
170.26532036959028	227.63229817171052
113.24827130114802	295.2215718932954
321.20144978182066	413.7296728943735
26.738585308133917	408.88586684088955
131.91075496056342	111.1621815452836
19.925806738309273	40.53563701888088
221.4707184892233	130.05408335267376
348.7245090464682	311.7783080107696
204.39399206731292	238.85003352023057
172.00920720513548	334.5978086381993
287.7886892849314	152.40628218575793
162.4592608165792	99.01041816819418
314.2618503808819	236.3568946130208
149.9922102044686	398.8270362188191
199.87517079301253	360.6273205813089
401.06162069410686	255.88986054448085
159.64177689350893	159.79815352918476
190.36133962762213	70.87471412908302
26.271344559521673	141.90091666001385
336.2872282701258	136.86691899973596
202.29509657451146	83.77061296164096
221.488744179772	233.53457098473677
77.18014225016125	161.85009365163344
289.8385453560385	246.89854785817337
70.70998363908043	247.8298117043095
389.79672759823785	317.9149561576711
132.63207158497747	403.69197402327075
20.10713694883554	91.7045198478477
244.34149597375477	407.3553286498099
390.41016508679854	288.30530035036844
203.9882443011083	176.40776225083877
158.78290636607875	131.5409168055008
12.763972701042908	71.93453148723455
410.26287161077704	418.6992426854986
68.22475554037881	110.30046565577074
113.42845852075001	129.958786724996
266.9108619638635	52.64083648306276
209.5062981067074	207.65723068556147
258.44841180760636	82.3483497073501
383.5647257436718	385.9946644979955
202.65676752094078	276.0757054665963
157.02849374108982	239.80254785213623
340.6330328225825	412.8356627779297
388.22000405574437	270.4035785871059
142.7369007594641	371.48683135770466
16.67779059429911	394.86157236979824
310.4972879631617	126.9297002776887
60.62624427709674	397.0666088125181
333.5552978644527	328.69602520380244
391.41662940540334	91.96663579584087
419.870248863139	402.33904575455267
358.68699797241015	162.87353295987145
406.53517598252427	373.6868195517921
177.2369990440406	204.65115918421392
93.19650926993405	390.04510491816296
188.2271816984498	264.4705257991243
128.36186602298525	346.26143003975255
393.82882696884195	411.28070307462366
321.9114381803907	28.697490146221792
121.44568454071536	148.34150800833075
94.47452798683837	8.174512798801496
122.99621765259005	65.26736442991151
279.0839424814891	107.35834187241512
374.7101853085024	402.5527680917766
234.54885177912723	176.5678252623825
286.16542240448666	54.28714985942041
75.60312830980314	144.28241164141855
357.81765120109236	332.1660323656773
97.75827402793698	140.51865666682923
164.87651866102382	10.377164872017438
75.74116787139495	20.906478368232133
270.79293668586195	285.86181292338006
366.74983655046617	125.2713443693321
87.48620438073756	49.484082154537205
408.3654897483543	295.3515394771477
285.121945350732	30.146547323025406
276.7984352379456	170.26059916477712
269.2457413208013	13.765735835190307
7.820861834600722	54.584534787222786
270.62851501616854	69.41265918305056
77.80221486846578	125.95832382594834
307.1463049487626	252.75869722873068
338.93519833347847	392.74375426550597
293.42876352082476	329.81472226230665
132.65186514416638	200.74785150067177
418.46680872921223	91.43102930748996
151.831604874465	45.80172061655697
245.89503551945867	378.534961185595
227.84953317019327	415.59914765923145
31.118359113072717	261.86346118625323
90.10030456395089	243.7850419456687
139.89496768856904	77.36405846490194
52.23983196469947	270.2313514756538
16.249856883377948	350.33320401707107
138.66222256636678	29.64875988818014
371.6832873501038	0.6788729368631793
397.87762486424793	163.86629830697538
355.94474522124136	404.63058516956164
382.09055670504875	111.67655778130307
414.90006306408463	244.94083438875032
404.7296303246954	26.877710996860163
30.71713013716866	359.4966501979624
186.11256798139536	93.02763917071735
144.2750926974791	222.44984882101227
105.65849239660558	60.785208225653115
240.075925685576	92.21400900518748
229.90884699303902	293.9452060338284
211.1660262093937	148.15033693434128
258.98655461097314	339.43609744784715
109.70459762031898	111.83699400876752
41.03830204693101	22.465837792161746
19.558613554795684	158.10645571328206
152.5041872248939	355.4470801206753
371.12638137731716	94.30168508485455
2.9860464471083272	275.2139969221164
293.0301284709915	207.56942854796216
59.87139160809144	94.49428408419723
108.22818517514477	208.05924080429332
144.5076333969467	94.99034475018466
97.4940533331557	305.6728584659908
78.0130895961382	398.1987197775368
349.0212794617632	255.93058126191298
127.19203973761906	16.43733409668129
34.35047580366801	340.05298657355394
43.111150818220494	3.854425832139349
134.2001167139292	47.11608963080018
306.3181295662364	220.98847886145808
285.0366576749991	268.3402994894447
46.85514136324573	287.3152631016977
20.3757782067534	307.91839335166225
32.151715693450484	61.6896935458744
175.35364742124017	316.4366637551943
110.00109913344694	79.70826394170747
100.3801192453519	277.31497670930736
418.2589668996096	339.2661832243731
137.09732941255638	280.6689925822908
227.3356189102486	106.4039463930899
352.91216732125383	294.9098657240058
112.48132204809714	38.634724382795724
263.4541464569106	99.39392857872221
391.5784082105539	66.70772358293054
81.05751576644168	180.92214572559612
77.81529463924674	0.46926294603391233
117.90840222224168	236.71138316782006
364.5159596830556	205.06911894371908
410.1655723832376	184.7094997093116
147.78778064288778	8.442516584847652
323.6061633346599	71.4951883382855
26.455415106294314	12.629302377057448
124.45396513937574	365.524762159608
205.92941441090895	258.4980135174646
219.54154525625592	356.1321988649787
303.45379098575296	391.71712266948515
12.606859209068528	292.2018687394786
294.6541993686513	99.22349391785303
294.7015199512747	136.1688625814348
192.07948820282598	325.8096523791576
44.032225911518324	371.17930568156555
359.1997963989969	17.65927001136454
304.35415360221435	23.944776075946
183.56021930764163	178.60129987063985
25.571252725325717	244.2501198136465
6.457946620100876	365.989914560333
61.108677609522104	357.72201642719403
126.33991023086504	218.99471702538116
359.90671947900086	386.7517511895435
91.5776577421423	198.53421513296087
