382.97941179629436	38.17379098904846
393.79652095377446	197.52620835510425
55.89946233875947	35.61229493742901
189.93014252033151	417.27625692708824
269.9263859975907	217.40545001938787
345.40782798865405	203.27857119215736
292.1144601625989	228.06128880449828
121.95475751543026	181.78826156430068
49.041117600358376	243.98790231838075
62.770673931752356	181.1774783972655
400.48335872184185	392.2164247484639
260.6279461344248	128.94666573578303
329.8388768411252	275.99618506426077
55.28207556555112	309.20200413747034
219.03902869308314	271.54086260956126
189.78451318380223	111.51652891816693
103.36584747909038	173.13526148479886
9.402497893059186	178.8984194733462
142.1205758903202	258.3267913211985
228.08195281190476	34.05777516613888
335.0441204593423	224.98386253031146
382.6154155878281	246.38822925321793
3.482873629845974	12.79164767390181
32.69656385164409	222.0421735456192
209.81759086308978	290.94633366774906
402.50076213837775	215.53298444670577
235.76055148795123	55.55034518813784
346.7571672758183	156.43109508308206
293.7802176404071	364.3765077543169
225.85515567359354	252.05353043506318
21.364776258424186	375.15370385808404
208.25299704360881	327.6638222770729
144.87115327390453	185.49827608400204
90.79077542584024	101.97968302964219
255.21504555273623	157.86531576680423
218.18622945481457	309.38600418016364
335.4138780868363	86.73428341379737
208.99189814506533	107.1286163004973
1.0587625327338965	121.03733107797242
278.14662739742283	316.802398484374
303.9509528728427	276.242680092803
131.325722308254	314.3175475301977
41.836092934396966	406.9839253955261
53.91367774154658	121.85778012095487
109.36447293900558	326.40179754757133
303.73958485975743	73.70848528187324
403.4068423902889	274.21501564148275
239.4211328797983	308.5483565648065
379.60693929878147	363.75369876053554
161.72235101632683	261.15377719411265
273.277099815077	256.95158206246157
325.3708075824966	168.95352816728538
282.47213547681935	86.35037296233472
254.41848154273885	63.54790636794164
192.10810095734254	193.7835662086264
88.74036260454652	327.816561961169
330.21895360403397	302.43453290830246
47.21994548943489	201.8961145839354
361.205363007813	356.43111128471253
75.48636563810257	305.69547348757095
338.8967339341804	114.05923902287967
227.51494058122404	205.7837244049852
115.59412226655054	396.4334210814772
172.81936541095476	38.36108695669366
326.14543388103175	148.54153315245628
55.80651871260382	220.57030120108266
318.7088643943251	392.020500573688
327.64818895335236	347.31505581947397
354.2815989887876	54.75761604624826
208.55884231407114	29.33570181303584
290.17798531925945	188.59951414985395
236.18396463895832	226.48985305063044
272.8245016320553	392.09328540793757
259.15076390061023	270.93243829575573
274.42496060194577	237.10887820510527
374.8432528551277	74.45826427681553
95.35418928825219	364.57248136146376
172.9903868165387	355.7193648175223
283.78785213709995	8.896981717257212
278.85078261733435	346.84228154349887
239.4186563295585	273.3066340097383
137.26021756137874	238.2817609627787
70.59898627946822	374.95305893830795
47.07857268869827	168.18505121712417
214.9351153337651	190.286036776626
153.02700327862513	320.85478641794384
386.81655797487275	345.3081972932857
419.4210800073944	378.6069739791729
39.865262526392726	48.60897177323703
255.47173338864837	231.54969342574304
248.00099358628378	36.66239332142114
171.33390045354824	57.99189188691857
402.6374503009419	105.84102005974916
343.2552426884026	30.45053102813325
96.81369281742496	29.488890462840377
175.97234310840415	146.45743681143344
110.83532431488803	377.22269667788345
251.1046749929401	189.5085543156023
12.597886872658794	253.88345430354528
33.8489779197034	83.5766537586415
408.4525453240039	355.3995475165567
38.639614158807596	320.1322299003454
410.3935385738778	316.8651585635843
280.0244242521488	132.3153603444516
6.663445500849026	213.91885946576565
57.490323626266616	150.50353529525214
354.48761262767573	78.70092094443588
75.27385277260959	40.003568259472225
249.46096045709905	291.04080711326793
126.11634127670838	94.53043671104291
377.4046872063626	144.90262002900863
373.98919755382707	330.256057652446
308.7033408027411	52.948831017903515
210.5251279952421	382.3612483360818
193.56873402978687	155.29933186425197
286.3805997066842	298.5267888665936
58.41236995189645	55.68082130960376
27.671270781367696	198.50820427404685
113.83022333225294	19.581002019999648
258.56546620886405	314.7724192225075
270.4797506898194	193.1370329837361
224.96549833088542	13.845929109954518
78.73688078369906	353.84166259231125
210.69839054274266	347.44699950652733
266.21979820766325	410.8207596889999
78.03964848292831	274.46437538902217
36.589526711463435	387.65319985807
243.44569879711142	4.890732707323971
315.9398612416389	328.77765090203474
143.93373022248755	338.43434842394777
223.1842778994872	70.98318496044793
363.12786445626995	270.7747949991268
199.0149052703371	131.13319028806404
355.6655630615709	185.41882843055842
161.11008850991732	20.8650162752006
177.53718704494673	401.95250678471405
53.148062667606105	74.67501255685417
130.90734110506858	133.81098967606613
198.482586601701	308.5834013135636
228.0433627656286	327.36427202009986
115.66459953589052	418.44105904477124
301.3163971188726	311.6731078702088
317.1619661119884	105.0289437581296
165.0257210860433	376.544369526455
135.55587003992636	167.23992773069617
286.47269100483044	407.29715977142484
245.7913678531023	248.88671991348946
155.82758991993944	280.0506548060507
294.8644039610989	169.40894299861094
177.8503939217176	276.89001489881093
220.70678941792946	91.27329335364753
383.3014646840131	18.192758966881293
307.3035975402976	346.5509876140839
266.75105371826334	29.518411889765645
151.49523801013962	116.43143660496709
247.52314749693787	332.18522593073163
147.15542851362585	301.48598321558694
99.14953222378603	407.5190945704794
170.3740991740606	78.35051834895465
29.28046383574883	177.24363746798994
184.96502102949432	22.62372117222129
96.2212632471337	121.02321751297009
172.1532156022376	120.47927860940223
401.1860600020628	125.59731533341753
94.0166271748548	223.41320056655428
187.4385902254432	381.5057775912253
240.40727737251328	130.1728143808918
250.3372001492524	209.57840918404463
60.93046664924963	412.0221144422748
330.0697211942076	188.13466679693389
2.8485197383600482	35.810567812820615
235.90893359675445	149.50162641018252
403.88268548967994	44.97645975889592
369.1300970877153	306.81857741257284
177.0144099467212	241.69846167725595
203.9994909765407	402.43190230947204
248.22728626441136	111.06851115235082
69.09770132597407	336.23937121135924
337.8401651613411	368.7661051418735
309.5604811268624	195.64058030484972
75.95105777725558	231.4197323386614
230.76109199391118	392.23866391454
302.6520860422171	419.42315313632423
353.2639685063639	235.2467633409169
307.0178039688456	153.20038484740033
205.52692993866515	9.648049207538905
214.2855582381682	51.1974801148144
219.37601893633953	169.0485136145687
325.9192938913252	207.47677554924908
60.132441920052656	15.027826739537499
419.5602589888315	142.50372063655536
72.58584012924713	87.96288410248546
70.55632605546056	202.54198275026985
98.40146440053982	345.0730618646584
354.7936803296882	100.98449739297078
168.86319048163233	294.80319915105576
416.7258736514567	163.39154474287315
144.59357201685208	149.4027320441005
192.7172144491241	41.96377771652161
153.0415534076896	65.61825149872318
27.25687661707687	122.31915227167816
90.0294236033251	78.3592616078697
76.55949151223524	63.35269013275878
35.90446254310228	104.00587547141652
112.37768646230441	261.3029280324682
41.58577867093385	138.61907824047944
189.82229982224518	345.4899727529859
378.4469833736529	180.21897670154658
311.7706775117706	294.90752425066705
169.7073861878833	223.37083015206196
110.30575185591636	292.89220839973507
321.9793939687579	412.85265362883797
24.00816314455533	415.38312329456807
131.91160237673577	113.47905550280313
20.581516731589453	44.638944841848996
220.53177527582838	131.8863844756649
347.91139376050205	313.4833563164731
196.5179299189961	237.03653201900252
170.281186004704	335.87928547705167
284.217699840806	152.6725767812168
165.95399994042467	97.57979988782348
316.24027984022905	238.00300689256966
147.40929875521297	394.5145650901654
197.2264645733094	363.86013157639326
401.17809840558647	253.1902230088499
163.3914039734957	164.09098095955812
188.42448200906622	68.03293203071622
20.187254729541557	140.72665263832226
342.1857891273267	135.72821384957032
203.2443100300099	81.62805593981324
216.13308980125285	234.88988079756828
74.5029480251419	165.03870898640204
293.0856055374462	248.33565282193936
67.4978993469037	251.0550141878533
387.92211522048484	316.1669916877416
132.4992136598894	408.0565107631871
16.561101352550274	99.8510348317317
247.23542102712463	405.1316292879398
390.148373951071	288.9768062529637
200.56572688341186	175.72032148198758
159.10031866990153	135.51144832223764
8.31560044817612	74.20812296945576
406.21248043601923	3.0367969245950306
69.18803151272972	107.62172755652841
110.80531184077438	134.36052837363857
268.08121492392485	49.33702326964823
205.0507930623526	208.7414077511038
259.66393729080596	82.98500135349425
380.7958864672346	383.93001037045406
199.05507688769563	274.34228036542294
156.99099326667863	240.6898563757305
341.56257727835066	0.0950430360783251
383.9059096595459	269.201995328737
141.3497518425568	374.5322849612009
16.96842936730285	394.6390488758205
317.46545843749715	125.5762816814848
58.02332523323249	391.5342705643258
335.69538626910946	329.17150960595166
391.9390867577593	86.24706872851522
416.7673175904669	404.72576769816345
363.871750919216	166.51118162155413
397.8719723038805	372.14610850971854
175.40072116974497	204.4855249091001
94.28029248995202	387.8761904896258
186.43074217367973	259.0792337694713
118.32590226008203	344.0573969136254
391.51342620474117	409.8368881343606
322.889027568814	31.899659610459434
120.26896132556821	151.618939269774
97.24968584394597	7.794973287496907
124.58385156272831	64.6026042825151
282.2574112662222	112.75261225445803
373.0811087697085	402.1885941966127
238.39039466213538	174.23943165610248
289.1049456044881	49.83557969913219
79.63927758188441	145.67772394842393
355.29468787998553	337.23773223704166
99.12892477209012	151.78110538088742
170.67741868564062	2.692284881362763
79.25700832290087	20.36010901115111
269.8343893017707	287.594370657022
367.9871822772912	126.29208858550633
92.72091361035108	49.190486419228264
409.5914892550978	293.76931311040795
287.1663847969389	29.82187107380238
273.6718390632973	170.08837738165334
262.47051301139675	10.14550641277739
0.687305146554476	55.53694067682525
275.67118391643254	67.77472747823113
77.08304838522051	126.06498077257454
311.21575601291937	257.8536742098879
339.4830836931258	389.84104803856354
293.0981963920301	329.6427320963482
130.96979094412265	200.93286657061097
418.31619637352446	91.67870062766326
154.0365537345999	45.9265635555534
245.78514094195023	374.830035906646
226.73063740002246	413.11621329678894
32.28394100898046	262.6621383516806
90.37816775418199	245.05865804580398
138.33377130413933	78.77808004720002
53.81565814763553	266.47999693021865
17.282982679591726	342.3774132392286
143.04096316203155	29.210660684424038
369.0634552509689	2.3904663216506945
397.3592389363291	157.69205877985235
353.25334719849593	404.2422440892673
384.62611870147424	114.53544086812568
417.19596764640744	240.54501134531236
405.3143097788235	25.241735165102433
35.952163758196434	360.0613066998735
184.95976595235777	92.2245529724925
148.18065279937724	221.60800197863654
104.60873472618053	65.12622832922688
240.75700731306011	92.3033369684083
229.67073961428628	291.25285805526295
212.6104494810742	150.0103462406177
258.56643094388767	348.64311415952864
111.78836864296488	108.86378900675852
37.32889583217922	28.98743846435692
17.1558692753477	160.30388329242896
151.92272665597235	357.03753412198654
374.05518264200725	96.56499874741777
3.1977039029615804	272.6545080371248
291.9145471944753	208.23195746672283
54.04903485028259	95.01750335910934
109.33286724848226	210.5813988725377
146.10282886438154	97.18096937133232
95.84002560774805	307.17137147685395
77.31739461615017	398.006950926281
346.37974748146405	254.4754015098557
132.12445755066835	11.516092297886562
37.46695873744101	340.08192136293627
41.815272951410655	6.707816872059524
133.91377293499065	46.76001519158689
310.12995749677754	219.27261215474832
284.35388630069656	273.22232221690047
46.56983512619897	286.353112898477
21.4961421559184	309.1117510172647
25.8381379461348	64.12371388598066
171.92054782627696	314.3950289761401
108.6043979082617	85.02234992606172
98.77190594260702	276.7682987408512
418.0019372824267	337.22592280634547
136.00960265205438	279.8257721838732
228.22950056403533	113.31574400127798
353.42607013244015	288.0916093354507
113.08788565685771	46.40318199236255
265.9099629211047	101.69099458206715
397.40002868788326	64.96921851279015
85.83881702018523	182.3079615907159
78.95879494144886	0.5144560181953549
115.01502686877181	237.9805468761616
366.36032347531483	206.18457162694935
412.0418514779963	188.90863248376073
150.3228853479606	2.7669536350321264
325.74962930671046	68.20397410517937
23.104410535716653	15.063095397913523
125.08033529260862	363.0607736905893
205.83441975355314	255.26371337517747
227.82114349376246	357.87930969173453
297.9991767341507	390.8026985287429
11.43980840525259	290.9492143434991
297.75282291047927	99.64847464083125
299.7091437149187	134.3629882126951
188.6066763031776	325.63487273686906
50.6320890788588	373.2823898822783
359.99761743186787	20.042162428615626
305.94702780797587	20.319825606686297
179.28555550688873	177.2567655872416
27.789015492857605	241.36336615695612
8.366220467349237	360.0403622116049
57.809240989519054	354.49111340703945
126.84344028724414	220.3898056297573
359.0882002506561	381.3206228646235
91.91423139431686	201.4150220745307
