147.53662438629175	246.73434681199558
87.86213513428586	339.33025798548533
292.7695783188303	198.59912215120792
378.54884896157097	150.34808254581353
108.27646486525478	307.4949196205152
328.87209814881675	255.95775377497736
381.6928367743336	238.08008028925772
49.661491867588566	244.0157274233454
380.7490966734351	91.11288136524695
372.0010898021896	27.080659842127552
163.30716256237315	33.2227345228441
81.99425626404704	363.5455442373429
337.8555290145305	317.5436941740327
102.68345633962764	0.619756602779642
291.12102881325114	374.61556424575303
161.76253217660985	396.4380302703186
123.73003215954989	84.64414266317215
344.5633054072488	212.4292702100469
221.10567606241344	364.72291347976966
248.30565843101402	396.5424174528211
21.096913971697084	352.1932731317618
290.6724247208942	394.7871906741443
333.42638980139867	357.2446735734254
231.71527377094668	21.241673450749587
123.76784567029047	270.83631930576536
238.848833937197	348.96434877787266
354.7225489233134	368.34527581166634
357.8653899223716	231.6108045647778
169.72861362305468	236.39962505705202
193.9721740289974	151.90041142297295
239.1810036645098	108.10470905873561
88.14529698024174	210.21361014622997
0.5059475329669993	184.4313609836451
292.7391592191424	175.91964521913744
51.62480226805872	47.137138257385836
0.8056116758555554	394.247881779141
175.90353340208304	128.77786083395364
138.00166720425918	201.0198455195476
294.4628412791436	148.31541918645453
1.6091200527837302	24.647310419573554
187.9383609131743	44.975523593235245
392.82401156524014	191.10535064821715
362.16898411176845	102.93284798213209
315.52792687439467	370.2950260157376
249.24595051633327	39.37831048555269
92.86362974251165	190.55262385126488
376.1358379215406	359.4844836348459
75.60646002841472	175.14755007274198
398.7852926378759	80.88151148301863
328.9971022363321	197.64826957555027
43.22110342136547	365.5465666472812
182.88717954076742	285.0667773805437
50.40781132067469	186.37276738596773
108.68719472481504	348.979851023771
196.94661217632773	320.857160276986
235.82436089478085	176.2856004939132
183.9263938318675	256.08844443888205
34.208051796982986	288.75629286159904
295.2223064517674	4.213100926723712
345.70707687291485	294.00080610553374
189.34508683927902	363.9198278941798
232.89268841476297	212.37147342305897
160.22721688338652	337.4481322256596
179.51395274994093	310.5157747508122
273.2067789884005	361.62801929500387
375.0254180359197	217.31498380722707
323.3922847388317	1.6655161690746212
145.72959945862954	95.61405069512085
175.58043484893906	92.73780289980964
208.18061694165192	394.6878150349368
143.61664813722194	20.30073966864432
129.3159064292774	6.171870321175099
316.4940405598138	68.40915966061178
160.3936730295641	359.794781377457
137.51286257080403	41.70484084634776
204.98720405880704	272.4456436700941
250.84421920087863	90.52268703191322
288.47402344819164	278.692110430459
151.66360065806083	311.34689934976177
307.3520378386135	129.28067936848063
311.4362837244326	398.5964459483212
354.7754449584791	83.55187267912348
243.4249704244089	229.69646514219875
228.28105835338457	329.2488312108036
220.26214523516927	119.4552148510299
154.21307181061863	0.7292032886889288
0.8367768722558289	102.37054806825512
228.02231191078909	52.49798466370193
343.2124629836445	36.76110163473511
334.54519580266214	78.07827897422656
371.2603072560581	125.76702810431826
6.325206279139106	214.71855894068358
137.6612642368726	384.416793415671
311.9100412202742	244.17473614202558
29.54217381672235	265.81621804740837
90.08615468346095	99.24803782078922
32.90284451371379	222.71712877486047
273.2599414778745	383.8950107712741
146.21892294698887	221.661848139967
376.31931990458395	306.89482683457055
393.70282368059924	345.75410421285966
367.6426961786108	284.01783351584606
170.66213261205894	150.72697657262114
70.95738935576694	228.9577257256859
251.95144900048038	60.47468960642428
114.1998898425304	328.410658712421
315.26822347903936	273.474916168061
219.41125168564116	189.18402572216726
32.996196429018894	309.29936478329125
294.72321956232975	219.97917245323234
301.1095384493533	355.13583605492795
217.07035756539287	142.08357909909654
6.729410407971503	308.57991839988773
139.26418544557126	362.2316904223649
28.18573423444395	103.24149854890621
393.68871025123127	398.2944081532554
279.33088691785895	22.66415991042603
56.9543877784632	131.38341419984368
82.22355432056733	397.4575776655325
397.13322687517285	53.04325290414171
272.74281108914573	0.9200940238865307
2.5854342380948303	258.0229319873082
228.8217236917137	385.20288531426326
267.44917277140104	234.09907736679943
328.7018034068394	131.31265536684884
105.76116646756768	281.8708912456496
58.202744451616795	106.22072510307889
258.8970664315487	313.81999017381156
87.29890332789098	147.10928633729264
358.93385443778254	344.96277568193136
40.102285904991405	161.32316314085173
259.99331442916287	144.64239547375283
132.26597728854745	319.3605694890566
215.9054615338868	312.8270528126238
236.37389514869457	301.2276786697824
271.16732825324766	41.022371647123194
254.71118018659044	166.45656893995414
194.827486054713	230.5189649338824
396.71624792536966	127.76105912476172
0.1393478327147868	334.01285121070083
0.4558115937321361	1.3739132644143837
230.5420194344344	280.2075441834729
177.1822843352389	170.35486429656163
176.93160465326744	66.20605660331975
198.7276348838436	171.93474274066122
207.46225123827574	293.5461092755463
310.36957296177013	188.73769346347373
330.9538174524521	20.931526226926067
366.74821083662545	325.2644146756201
182.1114151904424	397.9338247372393
122.10789775995553	221.06497755032296
210.77710027366666	344.5656250199029
81.7275340577468	80.53654450387936
283.5187552409825	114.44852904548952
359.33640756378446	159.8057595499905
133.93701453754207	123.54239105984331
56.48388926273613	316.1875675024654
374.2274731144916	385.2289006947746
287.75080233817204	92.84338091646154
62.83293123475708	374.5679797414812
352.313594476498	138.92267831717558
2.2488164256613707	137.4192644529762
163.211895608998	108.49971595182745
313.6035373500464	89.7638777707126
366.76907904092957	184.61214701000318
264.77339983940465	293.5669731850971
62.63062166987146	3.444833520603563
37.94014215413828	66.63422580709204
253.2518224154944	376.8030083048174
346.5947991588026	57.14354207144492
173.51434240785588	376.96524231832456
32.41035257010001	0.9851680834407794
398.6304763688676	374.35721286708866
338.8800714986543	275.0256850206201
26.711639663609255	41.481189209537476
398.0831509896026	5.220042375286926
240.45620229855064	128.84485285667859
191.57994665366118	24.519075895370968
129.44963620913262	62.535025005285135
190.55070188209095	343.3342502471304
121.56489529410442	183.4604403899773
16.73525593622438	372.66547987965924
74.02570192486407	249.56912399183642
228.8182191750874	248.9135039217869
330.282432418571	231.24626608244964
376.31033895794974	264.10288678815255
69.99173205170814	195.1214972410023
261.33937724613406	109.15468049534533
239.36760305676944	149.15229312728204
37.02993884603085	126.0810780964463
186.16711860433827	189.51257203103492
221.3571211295026	77.69449581506223
26.780537415302597	244.36099674711667
213.0644839785937	220.10323706245973
81.81700845012996	59.52549348343234
153.57416521784356	161.6915033437416
79.35992492881726	270.9520374133163
275.71744403027714	252.4844085538456
199.05995591877047	100.55638110226512
0.8812840385503229	357.2744522462592
323.75245607648344	42.54776368052333
80.312593933147	120.17790155808213
281.0546953352691	319.51279562816353
244.38006637049457	194.728322284488
251.67474110891465	333.0849334063644
205.94441134573805	10.411964340455526
254.5604289261112	16.848208095420514
21.4250790844436	399.0629861694986
201.37199012029043	79.14303582242637
86.36576457852642	13.629698358386744
336.34059411634246	98.88381201318906
375.88860249067216	4.28494691565513
270.56836720863606	182.65181922462094
130.70638684187372	159.30767475520798
157.58653177455972	288.6038258429262
340.85300514698804	175.42880045270078
26.390188288585925	21.16947884423439
277.07068360289406	341.54749156790933
398.18994287513283	31.81779896952266
57.70051233613769	269.52021071183896
294.17349121346774	43.09780770205993
392.15208289180924	107.94093657716405
30.97801023404294	201.28249515986295
376.321859910165	62.23482142411516
82.95339243332123	296.07025388999597
263.6757600146352	211.91270120791648
249.58181267513976	249.37012730401537
54.307256276806456	399.4138973720215
389.77920161341484	323.4365901911864
164.5363328850002	186.46394883143796
8.455197304845807	278.9752038057772
51.988644187310754	21.76830657342812
87.01504825884827	317.56798539251207
153.70104736339601	76.86313924088407
118.6173404922661	393.36550671941984
295.7874175769409	258.24855902219133
292.73638167852664	302.7354133524705
261.6485110094587	267.0686560841842
109.05065306738368	167.18436290526117
227.7028101569811	1.3071613551416839
116.78114194564327	370.8809219593891
310.577139986835	21.011666572593235
106.82492006210573	23.442909274840495
52.16656304432448	336.43060430705026
198.30575880004108	122.77251766031219
132.99708350303837	340.83925520789285
102.56918959543685	82.03429042735193
282.4005492224727	67.80298884723672
97.36009081089696	229.96137224508777
16.58602658928192	86.79627300527724
208.7744397740072	59.68171581359654
399.8962956564758	255.84610549326285
1.565159516614667	73.4165992766326
354.3160459447785	256.25453949288095
9.298144166714728	51.5639844373724
276.88931466644135	162.6328020907007
63.919795605515084	353.385111637268
317.3745842177233	214.63210756246315
399.55501488046207	152.9802389219756
106.66536256274908	252.19368662225818
36.560772484391265	385.79905844235986
95.06588648029322	380.5951694024305
398.72947816633103	227.34097127355054
343.8345861829318	5.070177244880458
363.65433269157484	46.49546599860122
315.5505415532829	321.1296976185316
91.07554592781817	36.91248462380648
298.87391574347	333.07317096904194
315.4917337421395	168.89152960231905
53.93160145322655	80.31412004519626
30.4987023969292	331.1536222443401
62.22808276871197	150.84799947037607
156.81400672787964	135.34068592575733
132.41495669747093	298.2984874001951
181.88542484381864	0.16207816263609232
26.498637149653348	179.09328808234636
127.91415484543754	241.52207361265434
210.2760681300855	34.75645984826237
7.257703440293728	237.87137768755136
108.69700826585182	49.03256908589437
118.53247281742325	105.71552930638734
196.39474255385022	206.85416851114394
398.5940971305985	281.72114773768
219.30733483474415	98.70825270795356
50.953685465888384	210.3256751042051
105.89054077527491	127.18508775104765
3.6839742468490755	159.36211348852112
348.22688894539135	396.29229559001783
331.27515657832055	383.74392188202694
147.4105301270465	268.2051514838517
173.84855738608866	211.75762776119686
399.9617453581329	303.2719338296696
387.73919504176	169.92171889628392
68.67672095852768	34.8712004466809
317.046797784063	342.38564059967746
160.0177856046886	54.64492247224193
217.16012097174317	163.45924739164505
110.95876331530565	203.8779006004595
27.227906426263626	144.81440392600646
167.68941323019783	269.8191220287288
115.10862603377686	145.45262466033088
314.1222694412253	296.0309608775309
