0.0	0.0	2.3534917734212124
0.0	0.15	2.357833748332671
0.0	0.3	2.3522064338022375
0.0	0.45	2.3484794379258025
0.0	0.6	2.3483925937399994
0.0	0.75	2.349041617626345
0.0	0.9	2.351846061360108
0.0	1.05	2.33981203162408
0.0	1.2	2.341235717425788
0.0	1.35	2.330922222630049
0.0	1.5	2.342359609861579
0.0	1.65	2.327483303556968
0.0	1.8	2.3220850288102004
0.0	1.95	2.3248921466235304
0.0	2.1	2.319845567839277
0.0	2.25	2.3169074458085475
0.0	2.4	2.3183578000003555
0.0	2.55	2.31449387609457
0.0	2.7	2.3069556917416953
0.0	2.85	2.3049335015589194
0.0	3.0	2.2977347418882514
0.0	3.15	2.295171154897317
0.0	3.3	2.2984948064672013
0.0	3.45	2.2865009985213893
0.0	3.6	2.2855952642684523
0.0	3.75	2.2777534259237107
0.0	3.9	2.277528696474338
0.0	4.05	2.27156845362573
0.0	4.2	2.27279131532603
0.0	4.35	2.270208857420725
0.0	4.5	2.2550464336627254
0.0	4.65	2.252315327385681
0.0	4.8	2.2510685537917206
0.0	4.95	2.24819917362281
0.0	5.1	2.2461763102835395
0.0	5.25	2.243211991748175
0.0	5.4	2.2416143960172903
0.0	5.55	2.235566428044314
0.0	5.7	2.237237527129256
0.0	5.85	2.2329088689102377
0.0	6.0	2.2250725826904896
0.0	6.15	2.232586836860092
0.0	6.3	2.227269825625661
0.5	0.0	2.3487129636004447
0.5	0.15	2.344944245849752
0.5	0.3	2.340368936379398
0.5	0.45	2.3427700586163582
0.5	0.6	2.3525536961392164
0.5	0.75	2.3365426128487288
0.5	0.9	2.3381579177529144
0.5	1.05	2.341202329849923
0.5	1.2	2.3227883299260528
0.5	1.35	2.3282867305950194
0.5	1.5	2.3314829650303706
0.5	1.65	2.318205686570577
0.5	1.8	2.3145245560775374
0.5	1.95	2.309734640831418
0.5	2.1	2.308751000519382
0.5	2.25	2.3080575852666723
0.5	2.4	2.2962631113277383
0.5	2.55	2.2963681907147007
0.5	2.7	2.296616744875245
0.5	2.85	2.291121106388509
0.5	3.0	2.288286381517951
0.5	3.15	2.2811106539062487
0.5	3.3	2.275866710513707
0.5	3.45	2.2706303881653485
0.5	3.6	2.262654082902605
0.5	3.75	2.2700149900222213
0.5	3.9	2.2581120981794283
0.5	4.05	2.2566659250862338
0.5	4.2	2.248578934463335
0.5	4.35	2.256977881349094
0.5	4.5	2.245921835210998
0.5	4.65	2.236820436864664
0.5	4.8	2.2343473665743314
0.5	4.95	2.233278669458762
0.5	5.1	2.2305883722602626
0.5	5.25	2.2335567872861457
0.5	5.4	2.22452633968056
0.5	5.55	2.2257908155481636
0.5	5.7	2.2176346539635947
0.5	5.85	2.220627643803158
0.5	6.0	2.217343945302196
0.5	6.15	2.203927280677545
0.5	6.3	2.2104260432768896
1.0	0.0	2.3298153010029106
1.0	0.15	2.336840691374917
1.0	0.3	2.331599056892832
1.0	0.45	2.3329496380165398
1.0	0.6	2.3289469575366137
1.0	0.75	2.3306155486991473
1.0	0.9	2.3223939068752104
1.0	1.05	2.317234643389524
1.0	1.2	2.3147218289272047
1.0	1.35	2.3077355010752267
1.0	1.5	2.3111089813890944
1.0	1.65	2.3073366070175823
1.0	1.8	2.298539805202852
1.0	1.95	2.303067816826098
1.0	2.1	2.2909137675241587
1.0	2.25	2.288926238931048
1.0	2.4	2.2804389994445557
1.0	2.55	2.2876840218981886
1.0	2.7	2.2705981565932944
1.0	2.85	2.2711443697355342
1.0	3.0	2.2718410276893306
1.0	3.15	2.267885154088045
1.0	3.3	2.2617302801849535
1.0	3.45	2.2577296808009
1.0	3.6	2.2523470164642907
1.0	3.75	2.251298468789784
1.0	3.9	2.242905080040276
1.0	4.05	2.2335336357331954
1.0	4.2	2.234147528257747
1.0	4.35	2.2280354049581668
1.0	4.5	2.2300380592588445
1.0	4.65	2.2300701952771247
1.0	4.8	2.223163001585302
1.0	4.95	2.2185903558501137
1.0	5.1	2.208290096803823
1.0	5.25	2.2040897330064437
1.0	5.4	2.2027527693381805
1.0	5.55	2.2117801899322678
1.0	5.7	2.2061966436585343
1.0	5.85	2.203487964903122
1.0	6.0	2.201593528795889
1.0	6.15	2.1945398745395024
1.0	6.3	2.188721989848481
1.5	0.0	2.3117788235218852
1.5	0.15	2.318346434303102
1.5	0.3	2.316550093872716
1.5	0.45	2.3137861472424244
1.5	0.6	2.3033670506487063
1.5	0.75	2.30309577172251
1.5	0.9	2.300678753679555
1.5	1.05	2.3012711821646006
1.5	1.2	2.2943424623369992
1.5	1.35	2.2981111340941043
1.5	1.5	2.2889753648511837
1.5	1.65	2.290784269059073
1.5	1.8	2.2813364094538957
1.5	1.95	2.2823588253744562
1.5	2.1	2.275880366015925
1.5	2.25	2.2751072495173066
1.5	2.4	2.2623225260337474
1.5	2.55	2.257205929442321
1.5	2.7	2.255294984944271
1.5	2.85	2.2463688133947546
1.5	3.0	2.243562165373854
1.5	3.15	2.2434304485354932
1.5	3.3	2.2366568084324276
1.5	3.45	2.229533054738189
1.5	3.6	2.22492097301446
1.5	3.75	2.2293930670552373
1.5	3.9	2.22286861875523
1.5	4.05	2.2259277570156577
1.5	4.2	2.2162946210578855
1.5	4.35	2.2083231737333824
1.5	4.5	2.208080279291944
1.5	4.65	2.2082073411328533
1.5	4.8	2.2029300065523043
1.5	4.95	2.19237027006354
1.5	5.1	2.2009612215945697
1.5	5.25	2.1883452208607763
1.5	5.4	2.1913333014336143
1.5	5.55	2.1849749191872467
1.5	5.7	2.186197185653801
1.5	5.85	2.1746551117556883
1.5	6.0	2.182517512670509
1.5	6.15	2.1724418279716673
1.5	6.3	2.1757856306541177
2.0	0.0	2.278984472220505
2.0	0.15	2.2894890901687432
2.0	0.3	2.2898269735698635
2.0	0.45	2.2809123203824897
2.0	0.6	2.2767044393081854
2.0	0.75	2.2797634963597346
2.0	0.9	2.2801206655025226
2.0	1.05	2.274956955661208
2.0	1.2	2.2761392408174927
2.0	1.35	2.2657476666321985
2.0	1.5	2.261772016912706
2.0	1.65	2.2600752469672685
2.0	1.8	2.2592926446970876
2.0	1.95	2.2519730060565664
2.0	2.1	2.248155422256017
2.0	2.25	2.240614149431331
2.0	2.4	2.2479359803194052
2.0	2.55	2.228097783204556
2.0	2.7	2.238493490782578
2.0	2.85	2.232354427912547
2.0	3.0	2.2282114002745184
2.0	3.15	2.2202580279920223
2.0	3.3	2.216133087815367
2.0	3.45	2.2042381777726145
2.0	3.6	2.2087135561680413
2.0	3.75	2.2006517397921055
2.0	3.9	2.19981361338729
2.0	4.05	2.201499551333147
2.0	4.2	2.189974841579713
2.0	4.35	2.1877563421981194
2.0	4.5	2.1925073957298977
2.0	4.65	2.1746600081099206
2.0	4.8	2.1781373633922527
2.0	4.95	2.1762580413091612
2.0	5.1	2.170123011562446
2.0	5.25	2.1672385538110928
2.0	5.4	2.1710862635723345
2.0	5.55	2.1687680724048723
2.0	5.7	2.1577372433164204
2.0	5.85	2.169887193257879
2.0	6.0	2.1575273974863616
2.0	6.15	2.160999756150958
2.0	6.3	2.160390143926516
2.5	0.0	2.2514251421990203
2.5	0.15	2.25146199192719
2.5	0.3	2.2603558815957747
2.5	0.45	2.24856473221484
2.5	0.6	2.2467038691935777
2.5	0.75	2.2461432358013553
2.5	0.9	2.246071701042795
2.5	1.05	2.240112902351334
2.5	1.2	2.2431141582973932
2.5	1.35	2.2437534565829718
2.5	1.5	2.231452960336295
2.5	1.65	2.2237400477390454
2.5	1.8	2.2263500510320697
2.5	1.95	2.2307611255052606
2.5	2.1	2.21646894868724
2.5	2.25	2.219962845314001
2.5	2.4	2.21055417618882
2.5	2.55	2.2131491530939242
2.5	2.7	2.2022590856832402
2.5	2.85	2.1934787483705818
2.5	3.0	2.197025732764406
2.5	3.15	2.190773319274166
2.5	3.3	2.1934146725196277
2.5	3.45	2.178778276171691
2.5	3.6	2.1759044030450663
2.5	3.75	2.1794181621677255
2.5	3.9	2.176673131845062
2.5	4.05	2.170429636986267
2.5	4.2	2.170103556678749
2.5	4.35	2.1751023779795218
2.5	4.5	2.162558754337078
2.5	4.65	2.162852507683229
2.5	4.8	2.15493551297598
2.5	4.95	2.151124468054872
2.5	5.1	2.1540921436537612
2.5	5.25	2.1474870925442686
2.5	5.4	2.143930664106629
2.5	5.55	2.1475049035181715
2.5	5.7	2.140038981957201
2.5	5.85	2.145143773271164
2.5	6.0	2.134622102021138
2.5	6.15	2.1368206704915416
2.5	6.3	2.14029072117321
3.0	0.0	2.2173146558164802
3.0	0.15	2.2138055841535893
3.0	0.3	2.210741425819208
3.0	0.45	2.2064565826383804
3.0	0.6	2.2173682045279888
3.0	0.75	2.207585561529082
3.0	0.9	2.212287054990953
3.0	1.05	2.201785070124884
3.0	1.2	2.202246716789606
3.0	1.35	2.197208283097248
3.0	1.5	2.1942633766041166
3.0	1.65	2.2006271045801182
3.0	1.8	2.191116331039448
3.0	1.95	2.1908726051267244
3.0	2.1	2.1766070220373224
3.0	2.25	2.186006307085014
3.0	2.4	2.177746921394162
3.0	2.55	2.1719050265149766
3.0	2.7	2.174390454106442
3.0	2.85	2.164962649025797
3.0	3.0	2.1717699165741187
3.0	3.15	2.1633393074080356
3.0	3.3	2.15602450028807
3.0	3.45	2.147111670000278
3.0	3.6	2.1527700148809683
3.0	3.75	2.1537911605768305
3.0	3.9	2.1460267967761744
3.0	4.05	2.146569993124993
3.0	4.2	2.14126234449302
3.0	4.35	2.1425546992094233
3.0	4.5	2.132053231618652
3.0	4.65	2.1289121911269415
3.0	4.8	2.129914565339699
3.0	4.95	2.1312819200955375
3.0	5.1	2.1224904738195893
3.0	5.25	2.12275393310687
3.0	5.4	2.1230640885334915
3.0	5.55	2.130184180677777
3.0	5.7	2.12989906492792
3.0	5.85	2.1164691375306433
3.0	6.0	2.1195013492489854
3.0	6.15	2.110125582937105
3.0	6.3	2.10826606626796
3.5	0.0	2.1717907126107825
3.5	0.15	2.1701066215228284
3.5	0.3	2.1652464568053964
3.5	0.45	2.1652825253929433
3.5	0.6	2.163659215323458
3.5	0.75	2.162015135237657
3.5	0.9	2.161141856372829
3.5	1.05	2.165013738863163
3.5	1.2	2.161428404686002
3.5	1.35	2.158193180535686
3.5	1.5	2.15831275270674
3.5	1.65	2.1547822246640402
3.5	1.8	2.1534232633712205
3.5	1.95	2.145643673395789
3.5	2.1	2.14301490096331
3.5	2.25	2.145459632279567
3.5	2.4	2.145012853107994
3.5	2.55	2.1398139823555735
3.5	2.7	2.1316556057247036
3.5	2.85	2.139075097737711
3.5	3.0	2.131561536456791
3.5	3.15	2.1321002291364697
3.5	3.3	2.1299562000879675
3.5	3.45	2.1234491964024964
3.5	3.6	2.1231348700317025
3.5	3.75	2.1173061894731062
3.5	3.9	2.1174973620242388
3.5	4.05	2.1139855740179576
3.5	4.2	2.114834847264916
3.5	4.35	2.1069533514061263
3.5	4.5	2.100700819661986
3.5	4.65	2.104582595590999
3.5	4.8	2.1085114141213985
3.5	4.95	2.10049968059896
3.5	5.1	2.0943399757334906
3.5	5.25	2.098152583404293
3.5	5.4	2.103844550741591
3.5	5.55	2.098443249975259
3.5	5.7	2.097831825464763
3.5	5.85	2.098951850004626
3.5	6.0	2.1016759546477273
3.5	6.15	2.0906530385397035
3.5	6.3	2.0899948321355906
4.0	0.0	2.114652502707883
4.0	0.15	2.1171176494903787
4.0	0.3	2.118860674092298
4.0	0.45	2.1069101109519246
4.0	0.6	2.111357100561036
4.0	0.75	2.1226236868655275
4.0	0.9	2.1142606258585404
4.0	1.05	2.112538525531174
4.0	1.2	2.1166897586526625
4.0	1.35	2.107972665043342
4.0	1.5	2.106778704784155
4.0	1.65	2.105928272297097
4.0	1.8	2.104519902031505
4.0	1.95	2.099472495571701
4.0	2.1	2.1011158869978233
4.0	2.25	2.1050856684007204
4.0	2.4	2.0988384262828386
4.0	2.55	2.101113717997388
4.0	2.7	2.0922600489259002
4.0	2.85	2.085324807567135
4.0	3.0	2.0938212355005477
4.0	3.15	2.0906164336682425
4.0	3.3	2.0867912139985196
4.0	3.45	2.0955213759736657
4.0	3.6	2.0888348353827277
4.0	3.75	2.075653359601117
4.0	3.9	2.086428730033864
4.0	4.05	2.0819277531872764
4.0	4.2	2.0816020394965356
4.0	4.35	2.0806718536956432
4.0	4.5	2.0795440504758567
4.0	4.65	2.0764611175962484
4.0	4.8	2.0743439661064604
4.0	4.95	2.0743234275204725
4.0	5.1	2.080719408083376
4.0	5.25	2.077735990587617
4.0	5.4	2.082403607206949
4.0	5.55	2.0707672872518295
4.0	5.7	2.0706293092797656
4.0	5.85	2.066754533509991
4.0	6.0	2.070737308878138
4.0	6.15	2.0674951374352566
4.0	6.3	2.0688769627765065
4.5	0.0	2.054723475964842
4.5	0.15	2.055510742151352
4.5	0.3	2.052204111304069
4.5	0.45	2.0596418571503188
4.5	0.6	2.0561036461606728
4.5	0.75	2.0566147886625594
4.5	0.9	2.0611972609611002
4.5	1.05	2.050092617928416
4.5	1.2	2.0542033082528848
4.5	1.35	2.048321670890162
4.5	1.5	2.0571878086811655
4.5	1.65	2.0546286383805197
4.5	1.8	2.0590341145661277
4.5	1.95	2.0507098658770464
4.5	2.1	2.054938928681432
4.5	2.25	2.0532775138956585
4.5	2.4	2.0484374871514985
4.5	2.55	2.052638859622166
4.5	2.7	2.054312161018293
4.5	2.85	2.054298178405983
4.5	3.0	2.051264313559976
4.5	3.15	2.050549794518657
4.5	3.3	2.045997469633366
4.5	3.45	2.046534854243265
4.5	3.6	2.036395093739994
4.5	3.75	2.0523138510246386
4.5	3.9	2.0394195699787607
4.5	4.05	2.031953847042796
4.5	4.2	2.0419395468014443
4.5	4.35	2.048154363428721
4.5	4.5	2.0382732130273613
4.5	4.65	2.0387312378491633
4.5	4.8	2.036033433201581
4.5	4.95	2.046500201788527
4.5	5.1	2.038576156836613
4.5	5.25	2.037883378825996
4.5	5.4	2.0395967458213113
4.5	5.55	2.0404524439487925
4.5	5.7	2.0445682814307182
4.5	5.85	2.0434416514897173
4.5	6.0	2.0381003350763534
4.5	6.15	2.03732852134295
4.5	6.3	2.0416921332861255
5.0	0.0	1.9923107275871592
5.0	0.15	1.99138002228156
5.0	0.3	1.9917351957819007
5.0	0.45	1.9898596073848207
5.0	0.6	1.9865338916230968
5.0	0.75	1.9939356527941143
5.0	0.9	1.9916183545096442
5.0	1.05	2.00061789715071
5.0	1.2	1.9970365173400721
5.0	1.35	1.9959870573682328
5.0	1.5	1.996223901711891
5.0	1.65	1.9963935649311555
5.0	1.8	1.9989903100013153
5.0	1.95	1.997755433414663
5.0	2.1	2.0013380922468333
5.0	2.25	2.008759961895543
5.0	2.4	2.0065545281945085
5.0	2.55	2.011542528469715
5.0	2.7	1.994253170266377
5.0	2.85	1.991917274076811
5.0	3.0	2.0002076269827125
5.0	3.15	1.9928092166083315
5.0	3.3	2.001064511143874
5.0	3.45	2.001081502737941
5.0	3.6	1.990323802939019
5.0	3.75	2.005848193770282
5.0	3.9	2.000321559829208
5.0	4.05	2.006389369959112
5.0	4.2	2.012583685778296
5.0	4.35	2.014689593793957
5.0	4.5	2.0003324903957864
5.0	4.65	2.0103286444743786
5.0	4.8	2.006926029970706
5.0	4.95	2.0029229581312857
5.0	5.1	2.005428339955783
5.0	5.25	2.0108679488555605
5.0	5.4	2.0152206093697527
5.0	5.55	2.007074613697845
5.0	5.7	2.0105054900943036
5.0	5.85	2.0176415442333204
5.0	6.0	2.0132816077377367
5.0	6.15	2.021096212892439
5.0	6.3	2.0141851862553617
5.5	0.0	1.9141109456722845
5.5	0.15	1.9165259150691574
5.5	0.3	1.9216938410900792
5.5	0.45	1.9171847209497734
5.5	0.6	1.9149656715284729
5.5	0.75	1.9201605350646584
5.5	0.9	1.9291304971646008
5.5	1.05	1.9316436477257999
5.5	1.2	1.926968961759194
5.5	1.35	1.921469881833243
5.5	1.5	1.9290167010315362
5.5	1.65	1.929900690228453
5.5	1.8	1.9301682482112215
5.5	1.95	1.9397515235434653
5.5	2.1	1.9452188122746819
5.5	2.25	1.9414999158859514
5.5	2.4	1.9447289112110027
5.5	2.55	1.9549588383534182
5.5	2.7	1.9524413697813117
5.5	2.85	1.9490479889967873
5.5	3.0	1.9424455100123836
5.5	3.15	1.9496130540529482
5.5	3.3	1.9513367546236928
5.5	3.45	1.9563554081545376
5.5	3.6	1.964253955614402
5.5	3.75	1.960209323598141
5.5	3.9	1.970574957545947
5.5	4.05	1.962837769616991
5.5	4.2	1.9700566198307476
5.5	4.35	1.960203866036586
5.5	4.5	1.9619779865657807
5.5	4.65	1.961824743276967
5.5	4.8	1.9776714566288391
5.5	4.95	1.969680732051506
5.5	5.1	1.9779774575710696
5.5	5.25	1.9816725647857334
5.5	5.4	1.9726703349612498
5.5	5.55	1.9857628173546402
5.5	5.7	1.9895081573172524
5.5	5.85	1.9765374783102727
5.5	6.0	1.9929622642661822
5.5	6.15	1.987720454508687
5.5	6.3	1.99097232865673
6.0	0.0	1.8338149780442743
6.0	0.15	1.8466681779810639
6.0	0.3	1.8464807714701674
6.0	0.45	1.8468273046903119
6.0	0.6	1.8448474806724224
6.0	0.75	1.845482394031639
6.0	0.9	1.8482526896022113
6.0	1.05	1.8530981316257487
6.0	1.2	1.8528280484842181
6.0	1.35	1.8539666541245916
6.0	1.5	1.8589489707972953
6.0	1.65	1.8637147976750206
6.0	1.8	1.86352328135363
6.0	1.95	1.8705511594538264
6.0	2.1	1.8867381216082109
6.0	2.25	1.8770347434390642
6.0	2.4	1.8784282610263667
6.0	2.55	1.8843380588634768
6.0	2.7	1.8841957349258296
6.0	2.85	1.889614007086191
6.0	3.0	1.8927232703917003
6.0	3.15	1.8965546513173899
6.0	3.3	1.8980211659345865
6.0	3.45	1.9056776432405593
6.0	3.6	1.9063960465160976
6.0	3.75	1.9080233185743114
6.0	3.9	1.9121931647287322
6.0	4.05	1.9134709903368754
6.0	4.2	1.9232301003394432
6.0	4.35	1.9255107726997451
6.0	4.5	1.9369880031655806
6.0	4.65	1.9273930875574425
6.0	4.8	1.9261373666391783
6.0	4.95	1.9318208257612652
6.0	5.1	1.9391167851221085
6.0	5.25	1.9328744046008457
6.0	5.4	1.9332239644629592
6.0	5.55	1.9474395281400039
6.0	5.7	1.9489001497679834
6.0	5.85	1.9498289129350441
6.0	6.0	1.9537652794893248
6.0	6.15	1.9576401167015072
6.0	6.3	1.9632527484240363
6.5	0.0	1.7625245800144973
6.5	0.15	1.7620567528084758
6.5	0.3	1.756080266414254
6.5	0.45	1.7584062968638845
6.5	0.6	1.7597960625709108
6.5	0.75	1.7646000763146334
6.5	0.9	1.7700234915500843
6.5	1.05	1.7743383169937257
6.5	1.2	1.7722408883607939
6.5	1.35	1.7821224023048625
6.5	1.5	1.7792086468916168
6.5	1.65	1.7856903760935867
6.5	1.8	1.7948937160836649
6.5	1.95	1.7978675372627078
6.5	2.1	1.7973483892830049
6.5	2.25	1.813085729186667
6.5	2.4	1.8178788777465686
6.5	2.55	1.8153904562556424
6.5	2.7	1.822853820966086
6.5	2.85	1.822407855002929
6.5	3.0	1.8311018209590437
6.5	3.15	1.8372441623993176
6.5	3.3	1.8485148590086355
6.5	3.45	1.8572142710133814
6.5	3.6	1.8463371453662778
6.5	3.75	1.8553399333564213
6.5	3.9	1.8547151993183588
6.5	4.05	1.8629639464738679
6.5	4.2	1.8664543734594954
6.5	4.35	1.8751345622310431
6.5	4.5	1.8797471777428303
6.5	4.65	1.8816402801906524
6.5	4.8	1.8960403774476844
6.5	4.95	1.8872013933033864
6.5	5.1	1.8963622385082224
6.5	5.25	1.9000432785488601
6.5	5.4	1.9050282983923372
6.5	5.55	1.913614435690822
6.5	5.7	1.9095616625616407
6.5	5.85	1.9162726510426809
6.5	6.0	1.916202392158255
6.5	6.15	1.9257626389057068
6.5	6.3	1.9326467510481695
7.0	0.0	1.6652682026782326
7.0	0.15	1.6617402203761107
7.0	0.3	1.6575539571286706
7.0	0.45	1.6619723485889595
7.0	0.6	1.6704111950829463
7.0	0.75	1.670863553379712
7.0	0.9	1.681723524899915
7.0	1.05	1.6743524437306117
7.0	1.2	1.6855960518955482
7.0	1.35	1.6817127568630692
7.0	1.5	1.691773905626162
7.0	1.65	1.7029027412973523
7.0	1.8	1.7127703454802905
7.0	1.95	1.7118923361633795
7.0	2.1	1.7290789512748233
7.0	2.25	1.7289106468259798
7.0	2.4	1.7347022461619797
7.0	2.55	1.74342112811618
7.0	2.7	1.7515241484998474
7.0	2.85	1.7544019331891496
7.0	3.0	1.7652528236036722
7.0	3.15	1.778897619947808
7.0	3.3	1.7845462800730783
7.0	3.45	1.794293452761079
7.0	3.6	1.7948761415317045
7.0	3.75	1.798377671786183
7.0	3.9	1.806794558094381
7.0	4.05	1.8064494654511143
7.0	4.2	1.8186856254829484
7.0	4.35	1.8223454780899617
7.0	4.5	1.8372418928896943
7.0	4.65	1.8350821415849614
7.0	4.8	1.8445233842394821
7.0	4.95	1.8485582993577894
7.0	5.1	1.8566081756738337
7.0	5.25	1.856664011497473
7.0	5.4	1.8685448175802701
7.0	5.55	1.8709668051807897
7.0	5.7	1.8774325817583493
7.0	5.85	1.8846151987527384
7.0	6.0	1.8831221984997697
7.0	6.15	1.9011118102580844
7.0	6.3	1.8964223771782645
7.5	0.0	1.566703427614066
7.5	0.15	1.5678505790664317
7.5	0.3	1.5649954928342589
7.5	0.45	1.5711863788176443
7.5	0.6	1.5710970335309828
7.5	0.75	1.5759271316424677
7.5	0.9	1.5804265569679403
7.5	1.05	1.5860826209748087
7.5	1.2	1.592717032503442
7.5	1.35	1.6021279949994485
7.5	1.5	1.6057973805555874
7.5	1.65	1.608874108896706
7.5	1.8	1.6195307974430935
7.5	1.95	1.6305467841963033
7.5	2.1	1.6517170547770745
7.5	2.25	1.6466072104370832
7.5	2.4	1.6520504171057944
7.5	2.55	1.6749467262439461
7.5	2.7	1.6856751738865117
7.5	2.85	1.6901939530558745
7.5	3.0	1.6945530622710385
7.5	3.15	1.7013256678233701
7.5	3.3	1.7206174134676333
7.5	3.45	1.7163301417475325
7.5	3.6	1.7375926981425072
7.5	3.75	1.7449649620183467
7.5	3.9	1.7511927029124572
7.5	4.05	1.7569830863616782
7.5	4.2	1.7678036522803664
7.5	4.35	1.773590528841349
7.5	4.5	1.7772141566429154
7.5	4.65	1.7884367476508398
7.5	4.8	1.7974239559795135
7.5	4.95	1.8115842718778827
7.5	5.1	1.8147607964963157
7.5	5.25	1.8190328942627811
7.5	5.4	1.8366421168227292
7.5	5.55	1.8268376453916706
7.5	5.7	1.844238379548599
7.5	5.85	1.8468811970746493
7.5	6.0	1.8553210809249987
7.5	6.15	1.8584206094207705
7.5	6.3	1.8559009429933804
8.0	0.0	1.4568412089188985
8.0	0.15	1.459083205772727
8.0	0.3	1.4557504201905092
8.0	0.45	1.4557700914831484
8.0	0.6	1.4679412317295704
8.0	0.75	1.462884933701314
8.0	0.9	1.4691416927845582
8.0	1.05	1.4864233741968906
8.0	1.2	1.496978550950124
8.0	1.35	1.4995829476529217
8.0	1.5	1.508686330621038
8.0	1.65	1.516288045908436
8.0	1.8	1.5367034966569628
8.0	1.95	1.5387005804479879
8.0	2.1	1.5508804879980387
8.0	2.25	1.5642533688075613
8.0	2.4	1.5806162902667267
8.0	2.55	1.5818777273682838
8.0	2.7	1.594964391029602
8.0	2.85	1.6061212081493146
8.0	3.0	1.626199353765855
8.0	3.15	1.6314292052294141
8.0	3.3	1.6584266161911403
8.0	3.45	1.659728963148944
8.0	3.6	1.6722271986189634
8.0	3.75	1.6658968552708449
8.0	3.9	1.6902528045179874
8.0	4.05	1.6912502152691546
8.0	4.2	1.7149661896208075
8.0	4.35	1.7100594529457536
8.0	4.5	1.7308716477330712
8.0	4.65	1.7315912111393437
8.0	4.8	1.7516715887967407
8.0	4.95	1.7593088639668735
8.0	5.1	1.7652728691947082
8.0	5.25	1.7688670403505489
8.0	5.4	1.7822639205369097
8.0	5.55	1.798026176175744
8.0	5.7	1.789587476618721
8.0	5.85	1.803829477620969
8.0	6.0	1.8128304226649283
8.0	6.15	1.807397654504037
8.0	6.3	1.8315270182230043
8.5	0.0	1.3340562754095058
8.5	0.15	1.3407992294257287
8.5	0.3	1.3414382366490814
8.5	0.45	1.348823117361126
8.5	0.6	1.3557129613544392
8.5	0.75	1.3626256148688767
8.5	0.9	1.3615656174223512
8.5	1.05	1.3739742530541963
8.5	1.2	1.3894425544905809
8.5	1.35	1.3901060724428898
8.5	1.5	1.402821537332501
8.5	1.65	1.4161321071428352
8.5	1.8	1.4289707374142364
8.5	1.95	1.440321661376347
8.5	2.1	1.4609929975470517
8.5	2.25	1.4717313068276812
8.5	2.4	1.4792519873752297
8.5	2.55	1.5028279588561535
8.5	2.7	1.5108471940068289
8.5	2.85	1.5229825622957356
8.5	3.0	1.5447806995719402
8.5	3.15	1.542734625030822
8.5	3.3	1.5663132804139996
8.5	3.45	1.5809294043591189
8.5	3.6	1.5937385214308306
8.5	3.75	1.6012972375515746
8.5	3.9	1.624568558650619
8.5	4.05	1.6326595224486158
8.5	4.2	1.6487354787900057
8.5	4.35	1.6659758128885018
8.5	4.5	1.6735559307825492
8.5	4.65	1.6807852454315109
8.5	4.8	1.695624010210015
8.5	4.95	1.7066252734646317
8.5	5.1	1.7092353557721682
8.5	5.25	1.7266862318314589
8.5	5.4	1.7355634054703386
8.5	5.55	1.736607224156661
8.5	5.7	1.7556922198068308
8.5	5.85	1.752633897664333
8.5	6.0	1.7623755442424067
8.5	6.15	1.7781233503753158
8.5	6.3	1.7906893407149922
9.0	0.0	1.2042554074910639
9.0	0.15	1.2236596041841956
9.0	0.3	1.212784253110791
9.0	0.45	1.2124446648513088
9.0	0.6	1.2207904198786315
9.0	0.75	1.2314665589403275
9.0	0.9	1.237054918688027
9.0	1.05	1.2562486145456089
9.0	1.2	1.2636298160835038
9.0	1.35	1.284886187925467
9.0	1.5	1.2906985680359435
9.0	1.65	1.3051775547128424
9.0	1.8	1.323147947775642
9.0	1.95	1.3387447273703215
9.0	2.1	1.348479345185721
9.0	2.25	1.3666162339552788
9.0	2.4	1.3862306533552275
9.0	2.55	1.4024859042391267
9.0	2.7	1.421964215964017
9.0	2.85	1.4447457131037704
9.0	3.0	1.459482942507639
9.0	3.15	1.4729602325423583
9.0	3.3	1.4974089472647987
9.0	3.45	1.5125509579498155
9.0	3.6	1.5235693342307033
9.0	3.75	1.5390531412028938
9.0	3.9	1.5441689241992882
9.0	4.05	1.571834092298754
9.0	4.2	1.585048614537921
9.0	4.35	1.6033817659759335
9.0	4.5	1.601746071867872
9.0	4.65	1.6178933358900478
9.0	4.8	1.625056397270888
9.0	4.95	1.6473297755439207
9.0	5.1	1.6589994703533537
9.0	5.25	1.674833642772572
9.0	5.4	1.699779173047478
9.0	5.55	1.6987967169225549
9.0	5.7	1.7131513771733253
9.0	5.85	1.7173570072869735
9.0	6.0	1.7283637557857614
9.0	6.15	1.7375337902732855
9.0	6.3	1.7482062873579487
9.5	0.0	1.0746973948076426
9.5	0.15	1.0832842592608691
9.5	0.3	1.0880405435679288
9.5	0.45	1.0918679219469096
9.5	0.6	1.0901035507878079
9.5	0.75	1.103584391196553
9.5	0.9	1.114751076186701
9.5	1.05	1.1360590402452488
9.5	1.2	1.1473950170752087
9.5	1.35	1.152165344162253
9.5	1.5	1.1762857152008581
9.5	1.65	1.1898564773725466
9.5	1.8	1.1960013764024016
9.5	1.95	1.2204217554318273
9.5	2.1	1.2321004331425862
9.5	2.25	1.2705996355884497
9.5	2.4	1.2874404880004913
9.5	2.55	1.3065921914080278
9.5	2.7	1.3249417633703717
9.5	2.85	1.349167829724101
9.5	3.0	1.3651824257040794
9.5	3.15	1.3771492688461353
9.5	3.3	1.395826299615508
9.5	3.45	1.4254563757470509
9.5	3.6	1.446225755997999
9.5	3.75	1.4478570855704893
9.5	3.9	1.4802332822904214
9.5	4.05	1.5015417212929139
9.5	4.2	1.510050048136196
9.5	4.35	1.5271636099293464
9.5	4.5	1.5476160686443108
9.5	4.65	1.5555095912625188
9.5	4.8	1.5807927113555595
9.5	4.95	1.585007840579296
9.5	5.1	1.5958043393389385
9.5	5.25	1.60911222721457
9.5	5.4	1.6358108491342587
9.5	5.55	1.643179881372085
9.5	5.7	1.6568839120146737
9.5	5.85	1.67930293566618
9.5	6.0	1.6829888801285864
9.5	6.15	1.6998385548366324
9.5	6.3	1.7036694355208533
10.0	0.0	0.9372847972507183
10.0	0.15	0.9352241016517251
10.0	0.3	0.9279034550146763
10.0	0.45	0.9295477446396498
10.0	0.6	0.9636475365217625
10.0	0.75	0.9570103238410428
10.0	0.9	0.966894711492917
10.0	1.05	0.989738747074556
10.0	1.2	1.0149507396203035
10.0	1.35	1.0277741436519428
10.0	1.5	1.0448106270638284
10.0	1.65	1.0643541637087033
10.0	1.8	1.0888625904961335
10.0	1.95	1.1057128092444612
10.0	2.1	1.1221881549845634
10.0	2.25	1.1600144109351707
10.0	2.4	1.1607405937165276
10.0	2.55	1.1873748430410869
10.0	2.7	1.2269896145562975
10.0	2.85	1.2567157062303278
10.0	3.0	1.2572839031085672
10.0	3.15	1.2880359313398158
10.0	3.3	1.3224833408172243
10.0	3.45	1.3393379824261062
10.0	3.6	1.3614478932181098
10.0	3.75	1.363660816142081
10.0	3.9	1.4094022852388695
10.0	4.05	1.4302851265187875
10.0	4.2	1.4510842193526736
10.0	4.35	1.4641832603273244
10.0	4.5	1.4867453268042086
10.0	4.65	1.49239010980292
10.0	4.8	1.5231882563767671
10.0	4.95	1.5367777941177874
10.0	5.1	1.5457317653969
10.0	5.25	1.5661808560578434
10.0	5.4	1.5851212868177367
10.0	5.55	1.5924144814561485
10.0	5.7	1.6016109021625131
10.0	5.85	1.6254354442277945
10.0	6.0	1.635516407218228
10.0	6.15	1.6440507063895562
10.0	6.3	1.6628992195618415
10.5	0.0	0.7706146904839586
10.5	0.15	0.7795857295963167
10.5	0.3	0.7865895159997076
10.5	0.45	0.7904862971395192
10.5	0.6	0.8023075654401621
10.5	0.75	0.817708128924818
10.5	0.9	0.8220722180589264
10.5	1.05	0.8464847561132665
10.5	1.2	0.8590176941125462
10.5	1.35	0.8861977301839135
10.5	1.5	0.8977941397347968
10.5	1.65	0.9372997754479377
10.5	1.8	0.9532838463716127
10.5	1.95	0.9796279430833219
10.5	2.1	0.9956227751863151
10.5	2.25	1.0294548560018209
10.5	2.4	1.0565493045578243
10.5	2.55	1.0854250125327782
10.5	2.7	1.1038368684249966
10.5	2.85	1.1463371410145857
10.5	3.0	1.1701174313136904
10.5	3.15	1.1908764893754147
10.5	3.3	1.2123056553488616
10.5	3.45	1.2397633289621681
10.5	3.6	1.2721534872964115
10.5	3.75	1.2897241846693106
10.5	3.9	1.318956162117614
10.5	4.05	1.3478284367436748
10.5	4.2	1.368619327768847
10.5	4.35	1.3808679595659092
10.5	4.5	1.4139441424166543
10.5	4.65	1.4360931357856361
10.5	4.8	1.453624679888931
10.5	4.95	1.4771499908370047
10.5	5.1	1.4964871199674916
10.5	5.25	1.5171767779282068
10.5	5.4	1.5204859350582187
10.5	5.55	1.543738307251569
10.5	5.7	1.569025363653588
10.5	5.85	1.5783670280400206
10.5	6.0	1.591746074246553
10.5	6.15	1.6075412449071682
10.5	6.3	1.621878116031192
11.0	0.0	0.6156809599821811
11.0	0.15	0.6093342998925118
11.0	0.3	0.6152937731843382
11.0	0.45	0.6232635585235546
11.0	0.6	0.6360625419871555
11.0	0.75	0.646911378876557
11.0	0.9	0.6735086307337759
11.0	1.05	0.6753260277393687
11.0	1.2	0.6906812040563639
11.0	1.35	0.7283882345530914
11.0	1.5	0.7697857877291492
11.0	1.65	0.7858704456076402
11.0	1.8	0.8166456609537072
11.0	1.95	0.8371386977657274
11.0	2.1	0.8661966722443957
11.0	2.25	0.8994223186311743
11.0	2.4	0.9340254790279499
11.0	2.55	0.9619078304747832
11.0	2.7	1.0105098846096183
11.0	2.85	1.0278780535324623
11.0	3.0	1.0570952767721016
11.0	3.15	1.0684061693386533
11.0	3.3	1.11880937050088
11.0	3.45	1.1501868105585489
11.0	3.6	1.1792166757029574
11.0	3.75	1.2152360970597584
11.0	3.9	1.2397837801055576
11.0	4.05	1.265383512353845
11.0	4.2	1.2825180625259893
11.0	4.35	1.3066695046639296
11.0	4.5	1.3377029791707051
11.0	4.65	1.3620990572396425
11.0	4.8	1.3798303172536541
11.0	4.95	1.410357872335212
11.0	5.1	1.4299002069668951
11.0	5.25	1.4479185300057948
11.0	5.4	1.474832013263308
11.0	5.55	1.4906370652179377
11.0	5.7	1.4999443749175492
11.0	5.85	1.519166110669743
11.0	6.0	1.549808916916653
11.0	6.15	1.5673590701765945
11.0	6.3	1.5770096790853918
11.5	0.0	0.43405031009297845
11.5	0.15	0.4460378830271199
11.5	0.3	0.4264202100492982
11.5	0.45	0.45937399798836687
11.5	0.6	0.4577040901711391
11.5	0.75	0.4769482545107451
11.5	0.9	0.4914101362522154
11.5	1.05	0.5177023135641483
11.5	1.2	0.5473906382065405
11.5	1.35	0.5568321992042402
11.5	1.5	0.6086363570035909
11.5	1.65	0.6366905179917004
11.5	1.8	0.6708071614645577
11.5	1.95	0.6870995481877062
11.5	2.1	0.73657472258957
11.5	2.25	0.7728423590494966
11.5	2.4	0.8025811951227229
11.5	2.55	0.8555204821318849
11.5	2.7	0.8766768169997712
11.5	2.85	0.9041613295855053
11.5	3.0	0.9436585982780223
11.5	3.15	0.989608411622068
11.5	3.3	1.011389074801507
11.5	3.45	1.0393705087730631
11.5	3.6	1.088037483977593
11.5	3.75	1.11314471919385
11.5	3.9	1.1443141164404262
11.5	4.05	1.1740131601505732
11.5	4.2	1.2010509988244333
11.5	4.35	1.2299371611963363
11.5	4.5	1.2581008144122774
11.5	4.65	1.29702682111144
11.5	4.8	1.3099928221223411
11.5	4.95	1.3389519240303276
11.5	5.1	1.354666872232122
11.5	5.25	1.3867578891983379
11.5	5.4	1.4170716326191246
11.5	5.55	1.427820191164983
11.5	5.7	1.4436988744565928
11.5	5.85	1.4659637636391323
11.5	6.0	1.4947337745840876
11.5	6.15	1.51029132086432
11.5	6.3	1.5352780090320466
12.0	0.0	0.23614781233520787
12.0	0.15	0.24024388916522588
12.0	0.3	0.2526861905915836
12.0	0.45	0.2550625365372814
12.0	0.6	0.25493316269830224
12.0	0.75	0.3003004741596351
12.0	0.9	0.3115958529598264
12.0	1.05	0.35725826301444297
12.0	1.2	0.37308694809329435
12.0	1.35	0.4011570373948272
12.0	1.5	0.4282015828595056
12.0	1.65	0.4851649532749045
12.0	1.8	0.5201669218361049
12.0	1.95	0.5524525597025605
12.0	2.1	0.5830010480361025
12.0	2.25	0.6284875283512643
12.0	2.4	0.6641978254362937
12.0	2.55	0.7043050789637069
12.0	2.7	0.7518372895516903
12.0	2.85	0.7941163687781327
12.0	3.0	0.8289169541460923
12.0	3.15	0.8647464564991911
12.0	3.3	0.9114441235154769
12.0	3.45	0.9499993672508036
12.0	3.6	0.9769726721604677
12.0	3.75	1.0188996317114425
12.0	3.9	1.0554353905387455
12.0	4.05	1.0704609578460458
12.0	4.2	1.1148519604286466
12.0	4.35	1.1554391410984426
12.0	4.5	1.1892281430574556
12.0	4.65	1.2235790844270085
12.0	4.8	1.2534186330365271
12.0	4.95	1.2695465229792857
12.0	5.1	1.300623211640874
12.0	5.25	1.3168757649330805
12.0	5.4	1.3581568448268753
12.0	5.55	1.3750970572609682
12.0	5.7	1.3910251981635202
12.0	5.85	1.4239556864911265
12.0	6.0	1.4335848263650655
12.0	6.15	1.4480413224109236
12.0	6.3	1.4798437349661455
12.5	0.0	0.027080948533891203
12.5	0.15	0.006791974503236986
12.5	0.3	0.019821224945970606
12.5	0.45	0.05235032529241934
12.5	0.6	0.06215977035367004
12.5	0.75	0.09873047710104466
12.5	0.9	0.12274423159694248
12.5	1.05	0.1667985205400493
12.5	1.2	0.1753420089311719
12.5	1.35	0.21293559677248908
12.5	1.5	0.25472218594142015
12.5	1.65	0.2801020040002924
12.5	1.8	0.345682840482211
12.5	1.95	0.3942502007517903
12.5	2.1	0.435250452107828
12.5	2.25	0.470990901482053
12.5	2.4	0.5170740637364273
12.5	2.55	0.5682114031689864
12.5	2.7	0.6262373618919042
12.5	2.85	0.6621604958330924
12.5	3.0	0.7056581627525502
12.5	3.15	0.7567217321553303
12.5	3.3	0.7823176732116988
12.5	3.45	0.8252367402047303
12.5	3.6	0.8757209696738708
12.5	3.75	0.9109425995859803
12.5	3.9	0.9618986694457559
12.5	4.05	1.0065669282977425
12.5	4.2	1.0322243745963018
12.5	4.35	1.0772726608616763
12.5	4.5	1.1016379253125521
12.5	4.65	1.1400999591013896
12.5	4.8	1.175140713163223
12.5	4.95	1.1929477928271028
12.5	5.1	1.2320821783072589
12.5	5.25	1.2499928391807122
12.5	5.4	1.2809392889734035
12.5	5.55	1.305143963764837
12.5	5.7	1.3408163766318122
12.5	5.85	1.3620308569249997
12.5	6.0	1.380719291412476
12.5	6.15	1.4091450336414004
12.5	6.3	1.4236777931073803
13.0	0.0	0.19731841086109636
13.0	0.15	0.20383471474152426
13.0	0.3	0.16378733596006256
13.0	0.45	0.15630082771036236
13.0	0.6	0.1408902606021467
13.0	0.75	0.11582604142111652
13.0	0.9	0.08555128272041568
13.0	1.05	0.06519200413001869
13.0	1.2	0.014031219293035413
13.0	1.35	0.03007983284202087
13.0	1.5	0.06613373023950686
13.0	1.65	0.1126336409415769
13.0	1.8	0.17183704819637935
13.0	1.95	0.20286172234219002
13.0	2.1	0.2829449631026253
13.0	2.25	0.3256608411849715
13.0	2.4	0.3832876704984902
13.0	2.55	0.41592663865517565
13.0	2.7	0.48920211465178953
13.0	2.85	0.5146343800480131
13.0	3.0	0.5879052985428306
13.0	3.15	0.6238946048071461
13.0	3.3	0.6828089287548424
13.0	3.45	0.7139752451296033
13.0	3.6	0.7706948331532755
13.0	3.75	0.817946339254676
13.0	3.9	0.8604131782462674
13.0	4.05	0.9025944524906793
13.0	4.2	0.9347946245595069
13.0	4.35	0.9841932658004717
13.0	4.5	1.0307876995801601
13.0	4.65	1.058951635520561
13.0	4.8	1.088869655626166
13.0	4.95	1.1190301952712223
13.0	5.1	1.166858920856646
13.0	5.25	1.1891747563152046
13.0	5.4	1.2182827825989344
13.0	5.55	1.2536956597637658
13.0	5.7	1.2780565622419484
13.0	5.85	1.3058173266299877
13.0	6.0	1.325444836281077
13.0	6.15	1.3470629279026674
13.0	6.3	1.3745331463822503
13.5	0.0	0.43984785985910957
13.5	0.15	0.42339617316291367
13.5	0.3	0.42854632911704016
13.5	0.45	0.4029886311002917
13.5	0.6	0.3782881277201682
13.5	0.75	0.3464188149153662
13.5	0.9	0.3270879801708988
13.5	1.05	0.25930088694004017
13.5	1.2	0.22862529269046306
13.5	1.35	0.18563579825571352
13.5	1.5	0.1273133995936817
13.5	1.65	0.07939776554437916
13.5	1.8	0.02691913812025959
13.5	1.95	0.03297104123538386
13.5	2.1	0.10164884572935762
13.5	2.25	0.1380386611698574
13.5	2.4	0.20149744130228076
13.5	2.55	0.2748092962178652
13.5	2.7	0.33553672214266594
13.5	2.85	0.3818461809653617
13.5	3.0	0.44786828521172906
13.5	3.15	0.5054574432405596
13.5	3.3	0.5619191308117961
13.5	3.45	0.6158335122292375
13.5	3.6	0.6547457311848301
13.5	3.75	0.7036233492031987
13.5	3.9	0.7493359615961355
13.5	4.05	0.8063636952452304
13.5	4.2	0.8497334687579663
13.5	4.35	0.8931974649944587
13.5	4.5	0.926906282705608
13.5	4.65	0.9742270237491111
13.5	4.8	1.023016396845152
13.5	4.95	1.053163330183727
13.5	5.1	1.0878133785828128
13.5	5.25	1.106364499035302
13.5	5.4	1.1495435429257546
13.5	5.55	1.1851681699944523
13.5	5.7	1.206254074560384
13.5	5.85	1.2400834305124495
13.5	6.0	1.2828538852957543
13.5	6.15	1.2993621671084354
13.5	6.3	1.3099719472565523
14.0	0.0	0.6879770524318394
14.0	0.15	0.6777587828159799
14.0	0.3	0.6744295934648612
14.0	0.45	0.6573360826948633
14.0	0.6	0.6381119708022815
14.0	0.75	0.5958952559449031
14.0	0.9	0.5625376300615974
14.0	1.05	0.5059866322998543
14.0	1.2	0.45972156136094977
14.0	1.35	0.4181074251428383
14.0	1.5	0.3421593790050883
14.0	1.65	0.2783872634194715
14.0	1.8	0.2321938274738855
14.0	1.95	0.14930673026468178
14.0	2.1	0.09227993112265853
14.0	2.25	0.009814006480484139
14.0	2.4	0.039601621889583605
14.0	2.55	0.09786004538364779
14.0	2.7	0.17574616753156924
14.0	2.85	0.23225033670892437
14.0	3.0	0.2953669442902487
14.0	3.15	0.3547605258179356
14.0	3.3	0.43290991567080095
14.0	3.45	0.4827086893584793
14.0	3.6	0.5417841254361755
14.0	3.75	0.6012805968317125
14.0	3.9	0.646645087723762
14.0	4.05	0.7017072100525712
14.0	4.2	0.7554840088301891
14.0	4.35	0.7963792070837501
14.0	4.5	0.8553097644786996
14.0	4.65	0.8925293454244625
14.0	4.8	0.9212844107204674
14.0	4.95	0.986242705979949
14.0	5.1	1.0077791153618803
14.0	5.25	1.0417278964922367
14.0	5.4	1.0843355212144723
14.0	5.55	1.1139517366207032
14.0	5.7	1.1563116440900312
14.0	5.85	1.173099802202148
14.0	6.0	1.2110480414434024
14.0	6.15	1.246264254002122
14.0	6.3	1.268868342649343
14.5	0.0	0.9529098876591906
14.5	0.15	0.9485395720085945
14.5	0.3	0.9580795131144031
14.5	0.45	0.9370524741188824
14.5	0.6	0.8948796823288863
14.5	0.75	0.8661112234770325
14.5	0.9	0.8196556987195214
14.5	1.05	0.7607280155793461
14.5	1.2	0.7039894148376007
14.5	1.35	0.6446789650655562
14.5	1.5	0.57272004267546
14.5	1.65	0.4956558109440987
14.5	1.8	0.4287211487485685
14.5	1.95	0.3636496989664648
14.5	2.1	0.27645587750123557
14.5	2.25	0.21324353113686811
14.5	2.4	0.13909509458476776
14.5	2.55	0.04966501817409963
14.5	2.7	0.01106068428583118
14.5	2.85	0.08753539219286832
14.5	3.0	0.15358014338968573
14.5	3.15	0.23141183521390873
14.5	3.3	0.3119521136524894
14.5	3.45	0.35494007563053254
14.5	3.6	0.41627438656840354
14.5	3.75	0.4772453859098058
14.5	3.9	0.5290359855878348
14.5	4.05	0.5942244161886552
14.5	4.2	0.652700858789415
14.5	4.35	0.7124991162558025
14.5	4.5	0.7555736502193802
14.5	4.65	0.8024107795399416
14.5	4.8	0.8522221295936538
14.5	4.95	0.8984128665516091
14.5	5.1	0.9267092355445263
14.5	5.25	0.989729655574676
14.5	5.4	1.0086100035792245
14.5	5.55	1.0412893662300657
14.5	5.7	1.0863475571897592
14.5	5.85	1.1084261280650338
14.5	6.0	1.1559033570629205
14.5	6.15	1.1946731776772332
14.5	6.3	1.215442799416048
15.0	0.0	1.2683955477341096
15.0	0.15	1.2504196853096463
15.0	0.3	1.2422983490617465
15.0	0.45	1.2420887553308368
15.0	0.6	1.168711949692617
15.0	0.75	1.1433557506753438
15.0	0.9	1.0764088158079392
15.0	1.05	1.0389606224123522
15.0	1.2	0.9446260748741766
15.0	1.35	0.8812882617777928
15.0	1.5	0.7984368028516533
15.0	1.65	0.7252986849860728
15.0	1.8	0.6701613404349169
15.0	1.95	0.5594625962937947
15.0	2.1	0.48562188735736633
15.0	2.25	0.4046336803252846
15.0	2.4	0.3215337012535491
15.0	2.55	0.23439608233207032
15.0	2.7	0.14347774386566314
15.0	2.85	0.06040110590337733
15.0	3.0	0.005665253249570235
15.0	3.15	0.08044106846481114
15.0	3.3	0.1632170820986012
15.0	3.45	0.2247522428476274
15.0	3.6	0.299919523435467
15.0	3.75	0.36546531909995483
15.0	3.9	0.42238454118688473
15.0	4.05	0.49462359085081964
15.0	4.2	0.5397372366872895
15.0	4.35	0.6031066367069648
15.0	4.5	0.6589186947432175
15.0	4.65	0.7079261409973938
15.0	4.8	0.7550252170095595
15.0	4.95	0.8062560201428863
15.0	5.1	0.8508566642218063
15.0	5.25	0.8992051598174626
15.0	5.4	0.9456093862492874
15.0	5.55	0.9672240577628428
15.0	5.7	1.0222694323031423
15.0	5.85	1.0518653892093628
15.0	6.0	1.0813348564673562
15.0	6.15	1.1221403973999426
15.0	6.3	1.15403479518501
15.5	0.0	1.6042779721730795
15.5	0.15	1.6012033086448598
15.5	0.3	1.570304536477952
15.5	0.45	1.5283376672877038
15.5	0.6	1.5012519728238702
15.5	0.75	1.4564750811878673
15.5	0.9	1.3839404209955335
15.5	1.05	1.3228308151185368
15.5	1.2	1.2335767754985705
15.5	1.35	1.1497011356215863
15.5	1.5	1.0574508759683177
15.5	1.65	0.968711459273174
15.5	1.8	0.8897678930502924
15.5	1.95	0.7904329163296726
15.5	2.1	0.698632593451924
15.5	2.25	0.5852613290097937
15.5	2.4	0.5002848462325638
15.5	2.55	0.4084457678845128
15.5	2.7	0.329642068546681
15.5	2.85	0.23781213393689882
15.5	3.0	0.15068912617780228
15.5	3.15	0.06948456863787023
15.5	3.3	0.010265035593442384
15.5	3.45	0.07847921117358503
15.5	3.6	0.16283853223941502
15.5	3.75	0.23737668780198629
15.5	3.9	0.3181827306187741
15.5	4.05	0.3723210303378992
15.5	4.2	0.43541889135324663
15.5	4.35	0.49266928386723663
15.5	4.5	0.5657210713717222
15.5	4.65	0.6146613588021408
15.5	4.8	0.6727102307145643
15.5	4.95	0.718181457391593
15.5	5.1	0.7766103309839023
15.5	5.25	0.8109200952768187
15.5	5.4	0.8714442761795267
15.5	5.55	0.9057892120051521
15.5	5.7	0.9396619055550559
15.5	5.85	0.9923246783667916
15.5	6.0	1.0412580263197442
15.5	6.15	1.063044173687877
15.5	6.3	1.0969211451763408
16.0	0.0	1.9426334425920775
16.0	0.15	1.9346126522209115
16.0	0.3	1.9163959892099172
16.0	0.45	1.868770953796142
16.0	0.6	1.828637691678293
16.0	0.75	1.7795482547677475
16.0	0.9	1.6882828484725785
16.0	1.05	1.6122242717348136
16.0	1.2	1.5164288112545945
16.0	1.35	1.4251280633269774
16.0	1.5	1.340713455232632
16.0	1.65	1.2432457328859838
16.0	1.8	1.122410280270234
16.0	1.95	1.0166866057701478
16.0	2.1	0.929601288764859
16.0	2.25	0.8113746187459769
16.0	2.4	0.7015378870461237
16.0	2.55	0.6009803989687788
16.0	2.7	0.5014741076223244
16.0	2.85	0.41142730517280324
16.0	3.0	0.30480174206705435
16.0	3.15	0.21715788895776633
16.0	3.3	0.1357931886315109
16.0	3.45	0.05721209153102347
16.0	3.6	0.037512288125401305
16.0	3.75	0.12666731978010493
16.0	3.9	0.1956948031391974
16.0	4.05	0.27054569654811145
16.0	4.2	0.3184682046153293
16.0	4.35	0.38789000673190754
16.0	4.5	0.46211397164249535
16.0	4.65	0.5206103772976096
16.0	4.8	0.5844461887074908
16.0	4.95	0.6438207356401597
16.0	5.1	0.6883724569014467
16.0	5.25	0.7388882616395929
16.0	5.4	0.796881432681543
16.0	5.55	0.8362453178026139
16.0	5.7	0.8663662054549008
16.0	5.85	0.9292621710610276
16.0	6.0	0.9666205728456103
16.0	6.15	0.9996272402557556
16.0	6.3	1.0539846747629196
16.5	0.0	2.322460249534208
16.5	0.15	2.3104182020209834
16.5	0.3	2.289570102153898
16.5	0.45	2.2312751172079546
16.5	0.6	2.207308857757793
16.5	0.75	2.0909891345991216
16.5	0.9	2.034756175907942
16.5	1.05	1.9513686545542672
16.5	1.2	1.8454581034911577
16.5	1.35	1.7072803938405574
16.5	1.5	1.587307521787105
16.5	1.65	1.4802983317998661
16.5	1.8	1.3906663161091046
16.5	1.95	1.262167694113864
16.5	2.1	1.1396307898735323
16.5	2.25	1.0124634687116307
16.5	2.4	0.9085535380206382
16.5	2.55	0.8013909204146357
16.5	2.7	0.7043914923316823
16.5	2.85	0.570465833728365
16.5	3.0	0.49690024508855757
16.5	3.15	0.3636732945834025
16.5	3.3	0.28171048772116425
16.5	3.45	0.2082555497156342
16.5	3.6	0.09189869414568008
16.5	3.75	0.005291298434396907
16.5	3.9	0.0691175918515663
16.5	4.05	0.1355686615381133
16.5	4.2	0.22300252063011516
16.5	4.35	0.281649205673399
16.5	4.5	0.36041007048664797
16.5	4.65	0.4256229953332782
16.5	4.8	0.47910615302031756
16.5	4.95	0.5507890903361128
16.5	5.1	0.6128589228520096
16.5	5.25	0.6557539413129061
16.5	5.4	0.701747105155647
16.5	5.55	0.7633929505872592
16.5	5.7	0.8178908935759268
16.5	5.85	0.8486042542992336
16.5	6.0	0.8915676051753585
16.5	6.15	0.947507998534959
16.5	6.3	0.9803397912161169
17.0	0.0	2.736107168567978
17.0	0.15	2.750453485107151
17.0	0.3	2.7065096999825373
17.0	0.45	2.6686227025924874
17.0	0.6	2.590029719729821
17.0	0.75	2.5073933399119497
17.0	0.9	2.3973435798512677
17.0	1.05	2.274266950637049
17.0	1.2	2.178027704321374
17.0	1.35	2.065727213948265
17.0	1.5	1.9298702627829467
17.0	1.65	1.789701015792434
17.0	1.8	1.64343651893725
17.0	1.95	1.5061313106043253
17.0	2.1	1.3775823979739084
17.0	2.25	1.2688804902226005
17.0	2.4	1.139037742895436
17.0	2.55	1.0242845572613195
17.0	2.7	0.8959162966467797
17.0	2.85	0.7672347715090471
17.0	3.0	0.6439227514092751
17.0	3.15	0.5424634142867788
17.0	3.3	0.4409138521235576
17.0	3.45	0.3320654582175804
17.0	3.6	0.24366882527479472
17.0	3.75	0.13472502427653676
17.0	3.9	0.049777229413073165
17.0	4.05	0.025983961607841444
17.0	4.2	0.11615136714917718
17.0	4.35	0.1917382212235017
17.0	4.5	0.2639881729153144
17.0	4.65	0.33299199669913326
17.0	4.8	0.39278806969624336
17.0	4.95	0.4573885068035284
17.0	5.1	0.518282321694437
17.0	5.25	0.5785444223332878
17.0	5.4	0.6431232290580939
17.0	5.55	0.7003312419220267
17.0	5.7	0.7409519657087715
17.0	5.85	0.7956846852772563
17.0	6.0	0.8430669751348936
17.0	6.15	0.8701006534108515
17.0	6.3	0.9230603434066369
17.5	0.0	3.2095914433034443
17.5	0.15	3.183112396117033
17.5	0.3	3.1755999354690108
17.5	0.45	3.082463978445791
17.5	0.6	2.9958371351114765
17.5	0.75	2.8952068155217123
17.5	0.9	2.810915569597676
17.5	1.05	2.6594650123709673
17.5	1.2	2.5237591317127714
17.5	1.35	2.3920826353103983
17.5	1.5	2.249537470194923
17.5	1.65	2.0988521587292297
17.5	1.8	1.9203059762617833
17.5	1.95	1.7979278404769161
17.5	2.1	1.634887867073405
17.5	2.25	1.503867703092661
17.5	2.4	1.3466348580485388
17.5	2.55	1.214642851585774
17.5	2.7	1.0688070595723564
17.5	2.85	0.9529213663759846
17.5	3.0	0.8200479760173582
17.5	3.15	0.7051868017560725
17.5	3.3	0.5988268941860442
17.5	3.45	0.49156503750276315
17.5	3.6	0.38108904785418396
17.5	3.75	0.2815828785004282
17.5	3.9	0.17852073670719548
17.5	4.05	0.11388897999050229
17.5	4.2	0.0013107470914457409
17.5	4.35	0.07224906150278532
17.5	4.5	0.15134550452304119
17.5	4.65	0.22588667395630724
17.5	4.8	0.2984282661809772
17.5	4.95	0.36958248820544304
17.5	5.1	0.447680898644379
17.5	5.25	0.49674237579593905
17.5	5.4	0.5452671985383457
17.5	5.55	0.6057498951405842
17.5	5.7	0.6810774506620452
17.5	5.85	0.7124750516937652
17.5	6.0	0.7582611145620715
17.5	6.15	0.8168778598557922
17.5	6.3	0.8643705605053387
18.0	0.0	3.692959932637897
18.0	0.15	3.658202385722931
18.0	0.3	3.6253944037138286
18.0	0.45	3.5823983475102263
18.0	0.6	3.4583313667245505
18.0	0.75	3.362704107431929
18.0	0.9	3.233325136513508
18.0	1.05	3.0703845442531046
18.0	1.2	2.916784876367098
18.0	1.35	2.769754226337927
18.0	1.5	2.60458956235661
18.0	1.65	2.427885024035186
18.0	1.8	2.238938618570768
18.0	1.95	2.0820443979374437
18.0	2.1	1.9132648345926029
18.0	2.25	1.7225225983159351
18.0	2.4	1.5953832658823233
18.0	2.55	1.4504044458011291
18.0	2.7	1.2994678159203374
18.0	2.85	1.130087328805998
18.0	3.0	1.0071199881393733
18.0	3.15	0.8810232179370576
18.0	3.3	0.7513001684519374
18.0	3.45	0.6333597579341843
18.0	3.6	0.5342250508052349
18.0	3.75	0.41883977297154207
18.0	3.9	0.3131456417204541
18.0	4.05	0.20540201147857395
18.0	4.2	0.12166126025402946
18.0	4.35	0.0536363747711599
18.0	4.5	0.04243183752395829
18.0	4.65	0.1171162521221012
18.0	4.8	0.20533688954706086
18.0	4.95	0.2733093970120106
18.0	5.1	0.35852949581987703
18.0	5.25	0.4259112026423413
18.0	5.4	0.4870078048808759
18.0	5.55	0.5300874349102416
18.0	5.7	0.5917007906689862
18.0	5.85	0.652828345574683
18.0	6.0	0.6876112680252695
18.0	6.15	0.7477239433654965
18.0	6.3	0.7897144310971997
18.5	0.0	4.247707544234606
18.5	0.15	4.211209588241934
18.5	0.3	4.182820538437756
18.5	0.45	4.088583690915732
18.5	0.6	3.9901039260560687
18.5	0.75	3.825193322128454
18.5	0.9	3.6908863210526803
18.5	1.05	3.5053375665197493
18.5	1.2	3.341119029728433
18.5	1.35	3.1278710833720673
18.5	1.5	2.930572886681082
18.5	1.65	2.7435314450233257
18.5	1.8	2.5481807236296765
18.5	1.95	2.3616756595811346
18.5	2.1	2.1680468382475757
18.5	2.25	2.0003302405683954
18.5	2.4	1.8307881327721898
18.5	2.55	1.6723890075854415
18.5	2.7	1.5021395278309528
18.5	2.85	1.3586952723121897
18.5	3.0	1.1801866646814858
18.5	3.15	1.0528820945735644
18.5	3.3	0.911680109029489
18.5	3.45	0.8009483204940802
18.5	3.6	0.6824417755911885
18.5	3.75	0.5329191730115799
18.5	3.9	0.451601119177214
18.5	4.05	0.33708757930893807
18.5	4.2	0.23237329365430703
18.5	4.35	0.1727795734821873
18.5	4.5	0.05317290496855609
18.5	4.65	0.02872098585413596
18.5	4.8	0.1085925626853621
18.5	4.95	0.17533846981442736
18.5	5.1	0.26981315282885676
18.5	5.25	0.33022160714883064
18.5	5.4	0.3927749313502158
18.5	5.55	0.4497166565361357
18.5	5.7	0.5314168163187101
18.5	5.85	0.5849406094713312
18.5	6.0	0.6358625084064959
18.5	6.15	0.6918608728288489
18.5	6.3	0.7227700331139042
19.0	0.0	4.850763108967506
19.0	0.15	4.805661406418107
19.0	0.3	4.756094742097103
19.0	0.45	4.684030902394527
19.0	0.6	4.535529176324641
19.0	0.75	4.3713989247118334
19.0	0.9	4.206643382468794
19.0	1.05	3.977611161999338
19.0	1.2	3.744375740121046
19.0	1.35	3.562661485801849
19.0	1.5	3.3254889745041893
19.0	1.65	3.088961993285694
19.0	1.8	2.8733997069779784
19.0	1.95	2.672449578265736
19.0	2.1	2.4728448563602248
19.0	2.25	2.2781868400816077
19.0	2.4	2.066618661192239
19.0	2.55	1.8843092519865916
19.0	2.7	1.7013050304869095
19.0	2.85	1.5325579395052733
19.0	3.0	1.380188797580753
19.0	3.15	1.2368723143642235
19.0	3.3	1.0795396284247447
19.0	3.45	0.9495126358818293
19.0	3.6	0.8047048428956449
19.0	3.75	0.68655526567942
19.0	3.9	0.5861370723306996
19.0	4.05	0.4603864878034356
19.0	4.2	0.3550587949040702
19.0	4.35	0.25494292238316163
19.0	4.5	0.16549256899300246
19.0	4.65	0.06800481270718706
19.0	4.8	0.014546965601767603
19.0	4.95	0.09222865382559675
19.0	5.1	0.1584805680174819
19.0	5.25	0.24550766266335478
19.0	5.4	0.3142880778737007
19.0	5.55	0.3767024526670464
19.0	5.7	0.4514252087032964
19.0	5.85	0.5065669714986019
19.0	6.0	0.5697548050910521
19.0	6.15	0.6102868672044668
19.0	6.3	0.6772299128466335
19.5	0.0	5.560527742712235
19.5	0.15	5.4922525177179455
19.5	0.3	5.4391596995893075
19.5	0.45	5.332309622154522
19.5	0.6	5.128731128711147
19.5	0.75	4.9401124665846545
19.5	0.9	4.740015545101842
19.5	1.05	4.464631406682056
19.5	1.2	4.221403769462356
19.5	1.35	4.008158460579674
19.5	1.5	3.7130473602542686
19.5	1.65	3.4583721487466264
19.5	1.8	3.23225886681119
19.5	1.95	2.980218678033653
19.5	2.1	2.7598344864328386
19.5	2.25	2.5339357109546006
19.5	2.4	2.3208110940939983
19.5	2.55	2.1081106644166843
19.5	2.7	1.8999884837732877
19.5	2.85	1.7205197767170226
19.5	3.0	1.5741073866131838
19.5	3.15	1.4224814786421112
19.5	3.3	1.2298785318082182
19.5	3.45	1.0990246855765005
19.5	3.6	0.964533010438033
19.5	3.75	0.8307510655659076
19.5	3.9	0.7042096573752339
19.5	4.05	0.6119197549574391
19.5	4.2	0.4746055258013291
19.5	4.35	0.36338543752823504
19.5	4.5	0.28976798610256704
19.5	4.65	0.17881270743747812
19.5	4.8	0.08758405059252272
19.5	4.95	0.0052901678825483245
19.5	5.1	0.08640944022157537
19.5	5.25	0.16679358433047753
19.5	5.4	0.23936315258259633
19.5	5.55	0.2977223169574512
19.5	5.7	0.37656798509114875
19.5	5.85	0.41640360864869175
19.5	6.0	0.49539561438117374
19.5	6.15	0.5435313945433484
19.5	6.3	0.6116045029586323
20.0	0.0	6.322757915790893
20.0	0.15	6.344041038388392
20.0	0.3	6.170245235069384
20.0	0.45	6.0197039450783265
20.0	0.6	5.822775649949003
20.0	0.75	5.593290453663242
20.0	0.9	5.253452742375577
20.0	1.05	5.0582189427859685
20.0	1.2	4.6996563616471665
20.0	1.35	4.433593414327879
20.0	1.5	4.139140000308773
20.0	1.65	3.821687060055991
20.0	1.8	3.5805925267761705
20.0	1.95	3.297882178125393
20.0	2.1	3.057629900325902
20.0	2.25	2.8040612509162237
20.0	2.4	2.567218086046851
20.0	2.55	2.3554769718097432
20.0	2.7	2.1523013400121798
20.0	2.85	1.9429353858356464
20.0	3.0	1.7486189299470825
20.0	3.15	1.5752443228556823
20.0	3.3	1.4053187975059647
20.0	3.45	1.2657123413716427
20.0	3.6	1.114198966623051
20.0	3.75	0.9726326894705188
20.0	3.9	0.8196560454091584
20.0	4.05	0.7373534801635246
20.0	4.2	0.5985324095484668
20.0	4.35	0.4793776715376419
20.0	4.5	0.3696343646785465
20.0	4.65	0.27791169117968995
20.0	4.8	0.18577348610440492
20.0	4.95	0.09359418086050297
20.0	5.1	0.02481503627553927
20.0	5.25	0.08180234573898737
20.0	5.4	0.16322732756057956
20.0	5.55	0.22236715284259123
20.0	5.7	0.30177487119347957
20.0	5.85	0.36042423339311025
20.0	6.0	0.4224975028273663
20.0	6.15	0.4859625945335915
20.0	6.3	0.5437912473851663
20.5	0.0	7.224496631629597
20.5	0.15	7.131309842924193
20.5	0.3	7.011395501228664
20.5	0.45	6.843162766716439
20.5	0.6	6.568347638791934
20.5	0.75	6.290524070043206
20.5	0.9	5.953188856130781
20.5	1.05	5.599879109441989
20.5	1.2	5.27093798040074
20.5	1.35	4.88332820150929
20.5	1.5	4.573470243093118
20.5	1.65	4.256081499735782
20.5	1.8	3.903003181456617
20.5	1.95	3.607046222687541
20.5	2.1	3.3485512290838537
20.5	2.25	3.0837554196616344
20.5	2.4	2.807744858354301
20.5	2.55	2.585413512412585
20.5	2.7	2.3379920863512247
20.5	2.85	2.1543569812388483
20.5	3.0	1.9340052761751174
20.5	3.15	1.7471990504960528
20.5	3.3	1.578186229754956
20.5	3.45	1.405134500887388
20.5	3.6	1.258571449212564
20.5	3.75	1.1197590555158303
20.5	3.9	0.9745761297284812
20.5	4.05	0.8416409287450923
20.5	4.2	0.7344794357066862
20.5	4.35	0.5919879480249497
20.5	4.5	0.4949176526640411
20.5	4.65	0.3703368075125839
20.5	4.8	0.2828029555975542
20.5	4.95	0.18080828472282295
20.5	5.1	0.08465644135712758
20.5	5.25	0.0028733322352758606
20.5	5.4	0.059321369258277024
20.5	5.55	0.13689688088095942
20.5	5.7	0.22520373104586655
20.5	5.85	0.29247828520865005
20.5	6.0	0.3614617325684111
20.5	6.15	0.4219242969404777
20.5	6.3	0.47033221966490224
21.0	0.0	8.221980896590086
21.0	0.15	8.124373142675152
21.0	0.3	7.97362340491374
21.0	0.45	7.727838664543237
21.0	0.6	7.407706286724034
21.0	0.75	6.9956139788155856
21.0	0.9	6.599108966316939
21.0	1.05	6.151878809272469
21.0	1.2	5.826501599012808
21.0	1.35	5.3610018784606215
21.0	1.5	5.033319934444066
21.0	1.65	4.630953980342436
21.0	1.8	4.28744072308581
21.0	1.95	3.9374651829070437
21.0	2.1	3.639763764198827
21.0	2.25	3.3372729676292714
21.0	2.4	3.0761048367465413
21.0	2.55	2.811976053708019
21.0	2.7	2.5613018192784507
21.0	2.85	2.352734895541598
21.0	3.0	2.1350148892700362
21.0	3.15	1.9379459695705394
21.0	3.3	1.7412109942074814
21.0	3.45	1.5573242817315327
21.0	3.6	1.402662701161705
21.0	3.75	1.220809841200106
21.0	3.9	1.103555268430208
21.0	4.05	0.9756849353239616
21.0	4.2	0.8272443584104394
21.0	4.35	0.7059782425672845
21.0	4.5	0.5852607518078399
21.0	4.65	0.5075818227542435
21.0	4.8	0.3818893294586774
21.0	4.95	0.2807951788204255
21.0	5.1	0.18281394988288735
21.0	5.25	0.1030046673374363
21.0	5.4	0.02308365000664292
21.0	5.55	0.06716730793170989
21.0	5.7	0.1480967804845923
21.0	5.85	0.22384785918993533
21.0	6.0	0.2864580742654792
21.0	6.15	0.3458210293392532
21.0	6.3	0.4292547843574721
