Inf
21.34301851248181
10.771234312823971
7.281904834369885
5.5736172097382175
4.5768875727801
3.927420414528484
3.4662796769104354
3.088586104048705
2.8680759518490944
2.6731147999608513
2.5609111605902712
2.450255092351536
2.3424164583408515
2.288899032718502
2.239513231104398
2.198956968161259
2.2015838540510675
2.195750616573668
2.1692898194776533
2.1638722713437963
2.182567102139164
2.193543447967875
2.2133914756890216
2.2403392253617307
2.2710686886128104
2.2948731933936353
2.3303715241257157
